0.000000000000000000e+00 8.859600885960089434e-02 1.073310107331010843e-01 1.913400191340019485e-01 8.780952878095288128e+00 8.781540878154089569e+00 8.781948878194889119e+00
1.522842639593902092e-02 1.769310176931017942e-01 2.149500214950021693e-01 3.823230382323038468e-01 8.776032877603288540e+00 8.778366877836687010e+00 8.779959877995988649e+00
3.045685279187793082e-02 2.647440264744026495e-01 3.231240323124032754e-01 5.725950572595057686e-01 8.767926876792689228e+00 8.773095877309589952e+00 8.776539877653990018e+00
4.568527918781695174e-02 3.517860351786035733e-01 4.320840432084043226e-01 7.618020761802076768e-01 8.756772875677288681e+00 8.765772876577289097e+00 8.771544877154488162e+00
6.091370558375597266e-02 4.378170437817044403e-01 5.420250542025054630e-01 9.495900949590095896e-01 8.742762874276289509e+00 8.756445875644589094e+00 8.764779876477987841e+00
7.614213197969488256e-02 5.226150522615052862e-01 6.530670653067065512e-01 1.135611113561111551e+00 8.726136872613688311e+00 8.745180874518087677e+00 8.755992875599288183e+00
9.137055837563390348e-02 6.059790605979061828e-01 7.652670765267077790e-01 1.319520131952013342e+00 8.707173870717388908e+00 8.732052873205288890e+00 8.744907874490788657e+00
1.065989847715729244e-01 6.877290687729069596e-01 8.786010878601088203e-01 1.500981150098115169e+00 8.686200868620089111e+00 8.717157871715789597e+00 8.731209873120988618e+00
1.218274111675118343e-01 7.677060767706077593e-01 9.929730992973100356e-01 1.679658167965816906e+00 8.663565866356588430e+00 8.700585870058587190e+00 8.714571871457188479e+00
1.370558375634508552e-01 8.457870845787085479e-01 1.108194110819411105e+00 1.855233185523318618e+00 8.639652863965288532e+00 8.682444868244488134e+00 8.694654869465487934e+00
1.522842639593898761e-01 9.218670921867092583e-01 1.224003122400312282e+00 2.027403202740320598e+00 8.614854861485488513e+00 8.662854866285487176e+00 8.671116867111686943e+00
1.675126903553287860e-01 9.958830995883101167e-01 1.340070134007013358e+00 2.195871219587122170e+00 8.589570858957086941e+00 8.641926864192688740e+00 8.643642864364286638e+00
1.827411167512678070e-01 1.067787106778710804e+00 1.455987145598714561e+00 2.360370236037023783e+00 8.564208856420885141e+00 8.611923861192387619e+00 8.619789861978986778e+00
1.979695431472068279e-01 1.137576113757611473e+00 1.571295157129515951e+00 2.520654252065425371e+00 8.539161853916185763e+00 8.575695857569586522e+00 8.596560859656086961e+00
2.131979695431457378e-01 1.205262120526212177e+00 1.685484168548416983e+00 2.676504267650427149e+00 8.514795851479586730e+00 8.534730853473085688e+00 8.572374857237486268e+00
2.284263959390847587e-01 1.270893127089312902e+00 1.798011179801118242e+00 2.827737282773728822e+00 8.488851848885186513e+00 8.491461849146185514e+00 8.547348854734886814e+00
2.436548223350236686e-01 1.334529133452913463e+00 1.908303190830319407e+00 2.974203297420330294e+00 8.437935843793585633e+00 8.469462846946285595e+00 8.521608852160886372e+00
2.588832487309626895e-01 1.396257139625713961e+00 2.015781201578120463e+00 3.115797311579731499e+00 8.381925838192584521e+00 8.449059844905985273e+00 8.495277849527786529e+00
2.741116751269017104e-01 1.456179145617914727e+00 2.119860211986021703e+00 3.252459325245932842e+00 8.320821832082184955e+00 8.430465843046583529e+00 8.468472846847285851e+00
2.893401015228408424e-01 1.514403151440315343e+00 2.219973221997322277e+00 3.384171338417134134e+00 8.254704825470483343e+00 8.413827841382785167e+00 8.441301844130185472e+00
3.045685279187799743e-01 1.571043157104315746e+00 2.315583231558323352e+00 3.510969351096935753e+00 8.183712818371281728e+00 8.399235839923584024e+00 8.413878841387885998e+00
3.197969543147191063e-01 1.626216162621616501e+00 2.406192240619224432e+00 3.632940363294036690e+00 8.108055810805582908e+00 8.386308838630885276e+00 8.386722838672284297e+00
3.350253807106581272e-01 1.680027168002717008e+00 2.491359249135924880e+00 3.750216375021637738e+00 8.028018802801881293e+00 8.358684835868483987e+00 8.376252837625283831e+00
3.502538071065972591e-01 1.732572173257217463e+00 2.570712257071225970e+00 3.862977386297738569e+00 7.943937794393781004e+00 8.331108833110883793e+00 8.367732836773283722e+00
3.654822335025363911e-01 1.783932178393218049e+00 2.643957264395726980e+00 3.971445397144539591e+00 7.856217785621779193e+00 8.303667830366784131e+00 8.361015836101584497e+00
3.807106598984755230e-01 1.834158183415818488e+00 2.710896271089627607e+00 4.075881407588140881e+00 7.765308776530877921e+00 8.276451827645184167e+00 8.355906835590683812e+00
3.959390862944146550e-01 1.883283188328318980e+00 2.771427277142727963e+00 4.176582417658242008e+00 7.671711767171177421e+00 8.249538824953884131e+00 8.352174835217484272e+00
4.111675126903536759e-01 1.931310193131019481e+00 2.825556282555628407e+00 4.273860427386042993e+00 7.575963757596376524e+00 8.223012822301281943e+00 8.349555834955584288e+00
4.263959390862928078e-01 1.978209197820919751e+00 2.873409287340928930e+00 4.368051436805143517e+00 7.478640747864075955e+00 8.196951819695183161e+00 8.347764834776484122e+00
4.416243654822319398e-01 2.023917202391720238e+00 2.915217291521729592e+00 4.459500445950045133e+00 7.380333738033374225e+00 8.171427817142783212e+00 8.346513834651384300e+00
4.568527918781710717e-01 2.068344206834420884e+00 2.951313295131329895e+00 4.548555454855546465e+00 7.281660728166073682e+00 8.146521814652182059e+00 8.345508834550884103e+00
4.720812182741100926e-01 2.111364211136421254e+00 2.982135298213530294e+00 4.635555463555546929e+00 7.183254718325472687e+00 8.122299812229980986e+00 8.344467834446785304e+00
4.873096446700492246e-01 2.152830215283021431e+00 3.008193300819330229e+00 4.720836472083647983e+00 7.085754708575471739e+00 8.098836809883682264e+00 8.343123834312384801e+00
5.025380710659883565e-01 2.192565219256521925e+00 3.030048303004830412e+00 4.804710480471048761e+00 6.989826698982670727e+00 8.076201807620181583e+00 8.341236834123684218e+00
5.177664974619274885e-01 2.230374223037422610e+00 3.048285304828530773e+00 4.887468488746849360e+00 6.896142689614269905e+00 8.054463805446381741e+00 8.338593833859384574e+00
5.329949238578666204e-01 2.266044226604423173e+00 3.063468306346830872e+00 4.969377496937750216e+00 6.805398680539868295e+00 8.033682803368281000e+00 8.335017833501785489e+00
5.482233502538057524e-01 2.299359229935923565e+00 3.076101307610131119e+00 5.050674505067450859e+00 6.718323671832367339e+00 8.013930801393080117e+00 8.330358833035884203e+00
5.634517766497447733e-01 2.330094233009423199e+00 3.086583308658330971e+00 5.131563513156351952e+00 6.635670663567067251e+00 7.995258799525880811e+00 8.324511832451184645e+00
5.786802030456839052e-01 2.358024235802424151e+00 3.095160309516031383e+00 5.212218521221852363e+00 6.558237655823766055e+00 7.977723797772380721e+00 8.317398831739884812e+00
5.939086294416230372e-01 2.382936238293624331e+00 3.101907310190731515e+00 5.292768529276853151e+00 6.486864648686466062e+00 7.961376796137681566e+00 8.308980830898084591e+00
6.091370558375621691e-01 2.404632240463224324e+00 3.106680310668031186e+00 5.373318537331854827e+00 6.422418642241865427e+00 7.946253794625379285e+00 8.299245829924583262e+00
6.243654822335013010e-01 2.422935242293524638e+00 3.109134310913431509e+00 5.453928545392854765e+00 6.365787636578764896e+00 7.932390793239080473e+00 8.288208828820883056e+00
6.395939086294404330e-01 2.437692243769224554e+00 3.108729310872931695e+00 5.534622553462256178e+00 6.317844631784463871e+00 7.919811791981179461e+00 8.275905827590582575e+00
6.548223350253796760e-01 2.448786244878624618e+00 3.104760310476031293e+00 5.615388561538856571e+00 6.279408627940863852e+00 7.908528790852879631e+00 8.262396826239683634e+00
6.700507614213186969e-01 2.456139245613925048e+00 3.096450309645031318e+00 5.696178569617857512e+00 6.251184625118463956e+00 7.898544789854480719e+00 8.247750824775083700e+00
6.852791878172577178e-01 2.459709245970925107e+00 3.082998308299830903e+00 5.776908577690858415e+00 6.233709623370963016e+00 7.889847788984778454e+00 8.232048823204882737e+00
7.005076142131968497e-01 2.459508245950824623e+00 3.063693306369330571e+00 5.857467585746759298e+00 6.227271622727163169e+00 7.882413788241379393e+00 8.215377821537781955e+00
7.157360406091359817e-01 2.455599245559925148e+00 3.037983303798330592e+00 5.937699593769960593e+00 6.231864623186463170e+00 7.876209787620979341e+00 8.197824819782482564e+00
7.309644670050752246e-01 2.448096244809624622e+00 3.005544300554430226e+00 6.017427601742761034e+00 6.247158624715862807e+00 7.871178787117878883e+00 8.179482817948283468e+00
7.461928934010142456e-01 2.437176243717624313e+00 2.966331296633129888e+00 6.096435609643561016e+00 6.272496627249663170e+00 7.867266786726680117e+00 8.160432816043282855e+00
7.461928934010142456e-01 2.437176243717624313e+00 2.966331296633129888e+00 6.096435609643561016e+00 6.272496627249663170e+00 7.867266786726680117e+00 8.160432816043282855e+00
7.512690355329940672e-01 2.432811243281124636e+00 2.951784295178429662e+00 6.122574612257461801e+00 6.283014628301462956e+00 7.866195786619579522e+00 8.153940815394081554e+00
7.563451776649736669e-01 2.428104242810424473e+00 2.936526293652629960e+00 6.148593614859362511e+00 6.294501629450163449e+00 7.865238786523879533e+00 8.147382814738282519e+00
7.614213197969534885e-01 2.423064242306424365e+00 2.920569292056929278e+00 6.174489617448962520e+00 6.306912630691264177e+00 7.864389786438979790e+00 8.140764814076481670e+00
7.664974619289330882e-01 2.417700241770024405e+00 2.903940290394029233e+00 6.200247620024763151e+00 6.320193632019363683e+00 7.863648786364879406e+00 8.134083813408382824e+00
7.715736040609129098e-01 2.412027241202724159e+00 2.886660288666028862e+00 6.225858622585863422e+00 6.334299633429964160e+00 7.863009786300979798e+00 8.127348812734883410e+00
7.766497461928926205e-01 2.406054240605424610e+00 2.868759286875929071e+00 6.251310625131063503e+00 6.349176634917664153e+00 7.862469786246978565e+00 8.120559812055981652e+00
7.817258883248723311e-01 2.399802239980223906e+00 2.850264285026428812e+00 6.276594627659463299e+00 6.364770636477063981e+00 7.862022786202279789e+00 8.113719811371980839e+00
7.868020304568520418e-01 2.393280239328023917e+00 2.831208283120828284e+00 6.301698630169863868e+00 6.381024638102464230e+00 7.861671786167179654e+00 8.106834810683482218e+00
7.918781725888317524e-01 2.386503238650324210e+00 2.811627281162728309e+00 6.326607632660763869e+00 6.397881639788164598e+00 7.861404786140480105e+00 8.099904809990482235e+00
7.969543147208114631e-01 2.379489237948924085e+00 2.791557279155728377e+00 6.351312635131264095e+00 6.415284641528464782e+00 7.861221786122180255e+00 8.092935809293582139e+00
8.020304568527911737e-01 2.372253237225323996e+00 2.771037277103728158e+00 6.375795637579564357e+00 6.433170643317065007e+00 7.861119786111979479e+00 8.085927808592780153e+00
8.071065989847708844e-01 2.364813236481324132e+00 2.750106275010627765e+00 6.400047640004764560e+00 6.451485645148564707e+00 7.861092786109280084e+00 8.078889807888980812e+00
8.121827411167505950e-01 2.357187235718723795e+00 2.728806272880627493e+00 6.424053642405365139e+00 6.470169647016965619e+00 7.861137786113778780e+00 8.071824807182480299e+00
8.172588832487303057e-01 2.349393234939324060e+00 2.707185270718527548e+00 6.447801644780165375e+00 6.489159648915965306e+00 7.861248786124879651e+00 8.064732806473282167e+00
8.223350253807100163e-01 2.341452234145223521e+00 2.685279268527926977e+00 6.471270647127065345e+00 6.508398650839865240e+00 7.861422786142278518e+00 8.057619805761982335e+00
8.274111675126897270e-01 2.333382233338223255e+00 2.663142266314226791e+00 6.494451649445164954e+00 6.527826652782666272e+00 7.861653786165378577e+00 8.050494805049481783e+00
8.324873096446694376e-01 2.325201232520123451e+00 2.640819264081926576e+00 6.517329651732966411e+00 6.547386654738665435e+00 7.861941786194179826e+00 8.043357804335780514e+00
8.375634517766491483e-01 2.316933231693323325e+00 2.618358261835826539e+00 6.539883653988366241e+00 6.567021656702165977e+00 7.862277786227779508e+00 8.036217803621781286e+00
8.426395939086288589e-01 2.308599230859923246e+00 2.595807259580726001e+00 6.562101656210166389e+00 6.586674658667466709e+00 7.862658786265878774e+00 8.029080802908081793e+00
8.477157360406085695e-01 2.300217230021723402e+00 2.573220257322025972e+00 6.583962658396266043e+00 6.606288660628866438e+00 7.863081786308180554e+00 8.021949802194981771e+00
8.527918781725882802e-01 2.291814229181423190e+00 2.550645255064525774e+00 6.605448660544866790e+00 6.625809662580966375e+00 7.863540786354079160e+00 8.014836801483681938e+00
8.578680203045679908e-01 2.283408228340823243e+00 2.528136252813625529e+00 6.626547662654766135e+00 6.645186664518667463e+00 7.864032786403280184e+00 8.007744800774480254e+00
8.629441624365477015e-01 2.275026227502622955e+00 2.505744250574425180e+00 6.647232664723267348e+00 6.664368666436867095e+00 7.864554786455478563e+00 8.000685800068580988e+00
8.680203045685274121e-01 2.266683226668322781e+00 2.483523248352324853e+00 6.667488666748867310e+00 6.683301668330167367e+00 7.865097786509778643e+00 7.993668799366880684e+00
8.730964467005071228e-01 2.258412225841222920e+00 2.461527246152724668e+00 6.687294668729466984e+00 6.701937670193767183e+00 7.865661786566178648e+00 7.986702798670281211e+00
8.781725888324868334e-01 2.250228225022822492e+00 2.439810243981024751e+00 6.706629670662968223e+00 6.720231672023167846e+00 7.866240786624079995e+00 7.979799797979979736e+00
8.832487309644665441e-01 2.242158224215822671e+00 2.418426241842624336e+00 6.725472672547267550e+00 6.738135673813568260e+00 7.866828786682879660e+00 7.972968797296880794e+00
8.883248730964462547e-01 2.234223223422322935e+00 2.397429239742923990e+00 6.743796674379668232e+00 6.755607675560768577e+00 7.867425786742579419e+00 7.966224796622480397e+00
8.934010152284259654e-01 2.226444222644422322e+00 2.376873237687324281e+00 6.761580676158068570e+00 6.772602677260268322e+00 7.868028786802879537e+00 7.959582795958279888e+00
8.984771573604056760e-01 2.218851221885122182e+00 2.356815235681523735e+00 6.778803677880368639e+00 6.789081678908168271e+00 7.868628786862879032e+00 7.953054795305480873e+00
9.035532994923853867e-01 2.211459221145922527e+00 2.337309233730923808e+00 6.795435679543568419e+00 6.805005680500568310e+00 7.869225786922579680e+00 7.946658794665879988e+00
9.086294416243652083e-01 2.204292220429222127e+00 2.318406231840623111e+00 6.811455681145568875e+00 6.820338682033868949e+00 7.869813786981378456e+00 7.940409794040979463e+00
9.137055837563448080e-01 2.197374219737422418e+00 2.300160230016023100e+00 6.826833682683369098e+00 6.835041683504169185e+00 7.870392787039279803e+00 7.934328793432880111e+00
9.187817258883246296e-01 2.190726219072621994e+00 2.282625228262523009e+00 6.841542684154268805e+00 6.849087684908768736e+00 7.870956787095679807e+00 7.928430792843080610e+00
9.238578680203042293e-01 2.184363218436322196e+00 2.265855226585522519e+00 6.855555685555568601e+00 6.862437686243769264e+00 7.871502787150279623e+00 7.922736792273680884e+00
9.289340101522840509e-01 2.178312217831221975e+00 2.249895224989522546e+00 6.868842686884269355e+00 6.875067687506769332e+00 7.872027787202778626e+00 7.917264791726479345e+00
9.340101522842637616e-01 2.172588217258822230e+00 2.234796223479622590e+00 6.881379688137969630e+00 6.886947688694769809e+00 7.872528787252879745e+00 7.912041791204178942e+00
9.390862944162434722e-01 2.167206216720622081e+00 2.220603222060322235e+00 6.893136689313669407e+00 6.898053689805370148e+00 7.873005787300578540e+00 7.907085790708579864e+00
9.441624365482231829e-01 2.162190216219021632e+00 2.207364220736422133e+00 6.904083690408369556e+00 6.908358690835870064e+00 7.873452787345279091e+00 7.902420790242079107e+00
9.492385786802028935e-01 2.157555215755521782e+00 2.195124219512422314e+00 6.914190691419070056e+00 6.917841691784169633e+00 7.873869787386980512e+00 7.898067789806779260e+00
9.543147208121826042e-01 2.153310215331021737e+00 2.183916218391622088e+00 6.923433692343370360e+00 6.926481692648169819e+00 7.874253787425379514e+00 7.894047789404780247e+00
9.593908629441623148e-01 2.149476214947621422e+00 2.173782217378222192e+00 6.931785693178570185e+00 6.934263693426370168e+00 7.874604787460479649e+00 7.890381789038179328e+00
9.644670050761420255e-01 2.146062214606221374e+00 2.164755216475521937e+00 6.939222693922269869e+00 6.941166694116669866e+00 7.874916787491680559e+00 7.887093788709379716e+00
9.695431472081217361e-01 2.143080214308021869e+00 2.156868215686821966e+00 6.945717694571770018e+00 6.947178694717869973e+00 7.875189787518979578e+00 7.884198788419880088e+00
9.746192893401014468e-01 2.140539214053921668e+00 2.150145215014521494e+00 6.951255695125570178e+00 6.952287695228769770e+00 7.875423787542379372e+00 7.881717788171780370e+00
9.796954314720811574e-01 2.138448213844821311e+00 2.144613214461321693e+00 6.955809695580970065e+00 6.956481695648170316e+00 7.875615787561580206e+00 7.879665787966580126e+00
9.847715736040608681e-01 2.136813213681321155e+00 2.140290214029021865e+00 6.959370695937070472e+00 6.959754695975470362e+00 7.875765787576580301e+00 7.878054787805480075e+00
9.898477157360405787e-01 2.135643213564321741e+00 2.137191213719121574e+00 6.961923696192370059e+00 6.962094696209470079e+00 7.875873787587380548e+00 7.876893787689380311e+00
9.949238578680202894e-01 2.134938213493821291e+00 2.135325213532521360e+00 6.963459696345970507e+00 6.963501696350170356e+00 7.875939787593979169e+00 7.876194787619479776e+00
1.000000000000000000e+00 2.134704213470421497e+00 2.134704213470421497e+00 6.963972696397269679e+00 6.963972696397269679e+00 7.875960787596079093e+00 7.875960787596079093e+00
