0.000000000000000000e+00 0.000000000000000000e+00 0.000000000000000000e+00 0.000000000000000000e+00 8.782602878260288293e+00 8.782602878260288293e+00 8.782602878260288293e+00
1.000000000000000021e-02 3.888600388860039003e-02 3.888600388860039003e-02 7.942800794280080456e-02 8.782392878239289047e+00 8.782392878239289047e+00 8.782461878246188292e+00
2.000000000000000042e-02 7.775400777540078523e-02 7.775400777540078523e-02 1.588530158853015961e-01 8.781765878176589268e+00 8.781765878176589268e+00 8.782038878203888288e+00
2.999999999999999889e-02 1.165770116577011795e-01 1.165770116577011795e-01 2.382840238284024137e-01 8.780718878071889222e+00 8.780718878071889222e+00 8.781330878133088547e+00
4.000000000000000083e-02 1.553370155337015779e-01 1.553370155337015779e-01 3.177180317718032443e-01 8.779254877925488643e+00 8.779254877925488643e+00 8.780334878033487556e+00
5.000000000000000278e-02 1.940130194013019727e-01 1.940130194013019727e-01 3.971550397155040324e-01 8.777379877737988778e+00 8.777379877737988778e+00 8.779050877905088868e+00
5.999999999999999778e-02 2.325840232584023282e-01 2.325840232584023282e-01 4.766010476601048040e-01 8.775096877509687587e+00 8.775096877509687587e+00 8.777475877747587418e+00
7.000000000000000666e-02 2.710260271026027623e-01 2.710260271026027623e-01 5.560500556050056442e-01 8.772405877240588623e+00 8.772405877240588623e+00 8.775600877560087554e+00
8.000000000000000167e-02 3.093240309324031267e-01 3.093240309324031267e-01 6.355020635502064419e-01 8.769318876931889051e+00 8.769318876931889051e+00 8.773425877342587498e+00
8.999999999999999667e-02 3.474510347451035264e-01 3.474510347451035264e-01 7.149630714963072231e-01 8.765838876583888606e+00 8.765838876583888606e+00 8.770944877094489556e+00
1.000000000000000056e-01 3.853920385392038406e-01 3.853920385392038406e-01 7.944300794430080304e-01 8.761968876196888800e+00 8.761968876196888800e+00 8.768148876814887416e+00
1.100000000000000006e-01 4.231200423120042298e-01 4.231200423120042298e-01 8.739000873900087951e-01 8.757723875772388311e+00 8.757723875772388311e+00 8.765034876503488448e+00
1.199999999999999956e-01 4.606170460617046158e-01 4.606170460617046158e-01 9.533730953373096284e-01 8.753106875310688650e+00 8.753106875310688650e+00 8.761590876159088381e+00
1.300000000000000044e-01 4.978590497859050612e-01 4.978590497859050612e-01 1.032846103284610351e+00 8.748132874813288495e+00 8.748132874813288495e+00 8.757810875781089521e+00
1.400000000000000133e-01 5.348310534831054452e-01 5.348310534831054452e-01 1.112316111231611115e+00 8.742804874280489358e+00 8.742804874280489358e+00 8.753685875368587332e+00
1.499999999999999944e-01 5.715090571509057193e-01 5.715090571509057193e-01 1.191786119178612102e+00 8.737137873713788139e+00 8.737137873713788139e+00 8.749209874920989449e+00
1.600000000000000033e-01 6.078720607872061255e-01 6.078720607872061255e-01 1.271244127124412815e+00 8.731143873114387333e+00 8.731143873114387333e+00 8.744370874437088048e+00
1.700000000000000122e-01 6.438990643899065169e-01 6.438990643899065169e-01 1.350690135069013698e+00 8.724831872483187922e+00 8.724831872483187922e+00 8.739159873915987475e+00
1.799999999999999933e-01 6.795690679569068582e-01 6.795690679569068582e-01 1.430118143011814391e+00 8.718219871821988320e+00 8.718219871821988320e+00 8.733564873356488789e+00
1.900000000000000022e-01 7.148670714867072506e-01 7.148670714867072506e-01 1.509525150952515382e+00 8.711316871131687734e+00 8.711316871131687734e+00 8.727582872758288701e+00
2.000000000000000111e-01 7.497660749766076327e-01 7.497660749766076327e-01 1.588902158890216132e+00 8.704137870413788391e+00 8.704137870413788391e+00 8.721195872119588799e+00
2.099999999999999922e-01 7.842480784248079262e-01 7.842480784248079262e-01 1.668243166824316948e+00 8.696700869670086931e+00 8.696700869670086931e+00 8.714400871440089347e+00
2.200000000000000011e-01 8.182950818295082751e-01 8.182950818295082751e-01 1.747539174753917735e+00 8.689017868901787622e+00 8.689017868901787622e+00 8.707179870717988379e+00
2.300000000000000100e-01 8.518890851889086013e-01 8.518890851889086013e-01 1.826784182678418578e+00 8.681106868110688879e+00 8.681106868110688879e+00 8.699529869952987937e+00
2.399999999999999911e-01 8.850060885006089118e-01 8.850060885006089118e-01 1.905969190596919161e+00 8.672982867298287601e+00 8.672982867298287601e+00 8.691438869143889079e+00
2.500000000000000000e-01 9.176280917628092393e-01 9.176280917628092393e-01 1.985082198508219875e+00 8.664663866466387532e+00 8.664663866466387532e+00 8.682894868289487533e+00
2.600000000000000089e-01 9.497400949740096854e-01 9.497400949740096854e-01 2.064114206411420849e+00 8.656167865616787083e+00 8.656167865616787083e+00 8.673891867389187382e+00
2.700000000000000178e-01 9.813240981324098389e-01 9.813240981324098389e-01 2.143053214305322030e+00 8.647512864751288220e+00 8.647512864751288220e+00 8.664417866441787908e+00
2.800000000000000266e-01 1.012356101235610151e+00 1.012356101235610151e+00 2.221887222188722255e+00 8.638716863871687579e+00 8.638716863871687579e+00 8.654463865446388127e+00
2.899999999999999800e-01 1.042827104282710415e+00 1.042827104282710415e+00 2.300604230060423472e+00 8.629797862979787126e+00 8.629797862979787126e+00 8.644023864402386792e+00
2.999999999999999889e-01 1.072713107271310973e+00 1.072713107271310973e+00 2.379192237919224073e+00 8.620773862077387051e+00 8.620773862077387051e+00 8.633088863308888250e+00
3.099999999999999978e-01 1.102002110200211327e+00 1.102002110200211327e+00 2.457636245763624938e+00 8.611665861166587277e+00 8.611665861166587277e+00 8.621649862164987965e+00
3.200000000000000067e-01 1.130679113067911468e+00 1.130679113067911468e+00 2.535921253592125613e+00 8.602494860249485953e+00 8.602494860249485953e+00 8.609700860970086467e+00
3.300000000000000155e-01 1.158729115872911608e+00 1.158729115872911608e+00 2.614029261402926352e+00 8.593272859327287350e+00 8.593272859327287350e+00 8.597238859723885795e+00
3.400000000000000244e-01 1.186137118613711960e+00 1.186137118613711960e+00 2.691951269195127505e+00 8.584026858402687310e+00 8.584026858402687310e+00 8.584251858425187010e+00
3.499999999999999778e-01 1.212888121288812293e+00 1.212888121288812293e+00 2.769666276966627816e+00 8.570742857074286292e+00 8.574774857477487799e+00 8.574774857477487799e+00
3.599999999999999867e-01 1.238970123897012554e+00 1.238970123897012554e+00 2.847162284716228786e+00 8.556699855669986476e+00 8.565531856553185719e+00 8.565531856553185719e+00
3.699999999999999956e-01 1.264374126437412871e+00 1.264374126437412871e+00 2.924415292441529868e+00 8.542122854212285787e+00 8.556318855631886322e+00 8.556318855631886322e+00
3.800000000000000044e-01 1.289088128908812969e+00 1.289088128908812969e+00 3.001410300141030163e+00 8.527011852701186001e+00 8.547156854715685981e+00 8.547156854715685981e+00
3.900000000000000133e-01 1.313103131310313199e+00 1.313103131310313199e+00 3.078132307813230994e+00 8.511357851135786134e+00 8.538063853806386660e+00 8.538063853806386660e+00
4.000000000000000222e-01 1.336410133641013465e+00 1.336410133641013465e+00 3.154560315456031994e+00 8.495166849516685659e+00 8.529054852905487039e+00 8.529054852905487039e+00
4.099999999999999756e-01 1.359000135900013673e+00 1.359000135900013673e+00 3.230676323067632527e+00 8.478435847843586615e+00 8.520150852015085263e+00 8.520150852015085263e+00
4.199999999999999845e-01 1.380870138087014087e+00 1.380870138087014087e+00 3.306459330645933559e+00 8.461164846116485450e+00 8.511369851136986853e+00 8.511369851136986853e+00
4.299999999999999933e-01 1.402011140201114170e+00 1.402011140201114170e+00 3.381894338189434190e+00 8.443356844335685452e+00 8.502723850272385420e+00 8.502723850272385420e+00
4.400000000000000022e-01 1.422420142242014407e+00 1.422420142242014407e+00 3.456957345695734762e+00 8.425011842501186621e+00 8.494233849423386218e+00 8.494233849423386218e+00
4.500000000000000111e-01 1.442097144209714576e+00 1.442097144209714576e+00 3.531633353163335709e+00 8.406132840613285140e+00 8.485911848591186413e+00 8.485911848591186413e+00
4.600000000000000200e-01 1.461036146103614763e+00 1.461036146103614763e+00 3.605898360589836482e+00 8.386725838672584032e+00 8.477772847777286458e+00 8.477772847777286458e+00
4.699999999999999734e-01 1.479237147923714746e+00 1.479237147923714746e+00 3.679734367973436893e+00 8.366793836679384810e+00 8.469834846983486543e+00 8.469834846983486543e+00
4.799999999999999822e-01 1.496706149670615105e+00 1.496706149670615105e+00 3.753123375312338084e+00 8.346342834634285168e+00 8.462103846210386138e+00 8.462103846210386138e+00
4.899999999999999911e-01 1.513443151344315174e+00 1.513443151344315174e+00 3.826044382604438798e+00 8.325378832537884577e+00 8.454597845459785432e+00 8.454597845459785432e+00
5.000000000000000000e-01 1.529448152944815398e+00 1.529448152944815398e+00 3.898476389847639112e+00 8.303910830391084019e+00 8.447322844732285674e+00 8.447322844732285674e+00
5.100000000000000089e-01 1.544730154473015649e+00 1.544730154473015649e+00 3.970404397040440347e+00 8.281941828194185007e+00 8.440293844029385539e+00 8.440293844029385539e+00
5.200000000000000178e-01 1.559295155929515841e+00 1.559295155929515841e+00 4.041804404180441068e+00 8.259486825948682664e+00 8.433513843351384764e+00 8.433513843351384764e+00
5.300000000000000266e-01 1.573149157314915891e+00 1.573149157314915891e+00 4.112658411265841529e+00 8.236545823654582321e+00 8.426997842699785579e+00 8.426997842699785579e+00
5.400000000000000355e-01 1.586304158630416072e+00 1.586304158630416072e+00 4.182951418295142609e+00 8.213136821313684166e+00 8.420748842074884166e+00 8.420748842074884166e+00
5.500000000000000444e-01 1.598769159876916035e+00 1.598769159876916035e+00 4.252662425266243496e+00 8.189265818926582341e+00 8.414769841476985590e+00 8.414769841476985590e+00
5.600000000000000533e-01 1.610553161055316318e+00 1.610553161055316318e+00 4.321773432177343999e+00 8.164944816494482893e+00 8.409072840907283464e+00 8.409072840907283464e+00
5.699999999999999512e-01 1.621671162167116487e+00 1.621671162167116487e+00 4.390269439026944553e+00 8.140182814018283253e+00 8.403654840365485157e+00 8.403654840365485157e+00
5.799999999999999600e-01 1.632138163213816551e+00 1.632138163213816551e+00 4.458129445812945235e+00 8.114994811499482097e+00 8.398518839851885076e+00 8.398518839851885076e+00
5.899999999999999689e-01 1.641969164196916742e+00 1.641969164196916742e+00 4.525338452533846478e+00 8.089392808939281920e+00 8.393667839366784733e+00 8.393667839366784733e+00
5.999999999999999778e-01 1.651176165117616668e+00 1.651176165117616668e+00 4.591884459188446677e+00 8.063382806338282194e+00 8.389101838910185904e+00 8.389101838910185904e+00
6.099999999999999867e-01 1.659783165978316655e+00 1.659783165978316655e+00 4.657746465774646794e+00 8.036985803698581066e+00 8.384817838481785301e+00 8.384817838481785301e+00
6.199999999999999956e-01 1.667802166780216977e+00 1.667802166780216977e+00 4.722912472291247887e+00 8.010207801020779783e+00 8.380818838081884437e+00 8.380818838081884437e+00
6.300000000000000044e-01 1.675254167525416893e+00 1.675254167525416893e+00 4.787367478736748616e+00 7.983066798306680312e+00 8.377095837709584103e+00 8.377095837709584103e+00
6.400000000000000133e-01 1.682157168215717036e+00 1.682157168215717036e+00 4.851096485109649414e+00 7.955571795557180081e+00 8.373645837364584565e+00 8.373645837364584565e+00
6.500000000000000222e-01 1.688535168853517066e+00 1.688535168853517066e+00 4.914090491409049299e+00 7.927740792774079281e+00 8.370465837046584312e+00 8.370465837046584312e+00
6.600000000000000311e-01 1.694406169440617171e+00 1.694406169440617171e+00 4.976331497633150747e+00 7.899585789958579518e+00 8.367546836754684136e+00 8.367546836754684136e+00
6.700000000000000400e-01 1.699794169979417013e+00 1.699794169979417013e+00 5.037813503781350732e+00 7.871115787111579110e+00 8.364885836488584303e+00 8.364885836488584303e+00
6.800000000000000488e-01 1.704720170472017182e+00 1.704720170472017182e+00 5.098521509852151468e+00 7.842348784234880021e+00 8.362470836247085870e+00 8.362470836247085870e+00
6.899999999999999467e-01 1.709205170920517380e+00 1.709205170920517380e+00 5.158449515844951705e+00 7.813299781329979155e+00 8.360295836029584038e+00 8.360295836029584038e+00
6.999999999999999556e-01 1.713270171327017311e+00 1.713270171327017311e+00 5.217579521757952143e+00 7.783977778397777492e+00 8.358351835835183152e+00 8.358351835835183152e+00
7.099999999999999645e-01 1.716942171694217478e+00 1.716942171694217478e+00 5.275908527590853048e+00 7.754400775440078775e+00 8.356629835662984007e+00 8.356629835662984007e+00
7.199999999999999734e-01 1.720239172023917185e+00 1.720239172023917185e+00 5.333427533342754323e+00 7.724577772457778657e+00 8.355114835511484372e+00 8.355114835511484372e+00
7.299999999999999822e-01 1.723188172318817379e+00 1.723188172318817379e+00 5.390121539012154628e+00 7.694529769452977952e+00 8.353800835380083001e+00 8.353800835380083001e+00
7.399999999999999911e-01 1.725807172580717364e+00 1.725807172580717364e+00 5.445987544598755115e+00 7.664262766426277906e+00 8.352675835267584503e+00 8.352675835267584503e+00
7.500000000000000000e-01 1.728120172812017463e+00 1.728120172812017463e+00 5.501013550101355065e+00 7.633797763379777557e+00 8.351724835172484873e+00 8.351724835172484873e+00
7.600000000000000089e-01 1.730151173015117561e+00 1.730151173015117561e+00 5.555190555519056161e+00 7.603143760314376998e+00 8.350941835094184640e+00 8.350941835094184640e+00
7.700000000000000178e-01 1.731918173191817623e+00 1.731918173191817623e+00 5.608512560851257156e+00 7.572324757232476777e+00 8.350308835030883614e+00 8.350308835030883614e+00
7.800000000000000266e-01 1.733445173344517531e+00 1.733445173344517531e+00 5.660961566096156972e+00 7.541349754134976102e+00 8.349816834981684366e+00 8.349816834981684366e+00
7.900000000000000355e-01 1.734750173475017698e+00 1.734750173475017698e+00 5.712534571253457649e+00 7.510242751024275520e+00 8.349450834945084665e+00 8.349450834945084665e+00
8.000000000000000444e-01 1.735854173585417604e+00 1.735854173585417604e+00 5.763213576321358111e+00 7.479018747901875486e+00 8.349201834920183529e+00 8.349201834920183529e+00
8.100000000000000533e-01 1.736778173677817616e+00 1.736778173677817616e+00 5.812980581298058169e+00 7.447704744770475394e+00 8.349057834905783793e+00 8.349057834905783793e+00
8.199999999999999512e-01 1.737540173754017481e+00 1.737540173754017481e+00 5.861820586182059145e+00 7.416324741632474904e+00 8.349000834900085266e+00 8.349000834900085266e+00
8.299999999999999600e-01 1.738155173815517429e+00 1.738155173815517429e+00 5.909706590970658979e+00 7.384908738490874924e+00 8.349027834902784662e+00 8.349027834902784662e+00
8.399999999999999689e-01 1.738641173864117651e+00 1.738641173864117651e+00 5.956611595661160052e+00 7.353492735349274056e+00 8.349120834912083566e+00 8.349120834912083566e+00
8.499999999999999778e-01 1.739016173901617446e+00 1.739016173901617446e+00 6.002496600249660474e+00 7.322121732212173661e+00 8.349270834927084550e+00 8.349270834927084550e+00
8.599999999999999867e-01 1.739295173929517713e+00 1.739295173929517713e+00 6.047316604731661549e+00 7.290846729084673683e+00 8.349465834946583342e+00 8.349465834946583342e+00
8.699999999999999956e-01 1.739490173949017393e+00 1.739490173949017393e+00 6.091011609101161461e+00 7.259733725973372742e+00 8.349696834969684289e+00 8.349696834969684289e+00
8.800000000000000044e-01 1.739616173961617607e+00 1.739616173961617607e+00 6.133500613350062025e+00 7.228869722886972937e+00 8.349951834995184896e+00 8.349951834995184896e+00
8.900000000000000133e-01 1.739685173968517518e+00 1.739685173968517518e+00 6.174687617468762824e+00 7.198353719835372644e+00 8.350224835022483916e+00 8.350224835022483916e+00
9.000000000000000222e-01 1.739712173971217579e+00 1.739712173971217579e+00 6.214440621444063062e+00 7.168329716832972487e+00 8.350503835050384183e+00 8.350503835050384183e+00
9.100000000000000311e-01 1.739703173970317485e+00 1.739703173970317485e+00 6.252588625258863608e+00 7.138965713896571863e+00 8.350782835078284450e+00 8.350782835078284450e+00
9.200000000000000400e-01 1.739667173966717550e+00 1.739667173966717550e+00 6.288909628890963610e+00 7.110492711049271719e+00 8.351052835105283734e+00 8.351052835105283734e+00
9.300000000000000488e-01 1.739619173961917564e+00 1.739619173961917564e+00 6.323106632310663500e+00 7.083207708320771623e+00 8.351307835130784341e+00 8.351307835130784341e+00
9.399999999999999467e-01 1.739559173955917748e+00 1.739559173955917748e+00 6.354804635480464370e+00 7.057494705749471464e+00 8.351538835153883511e+00 8.351538835153883511e+00
9.499999999999999556e-01 1.739499173949917488e+00 1.739499173949917488e+00 6.383514638351464932e+00 7.033845703384571380e+00 8.351745835174584798e+00 8.351745835174584798e+00
9.599999999999999645e-01 1.739442173944217629e+00 1.739442173944217629e+00 6.408618640861864613e+00 7.012875701287570429e+00 8.351922835192285177e+00 8.351922835192285177e+00
9.699999999999999734e-01 1.739391173939117685e+00 1.739391173939117685e+00 6.429396642939664730e+00 6.995310699531070320e+00 8.352060835206083667e+00 8.352060835206083667e+00
9.799999999999999822e-01 1.739355173935517529e+00 1.739355173935517529e+00 6.445050644505065485e+00 6.981951698195170586e+00 8.352165835216585066e+00 8.352165835216585066e+00
9.899999999999999911e-01 1.739331173933117425e+00 1.739331173933117425e+00 6.454824645482465151e+00 6.973557697355770024e+00 8.352225835222585104e+00 8.352225835222585104e+00
1.000000000000000000e+00 1.739322173932217552e+00 1.739322173932217552e+00 6.458151645815165764e+00 6.970686697068670057e+00 8.352246835224685029e+00 8.352246835224685029e+00
