0.000000000000000000e+00 0.000000000000000000e+00 0.000000000000000000e+00 0.000000000000000000e+00 8.782602878260288293e+00 8.782602878260288293e+00 8.782602878260288293e+00
1.010101010101010187e-02 5.057100505710050709e-02 5.057100505710050709e-02 8.560800856080086341e-02 8.782236878223688592e+00 8.782236878223688592e+00 8.782590878259087575e+00
2.020202020202020374e-02 1.011180101118010211e-01 1.011180101118010211e-01 1.711980171198017320e-01 8.781135878113587978e+00 8.781135878113587978e+00 8.782548878254889502e+00
3.030303030303030387e-02 1.516230151623015332e-01 1.516230151623015332e-01 2.567520256752026109e-01 8.779299877929988227e+00 8.779299877929988227e+00 8.782473878247389010e+00
4.040404040404040747e-02 2.020620202062020365e-01 2.020620202062020365e-01 3.422550342255034628e-01 8.776728877672887563e+00 8.776728877672887563e+00 8.782362878236289916e+00
5.050505050505051108e-02 2.524140252414025509e-01 2.524140252414025509e-01 4.276860427686043353e-01 8.773422877342289539e+00 8.773422877342289539e+00 8.782206878220689461e+00
6.060606060606060774e-02 3.026550302655030555e-01 3.026550302655030555e-01 5.130330513033051210e-01 8.769381876938188825e+00 8.769381876938188825e+00 8.781999878199988174e+00
7.070707070707071829e-02 3.527640352764035980e-01 3.527640352764035980e-01 5.982750598275060616e-01 8.764605876460588973e+00 8.764605876460588973e+00 8.781726878172689155e+00
8.080808080808081495e-02 4.027200402720040318e-01 4.027200402720040318e-01 6.833940683394069682e-01 8.759091875909188474e+00 8.759091875909188474e+00 8.781375878137588131e+00
9.090909090909091161e-02 4.524960452496045726e-01 4.524960452496045726e-01 7.683810768381077461e-01 8.752842875284287061e+00 8.752842875284287061e+00 8.780931878093188203e+00
1.010101010101010222e-01 5.020740502074051426e-01 5.020740502074051426e-01 8.532120853212086242e-01 8.745858874585888287e+00 8.745858874585888287e+00 8.780382878038288652e+00
1.111111111111111188e-01 5.514270551427056244e-01 5.514270551427056244e-01 9.378780937878093971e-01 8.738139873813988601e+00 8.738139873813988601e+00 8.779704877970488042e+00
1.212121212121212155e-01 6.005340600534061490e-01 6.005340600534061490e-01 1.022361102236110320e+00 8.729688872968887736e+00 8.729688872968887736e+00 8.778882877888287695e+00
1.313131313131313260e-01 6.493710649371066124e-01 6.493710649371066124e-01 1.106646110664611049e+00 8.720505872050587470e+00 8.720505872050587470e+00 8.777898877789889198e+00
1.414141414141414366e-01 6.979140697914070213e-01 6.979140697914070213e-01 1.190724119072412046e+00 8.710596871059689050e+00 8.710596871059689050e+00 8.776725877672589604e+00
1.515151515151515194e-01 7.461390746139076047e-01 7.461390746139076047e-01 1.274574127457412720e+00 8.699961869996187147e+00 8.699961869996187147e+00 8.775345877534588723e+00
1.616161616161616299e-01 7.940190794019080789e-01 7.940190794019080789e-01 1.358190135819013822e+00 8.688612868861287808e+00 8.688612868861287808e+00 8.773737877373788407e+00
1.717171717171717404e-01 8.415300841530084508e-01 8.415300841530084508e-01 1.441557144155714676e+00 8.676549867654987480e+00 8.676549867654987480e+00 8.771877877187788997e+00
1.818181818181818232e-01 8.886480888648089493e-01 8.886480888648089493e-01 1.524666152466615410e+00 8.663781866378188923e+00 8.663781866378188923e+00 8.769741876974189054e+00
1.919191919191919338e-01 9.353430935343094443e-01 9.353430935343094443e-01 1.607502160750216236e+00 8.650323865032389037e+00 8.650323865032389037e+00 8.767311876731188391e+00
2.020202020202020443e-01 9.815910981591100537e-01 9.815910981591100537e-01 1.690056169005617059e+00 8.636184863618487029e+00 8.636184863618487029e+00 8.764557876455789653e+00
2.121212121212121271e-01 1.027365102736510272e+00 1.027365102736510272e+00 1.772322177232217744e+00 8.621376862137687169e+00 8.621376862137687169e+00 8.761461876146189098e+00
2.222222222222222376e-01 1.072635107263510745e+00 1.072635107263510745e+00 1.854288185428818903e+00 8.605914860591488136e+00 8.605914860591488136e+00 8.757999875799987066e+00
2.323232323232323482e-01 1.117377111737711148e+00 1.117377111737711148e+00 1.935945193594519331e+00 8.589819858981986300e+00 8.589819858981986300e+00 8.754150875415088962e+00
2.424242424242424310e-01 1.161558116155811726e+00 1.161558116155811726e+00 2.017287201728720447e+00 8.573112857311286916e+00 8.573112857311286916e+00 8.749896874989689266e+00
2.525252525252525415e-01 1.205151120515112195e+00 1.205151120515112195e+00 2.098305209830521267e+00 8.555814855581486356e+00 8.555814855581486356e+00 8.745213874521388320e+00
2.626262626262626521e-01 1.248123124812312579e+00 1.248123124812312579e+00 2.178993217899321877e+00 8.537946853794686319e+00 8.537946853794686319e+00 8.740086874008689222e+00
2.727272727272727626e-01 1.290450129045012995e+00 1.290450129045012995e+00 2.259348225934822985e+00 8.519544851954485409e+00 8.519544851954485409e+00 8.734494873449488495e+00
2.828282828282828731e-01 1.332093133209313551e+00 1.332093133209313551e+00 2.339361233936123607e+00 8.500632850063285062e+00 8.500632850063285062e+00 8.728425872842587196e+00
2.929292929292929282e-01 1.373028137302813922e+00 1.373028137302813922e+00 2.419026241902624719e+00 8.481243848124385920e+00 8.481243848124385920e+00 8.721861872186188691e+00
3.030303030303030387e-01 1.413219141321914396e+00 1.413219141321914396e+00 2.498343249834324986e+00 8.461416846141684545e+00 8.461416846141684545e+00 8.714787871478788972e+00
3.131313131313131493e-01 1.452639145263914688e+00 1.452639145263914688e+00 2.577303257730326091e+00 8.441187844118784867e+00 8.441187844118784867e+00 8.707194870719488833e+00
3.232323232323232598e-01 1.491249149124915130e+00 1.491249149124915130e+00 2.655906265590626703e+00 8.420595842059585223e+00 8.420595842059585223e+00 8.699073869907389067e+00
3.333333333333333703e-01 1.529025152902515394e+00 1.529025152902515394e+00 2.734149273414927528e+00 8.399685839968585199e+00 8.399685839968585199e+00 8.690409869040987445e+00
3.434343434343434809e-01 1.565928156592815812e+00 1.565928156592815812e+00 2.812023281202328473e+00 8.378505837850584115e+00 8.378505837850584115e+00 8.681199868119986007e+00
3.535353535353535359e-01 1.601931160193116099e+00 1.601931160193116099e+00 2.889531288953129273e+00 8.357097835709785372e+00 8.357097835709785372e+00 8.671437867143788836e+00
3.636363636363636465e-01 1.636998163699816544e+00 1.636998163699816544e+00 2.966670296667029749e+00 8.335515833551584208e+00 8.335515833551584208e+00 8.661114866111487842e+00
3.737373737373737570e-01 1.671105167110516820e+00 1.671105167110516820e+00 3.043434304343430874e+00 8.313807831380783497e+00 8.313807831380783497e+00 8.650233865023386315e+00
3.838383838383838675e-01 1.704216170421617216e+00 1.704216170421617216e+00 3.119823311982331759e+00 8.292030829203083542e+00 8.292030829203083542e+00 8.638791863879188071e+00
3.939393939393939781e-01 1.736301173630117489e+00 1.736301173630117489e+00 3.195837319583732405e+00 8.270235827023583397e+00 8.270235827023583397e+00 8.626785862678588046e+00
4.040404040404040886e-01 1.767336176733617981e+00 1.767336176733617981e+00 3.271470327147033341e+00 8.248479824847983366e+00 8.248479824847983366e+00 8.614218861421887752e+00
4.141414141414141437e-01 1.797294179729417962e+00 1.797294179729417962e+00 3.346725334672533858e+00 8.226819822681983752e+00 8.226819822681983752e+00 8.601093860109386924e+00
4.242424242424242542e-01 1.826145182614518303e+00 1.826145182614518303e+00 3.421596342159634485e+00 8.205309820530981568e+00 8.205309820530981568e+00 8.587413858741387074e+00
4.343434343434343647e-01 1.853871185387118592e+00 1.853871185387118592e+00 3.496083349608335666e+00 8.184012818401283695e+00 8.184012818401283695e+00 8.573184857318487673e+00
4.444444444444444753e-01 1.880448188044819169e+00 1.880448188044819169e+00 3.570183357018336334e+00 8.162979816297983859e+00 8.162979816297983859e+00 8.558409855840986680e+00
4.545454545454545858e-01 1.905855190585519221e+00 1.905855190585519221e+00 3.643896364389636933e+00 8.142270814227082099e+00 8.142270814227082099e+00 8.543094854309485342e+00
4.646464646464646964e-01 1.930080193008019362e+00 1.930080193008019362e+00 3.717219371721937726e+00 8.121939812193980757e+00 8.121939812193980757e+00 8.527251852725186154e+00
4.747474747474747514e-01 1.953105195310519626e+00 1.953105195310519626e+00 3.790149379014938535e+00 8.102040810204082177e+00 8.102040810204082177e+00 8.510883851088385299e+00
4.848484848484848619e-01 1.974924197492419875e+00 1.974924197492419875e+00 3.862683386268339181e+00 8.082627808262781599e+00 8.082627808262781599e+00 8.494002849400285271e+00
4.949494949494949725e-01 1.995528199552820237e+00 1.995528199552820237e+00 3.934821393482139662e+00 8.063745806374580383e+00 8.063745806374580383e+00 8.476614847661485541e+00
5.050505050505050830e-01 2.014914201491420087e+00 2.014914201491420087e+00 4.006560400656040244e+00 8.045445804544582913e+00 8.045445804544582913e+00 8.458728845872885316e+00
5.151515151515151381e-01 2.033082203308220759e+00 2.033082203308220759e+00 4.077894407789441011e+00 8.027772802777281669e+00 8.027772802777281669e+00 8.440353844035385578e+00
5.252525252525253041e-01 2.050038205003820391e+00 2.050038205003820391e+00 4.148823414882341076e+00 8.010765801076582093e+00 8.010765801076582093e+00 8.421498842149885533e+00
5.353535353535353591e-01 2.065788206578820674e+00 2.065788206578820674e+00 4.219344421934442479e+00 7.994466799446680483e+00 7.994466799446680483e+00 8.402172840217286165e+00
5.454545454545455252e-01 2.080344208034420994e+00 2.080344208034420994e+00 4.289451428945143086e+00 7.978902797890279786e+00 7.978902797890279786e+00 8.382381838238183391e+00
5.555555555555555802e-01 2.093727209372720832e+00 2.093727209372720832e+00 4.359141435914144047e+00 7.964109796410980380e+00 7.964109796410980380e+00 8.362137836213785036e+00
5.656565656565657463e-01 2.105955210595521265e+00 2.105955210595521265e+00 4.428411442841144741e+00 7.950108795010880414e+00 7.950108795010880414e+00 8.341446834144685241e+00
5.757575757575756903e-01 2.117058211705821424e+00 2.117058211705821424e+00 4.497255449725545695e+00 7.936923793692380436e+00 7.936923793692380436e+00 8.320314832031483476e+00
5.858585858585858563e-01 2.127057212705721234e+00 2.127057212705721234e+00 4.565670456567046287e+00 7.924569792456980899e+00 7.924569792456980899e+00 8.298747829874784543e+00
5.959595959595959114e-01 2.135994213599421432e+00 2.135994213599421432e+00 4.633650463365047045e+00 7.913055791305580122e+00 7.913055791305580122e+00 8.276751827675184359e+00
6.060606060606060774e-01 2.143899214389921593e+00 2.143899214389921593e+00 4.701192470119247346e+00 7.902390790239079976e+00 7.902390790239079976e+00 8.254332825433284171e+00
6.161616161616161325e-01 2.150820215082021925e+00 2.150820215082021925e+00 4.768287476828748872e+00 7.892577789257779308e+00 7.892577789257779308e+00 8.231493823149383715e+00
6.262626262626262985e-01 2.156796215679621653e+00 2.156796215679621653e+00 4.834932483493249222e+00 7.883610788361078647e+00 7.883610788361078647e+00 8.208234820823482991e+00
6.363636363636363535e-01 2.161872216187221696e+00 2.161872216187221696e+00 4.901121490112149814e+00 7.875483787548379411e+00 7.875483787548379411e+00 8.184561818456181470e+00
6.464646464646465196e-01 2.166105216610521911e+00 2.166105216610521911e+00 4.966845496684549666e+00 7.868187786818778839e+00 7.868187786818778839e+00 8.160471816047181193e+00
6.565656565656565746e-01 2.169537216953721703e+00 2.169537216953721703e+00 5.032101503210150817e+00 7.861701786170178785e+00 7.861701786170178785e+00 8.135970813597083406e+00
6.666666666666667407e-01 2.172231217223122179e+00 2.172231217223122179e+00 5.096880509688051397e+00 7.856004785600479323e+00 7.856004785600479323e+00 8.111049811104981799e+00
6.767676767676767957e-01 2.174232217423222036e+00 2.174232217423222036e+00 5.161179516117951671e+00 7.851078785107880265e+00 7.851078785107880265e+00 8.085714808571481171e+00
6.868686868686869618e-01 2.175603217560321934e+00 2.175603217560321934e+00 5.224989522498953320e+00 7.846893784689379814e+00 7.846893784689379814e+00 8.059953805995380804e+00
6.969696969696969058e-01 2.176395217639521817e+00 2.176395217639521817e+00 5.288298528829853851e+00 7.843416784341679104e+00 7.843416784341679104e+00 8.033769803376982210e+00
7.070707070707070718e-01 2.176665217666521990e+00 2.176665217666521990e+00 5.351106535110654150e+00 7.840614784061478382e+00 7.840614784061478382e+00 8.007156800715680589e+00
7.171717171717171269e-01 2.176470217647022309e+00 2.176470217647022309e+00 5.413404541340455012e+00 7.838457783845779403e+00 7.838457783845779403e+00 7.980105798010580287e+00
7.272727272727272929e-01 2.175858217585822096e+00 2.175858217585822096e+00 5.475180547518055718e+00 7.836897783689778407e+00 7.836897783689778407e+00 7.952613795261380680e+00
7.373737373737373479e-01 2.174889217488922277e+00 2.174889217488922277e+00 5.536431553643155645e+00 7.835904783590478928e+00 7.835904783590478928e+00 7.924668792466880163e+00
7.474747474747475140e-01 2.173608217360821993e+00 2.173608217360821993e+00 5.597145559714555851e+00 7.835430783543078981e+00 7.835430783543078981e+00 7.896264789626479264e+00
7.575757575757575690e-01 2.172066217206621630e+00 2.172066217206621630e+00 5.657319565731957489e+00 7.835436783543678452e+00 7.835436783543678452e+00 7.867395786739580288e+00
7.676767676767677351e-01 2.170308217030821663e+00 2.170308217030821663e+00 5.716941571694157176e+00 7.835874783587479797e+00 7.835874783587479797e+00 7.838046783804678341e+00
7.777777777777777901e-01 2.168379216837922119e+00 2.168379216837922119e+00 5.776005577600558105e+00 7.808211780821179282e+00 7.836708783670878198e+00 7.836708783670878198e+00
7.878787878787879562e-01 2.166321216632121960e+00 2.166321216632121960e+00 5.834505583450559030e+00 7.777881777788178574e+00 7.837887783788779039e+00 7.837887783788779039e+00
7.979797979797980112e-01 2.164170216417021564e+00 2.164170216417021564e+00 5.892429589242959231e+00 7.747041774704177541e+00 7.839372783937279543e+00 7.839372783937279543e+00
8.080808080808081773e-01 2.161959216195921574e+00 2.161959216195921574e+00 5.949768594976860392e+00 7.715682771568276976e+00 7.841118784111880124e+00 7.841118784111880124e+00
8.181818181818182323e-01 2.159724215972421479e+00 2.159724215972421479e+00 6.006519600651960111e+00 7.683792768379277049e+00 7.843083784308379158e+00 7.843083784308379158e+00
8.282828282828282873e-01 2.157492215749221565e+00 2.157492215749221565e+00 6.062673606267360960e+00 7.651365765136577402e+00 7.845222784522279724e+00 7.845222784522279724e+00
8.383838383838383423e-01 2.155284215528421754e+00 2.155284215528421754e+00 6.118221611822161954e+00 7.618383761838376955e+00 7.847499784749979668e+00 7.847499784749979668e+00
8.484848484848485084e-01 2.153127215312721887e+00 2.153127215312721887e+00 6.173157617315761847e+00 7.584837758483776504e+00 7.849869784986979404e+00 7.849869784986979404e+00
8.585858585858585634e-01 2.151042215104221889e+00 2.151042215104221889e+00 6.227472622747263209e+00 7.550718755071875954e+00 7.852299785229978291e+00 7.852299785229978291e+00
8.686868686868687295e-01 2.149041214904121588e+00 2.149041214904121588e+00 6.281160628116063904e+00 7.516017751601775210e+00 7.854753785475380390e+00 7.854753785475380390e+00
8.787878787878787845e-01 2.147142214714221620e+00 2.147142214714221620e+00 6.334215633421564462e+00 7.480719748071975594e+00 7.857192785719280259e+00 7.857192785719280259e+00
8.888888888888889506e-01 2.145354214535421633e+00 2.145354214535421633e+00 6.386631638663164523e+00 7.444818744481874973e+00 7.859586785958679656e+00 7.859586785958679656e+00
8.989898989898990056e-01 2.143686214368621723e+00 2.143686214368621723e+00 6.438399643839965769e+00 7.408299740829974667e+00 7.861905786190578560e+00 7.861905786190578560e+00
9.090909090909091717e-01 2.142150214215021720e+00 2.142150214215021720e+00 6.489519648951965536e+00 7.371162737116274677e+00 7.864122786412280242e+00 7.864122786412280242e+00
9.191919191919192267e-01 2.140749214074921802e+00 2.140749214074921802e+00 6.539979653997966658e+00 7.333389733338973926e+00 7.866207786620780240e+00 7.866207786620780240e+00
9.292929292929293927e-01 2.139489213948921442e+00 2.139489213948921442e+00 6.589779658977966470e+00 7.294980729498073302e+00 7.868136786813679784e+00 7.868136786813679784e+00
9.393939393939394478e-01 2.138373213837321707e+00 2.138373213837321707e+00 6.638913663891367278e+00 7.255923725592373863e+00 7.869891786989179572e+00 7.869891786989179572e+00
9.494949494949495028e-01 2.137401213740121708e+00 2.137401213740121708e+00 6.687378668737867571e+00 7.216215721621573209e+00 7.871451787145180568e+00 7.871451787145180568e+00
9.595959595959595578e-01 2.136579213657921805e+00 2.136579213657921805e+00 6.735171673517167612e+00 7.175847717584772134e+00 7.872801787280178765e+00 7.872801787280178765e+00
9.696969696969697239e-01 2.135904213590421374e+00 2.135904213590421374e+00 6.782286678228668819e+00 7.134813713481372055e+00 7.873923787392378415e+00 7.873923787392378415e+00
9.797979797979797789e-01 2.135379213537921483e+00 2.135379213537921483e+00 6.828726682872669151e+00 7.093113709311371196e+00 7.874808787480880312e+00 7.874808787480880312e+00
9.898989898989899450e-01 2.135004213500421244e+00 2.135004213500421244e+00 6.874488687448868873e+00 7.050741705074170973e+00 7.875447787544779921e+00 7.875447787544779921e+00
1.000000000000000000e+00 2.134779213477921544e+00 2.134779213477921544e+00 6.919569691956970026e+00 7.007694700769470764e+00 7.875831787583178922e+00 7.875831787583178922e+00
