# Efermi (eV) : 6.246298
# (SCF 12x12x8 G-cntrd k points)
"kaxis (pi/a or pi/c unit)" E1 E2 E3 E4 E5 E6 E7 E8 E9 E10 E11 E12
0.00000 -6.24460 -1.07180 -1.07180 -0.41760 -0.41760 -0.19330 3.91990 6.35500 10.29990 10.82630 10.82630 12.80250
0.01010 -6.24420 -1.07180 -1.07180 -0.41760 -0.41760 -0.19390 3.92050 6.35510 10.29970 10.82630 10.82630 12.80140
0.02020 -6.24320 -1.07170 -1.07170 -0.41770 -0.41770 -0.19580 3.92210 6.35530 10.29910 10.82610 10.82610 12.79790
0.03030 -6.24130 -1.07150 -1.07150 -0.41800 -0.41800 -0.19900 3.92470 6.35570 10.29830 10.82590 10.82590 12.79230
0.04040 -6.23880 -1.07120 -1.07120 -0.41830 -0.41830 -0.20350 3.92850 6.35620 10.29700 10.82560 10.82560 12.78440
0.05051 -6.23570 -1.07090 -1.07080 -0.41870 -0.41870 -0.20920 3.93330 6.35680 10.29530 10.82510 10.82510 12.77450
0.06061 -6.23170 -1.07040 -1.07040 -0.41910 -0.41910 -0.21620 3.93910 6.35760 10.29330 10.82460 10.82460 12.76240
0.07071 -6.22700 -1.06990 -1.06990 -0.41970 -0.41970 -0.22440 3.94600 6.35850 10.29100 10.82400 10.82400 12.74840
0.08081 -6.22170 -1.06930 -1.06930 -0.42040 -0.42040 -0.23390 3.95390 6.35960 10.28830 10.82330 10.82330 12.73250
0.09091 -6.21560 -1.06870 -1.06870 -0.42110 -0.42110 -0.24450 3.96280 6.36080 10.28520 10.82260 10.82260 12.71480
0.10101 -6.20880 -1.06790 -1.06790 -0.42190 -0.42190 -0.25640 3.97270 6.36210 10.28180 10.82170 10.82170 12.69550
0.11111 -6.20130 -1.06710 -1.06710 -0.42280 -0.42280 -0.26940 3.98360 6.36360 10.27810 10.82080 10.82080 12.67460
0.12121 -6.19310 -1.06620 -1.06620 -0.42380 -0.42380 -0.28360 3.99540 6.36520 10.27400 10.81980 10.81980 12.65220
0.13131 -6.18420 -1.06530 -1.06530 -0.42490 -0.42490 -0.29890 4.00810 6.36690 10.26960 10.81880 10.81880 12.62850
0.14141 -6.17460 -1.06420 -1.06420 -0.42610 -0.42610 -0.31530 4.02170 6.36880 10.26490 10.81770 10.81770 12.60360
0.15152 -6.16430 -1.06310 -1.06310 -0.42730 -0.42730 -0.33280 4.03620 6.37080 10.25980 10.81650 10.81650 12.57740
0.16162 -6.15340 -1.06190 -1.06190 -0.42870 -0.42870 -0.35140 4.05160 6.37290 10.25450 10.81530 10.81530 12.55020
0.17172 -6.14180 -1.06070 -1.06070 -0.43010 -0.43010 -0.37100 4.06780 6.37510 10.24880 10.81410 10.81410 12.52200
0.18182 -6.12940 -1.05930 -1.05930 -0.43160 -0.43160 -0.39160 4.08480 6.37740 10.24280 10.81280 10.81280 12.49290
0.19192 -6.11650 -1.05790 -1.05790 -0.43320 -0.43320 -0.41320 4.10260 6.37980 10.23660 10.81150 10.81150 12.46300
0.20202 -6.10280 -1.05640 -1.05640 -0.43580 -0.43480 -0.43480 4.12120 6.38240 10.23000 10.81020 10.81020 12.43240
0.21212 -6.08860 -1.05480 -1.05480 -0.45930 -0.43660 -0.43660 4.14040 6.38500 10.22320 10.80880 10.80880 12.40100
0.22222 -6.07360 -1.05320 -1.05320 -0.48370 -0.43840 -0.43840 4.16040 6.38780 10.21610 10.80750 10.80750 12.36900
0.23232 -6.05800 -1.05150 -1.05150 -0.50890 -0.44030 -0.44030 4.18100 6.39060 10.20880 10.80610 10.80610 12.33640
0.24242 -6.04180 -1.04970 -1.04970 -0.53510 -0.44230 -0.44230 4.20220 6.39350 10.20120 10.80480 10.80480 12.30330
0.25253 -6.02500 -1.04780 -1.04780 -0.56200 -0.44440 -0.44440 4.22410 6.39650 10.19330 10.80340 10.80340 12.26970
0.26263 -6.00750 -1.04590 -1.04590 -0.58970 -0.44650 -0.44650 4.24650 6.39960 10.18530 10.80210 10.80210 12.23570
0.27273 -5.98940 -1.04390 -1.04390 -0.61820 -0.44880 -0.44880 4.26960 6.40280 10.17700 10.80080 10.80080 12.20130
0.28283 -5.97070 -1.04180 -1.04180 -0.64750 -0.45110 -0.45110 4.29310 6.40600 10.16860 10.79960 10.79960 12.16660
0.29293 -5.95140 -1.03970 -1.03970 -0.67750 -0.45350 -0.45350 4.31720 6.40930 10.15990 10.79840 10.79840 12.13150
0.30303 -5.93150 -1.03740 -1.03740 -0.70810 -0.45590 -0.45590 4.34170 6.41260 10.15110 10.79720 10.79720 12.09620
0.31313 -5.91100 -1.03520 -1.03510 -0.73950 -0.45850 -0.45850 4.36670 6.41600 10.14210 10.79610 10.79610 12.06060
0.32323 -5.89000 -1.03280 -1.03280 -0.77140 -0.46110 -0.46110 4.39210 6.41940 10.13290 10.79510 10.79510 12.02480
0.33333 -5.86830 -1.03040 -1.03040 -0.80400 -0.46380 -0.46380 4.41800 6.42280 10.12360 10.79410 10.79410 11.98890
0.34343 -5.84610 -1.02790 -1.02790 -0.83720 -0.46650 -0.46650 4.44420 6.42630 10.11420 10.79320 10.79320 11.95270
0.35354 -5.82330 -1.02530 -1.02530 -0.87100 -0.46940 -0.46940 4.47080 6.42970 10.10470 10.79240 10.79240 11.91650
0.36364 -5.80000 -1.02270 -1.02260 -0.90530 -0.47230 -0.47230 4.49770 6.43320 10.09510 10.79170 10.79180 11.88010
0.37374 -5.77610 -1.02000 -1.01990 -0.94020 -0.47530 -0.47530 4.52490 6.43670 10.08530 10.79110 10.79120 11.84360
0.38384 -5.75180 -1.01720 -1.01720 -0.97550 -0.47830 -0.47830 4.55240 6.44020 10.07550 10.79070 10.79070 11.80710
0.39394 -5.72680 -1.01440 -1.01430 -1.01140 -0.48140 -0.48140 4.58030 6.44360 10.06570 10.79030 10.79030 11.77050
0.40404 -5.70140 -1.04770 -1.01150 -1.01140 -0.48460 -0.48460 4.60830 6.44700 10.05580 10.79000 10.79000 11.73390
0.41414 -5.67550 -1.08450 -1.00850 -1.00850 -0.48790 -0.48790 4.63660 6.45040 10.04590 10.78990 10.78990 11.69720
0.42424 -5.64900 -1.12170 -1.00550 -1.00540 -0.49120 -0.49120 4.66510 6.45370 10.03590 10.78990 10.78990 11.66060
0.43434 -5.62210 -1.15930 -1.00240 -1.00240 -0.49460 -0.49460 4.69380 6.45700 10.02600 10.79000 10.79000 11.62400
0.44444 -5.59470 -1.19730 -0.99920 -0.99920 -0.49800 -0.49800 4.72270 6.46020 10.01610 10.79030 10.79030 11.58750
0.45455 -5.56670 -1.23570 -0.99600 -0.99600 -0.50160 -0.50160 4.75180 6.46330 10.00630 10.79080 10.79080 11.55100
0.46465 -5.53840 -1.27450 -0.99270 -0.99270 -0.50510 -0.50510 4.78090 6.46630 9.99650 10.79140 10.79140 11.51460
0.47475 -5.50950 -1.31360 -0.98940 -0.98940 -0.50880 -0.50880 4.81030 6.46930 9.98680 10.79220 10.79220 11.47820
0.48485 -5.48020 -1.35310 -0.98600 -0.98600 -0.51250 -0.51250 4.83970 6.47210 9.97720 10.79310 10.79310 11.44200
0.49495 -5.45050 -1.39290 -0.98250 -0.98250 -0.51630 -0.51630 4.86920 6.47470 9.96770 10.79420 10.79420 11.40590
0.50505 -5.42030 -1.43290 -0.97900 -0.97900 -0.52010 -0.52010 4.89880 6.47730 9.95830 10.79550 10.79550 11.36990
0.51515 -5.38970 -1.47330 -0.97540 -0.97540 -0.52400 -0.52400 4.92840 6.47960 9.94910 10.79700 10.79700 11.33410
0.52525 -5.35860 -1.51390 -0.97180 -0.97180 -0.52790 -0.52790 4.95810 6.48180 9.94000 10.79860 10.79860 11.29840
0.53535 -5.32720 -1.55490 -0.96810 -0.96810 -0.53190 -0.53190 4.98790 6.48390 9.93110 10.80050 10.80050 11.26290
0.54545 -5.29530 -1.59600 -0.96430 -0.96430 -0.53590 -0.53590 5.01760 6.48570 9.92250 10.80250 10.80250 11.22750
0.55556 -5.26310 -1.63740 -0.96050 -0.96050 -0.54000 -0.54000 5.04740 6.48730 9.91400 10.80480 10.80480 11.19240
0.56566 -5.23040 -1.67900 -0.95670 -0.95670 -0.54420 -0.54420 5.07710 6.48870 9.90580 10.80730 10.80730 11.15750
0.57576 -5.19740 -1.72090 -0.95280 -0.95280 -0.54840 -0.54840 5.10680 6.48990 9.89780 10.81000 10.81000 11.12270
0.58586 -5.16400 -1.76290 -0.94880 -0.94880 -0.55260 -0.55260 5.13650 6.49080 9.89020 10.81290 10.81290 11.08820
0.59596 -5.13020 -1.80520 -0.94480 -0.94480 -0.55690 -0.55690 5.16610 6.49150 9.88280 10.81600 10.81600 11.05400
0.60606 -5.09600 -1.84760 -0.94080 -0.94070 -0.56130 -0.56130 5.19570 6.49190 9.87570 10.81930 10.81930 11.02000
0.61616 -5.06150 -1.89020 -0.93660 -0.93660 -0.56570 -0.56570 5.22510 6.49190 9.86900 10.82290 10.82290 10.98630
0.62626 -5.02670 -1.93290 -0.93250 -0.93250 -0.57010 -0.57010 5.25450 6.49170 9.86260 10.82670 10.82670 10.95280
0.63636 -4.99150 -1.97580 -0.92830 -0.92830 -0.57460 -0.57460 5.28380 6.49120 9.85660 10.83070 10.83070 10.91960
0.64646 -4.95590 -2.01890 -0.92400 -0.92400 -0.57910 -0.57910 5.31300 6.49040 9.85100 10.83490 10.83490 10.88680
0.65657 -4.92010 -2.06210 -0.91970 -0.91970 -0.58370 -0.58370 5.34210 6.48920 9.84580 10.83940 10.83940 10.85420
0.66667 -4.88390 -2.10540 -0.91540 -0.91540 -0.58830 -0.58830 5.37100 6.48760 9.84110 10.82190 10.84420 10.84420
0.67677 -4.84740 -2.14880 -0.91100 -0.91100 -0.59300 -0.59290 5.39970 6.48570 9.83670 10.79000 10.84920 10.84920
0.68687 -4.81060 -2.19230 -0.90660 -0.90660 -0.59760 -0.59760 5.42830 6.48340 9.83290 10.75840 10.85440 10.85440
0.69697 -4.77350 -2.23590 -0.90210 -0.90210 -0.60240 -0.60230 5.45680 6.48060 9.82950 10.72720 10.85990 10.85990
0.70707 -4.73610 -2.27960 -0.89760 -0.89760 -0.60710 -0.60710 5.48500 6.47750 9.82660 10.69630 10.86560 10.86560
0.71717 -4.69850 -2.32340 -0.89310 -0.89300 -0.61190 -0.61190 5.51310 6.47400 9.82420 10.66590 10.87160 10.87160
0.72727 -4.66050 -2.36730 -0.88850 -0.88850 -0.61670 -0.61670 5.54090 6.47000 9.82230 10.63570 10.87780 10.87780
0.73737 -4.62230 -2.41120 -0.88380 -0.88380 -0.62160 -0.62160 5.56860 6.46560 9.82100 10.60600 10.88430 10.88430
0.74747 -4.58380 -2.45510 -0.87920 -0.87920 -0.62640 -0.62640 5.59590 6.46070 9.82020 10.57670 10.89110 10.89110
0.75758 -4.54510 -2.49920 -0.87450 -0.87450 -0.63130 -0.63130 5.62310 6.45540 9.82000 10.54780 10.89810 10.89810
0.76768 -4.50610 -2.54330 -0.86980 -0.86970 -0.63630 -0.63630 5.65000 6.44960 9.82030 10.51940 10.90530 10.90530
0.77778 -4.46680 -2.58740 -0.86500 -0.86500 -0.64120 -0.64120 5.67660 6.44330 9.82130 10.49130 10.91290 10.91290
0.78788 -4.42730 -2.63150 -0.86020 -0.86020 -0.64620 -0.64620 5.70300 6.43650 9.82280 10.46370 10.92070 10.92070
0.79798 -4.38760 -2.67570 -0.85540 -0.85540 -0.65120 -0.65120 5.72900 6.42920 9.82500 10.43660 10.92870 10.92870
0.80808 -4.34770 -2.71990 -0.85050 -0.85050 -0.65630 -0.65630 5.75480 6.42140 9.82780 10.40990 10.93700 10.93700
0.81818 -4.30750 -2.76400 -0.84560 -0.84560 -0.66130 -0.66130 5.78030 6.41310 9.83120 10.38380 10.94560 10.94560
0.82828 -4.26710 -2.80820 -0.84070 -0.84070 -0.66640 -0.66640 5.80540 6.40430 9.83520 10.35810 10.95450 10.95450
0.83838 -4.22650 -2.85240 -0.83580 -0.83580 -0.67150 -0.67150 5.83020 6.39500 9.83990 10.33290 10.96360 10.96360
0.84848 -4.18570 -2.89660 -0.83080 -0.83080 -0.67660 -0.67660 5.85470 6.38510 9.84520 10.30820 10.97300 10.97300
0.85859 -4.14470 -2.94070 -0.82580 -0.82580 -0.68170 -0.68170 5.87880 6.37470 9.85120 10.28400 10.98260 10.98270
0.86869 -4.10350 -2.98480 -0.82080 -0.82080 -0.68680 -0.68680 5.90260 6.36380 9.85790 10.26030 10.99260 10.99260
0.87879 -4.06210 -3.02890 -0.81580 -0.81580 -0.69200 -0.69200 5.92600 6.35240 9.86520 10.23720 11.00280 11.00280
0.88889 -4.02060 -3.07300 -0.81080 -0.81070 -0.69720 -0.69710 5.94900 6.34040 9.87320 10.21470 11.01320 11.01320
0.89899 -3.97890 -3.11700 -0.80570 -0.80570 -0.70230 -0.70230 5.97160 6.32790 9.88190 10.19270 11.02400 11.02400
0.90909 -3.93700 -3.16100 -0.80060 -0.80060 -0.70750 -0.70750 5.99380 6.31490 9.89120 10.17130 11.03500 11.03500
0.91919 -3.89490 -3.20490 -0.79550 -0.79550 -0.71270 -0.71270 6.01560 6.30130 9.90120 10.15040 11.04620 11.04620
0.92929 -3.85270 -3.24870 -0.79040 -0.79040 -0.71790 -0.71790 6.03700 6.28720 9.91190 10.13010 11.05780 11.05780
0.93939 -3.81040 -3.29250 -0.78530 -0.78520 -0.72310 -0.72310 6.05790 6.27260 9.92330 10.11040 11.06960 11.06960
0.94949 -3.76790 -3.33620 -0.78010 -0.78010 -0.72830 -0.72830 6.07840 6.25740 9.93530 10.09140 11.08160 11.08160
0.95960 -3.72520 -3.37980 -0.77500 -0.77490 -0.73350 -0.73350 6.09850 6.24180 9.94800 10.07290 11.09400 11.09400
0.96970 -3.68240 -3.42330 -0.76980 -0.76980 -0.73870 -0.73870 6.11810 6.22560 9.96130 10.05500 11.10660 11.10660
0.97980 -3.63950 -3.46680 -0.76460 -0.76460 -0.74390 -0.74380 6.13720 6.20890 9.97530 10.03780 11.11940 11.11940
0.98990 -3.59650 -3.51010 -0.75940 -0.75940 -0.74910 -0.74900 6.15590 6.19170 9.99000 10.02120 11.13250 11.13250
1.00000 -3.55340 -3.55340 -0.75420 -0.75420 -0.75420 -0.75420 6.17400 6.17400 10.00530 10.00530 11.14590 11.14590
