# 4x4x3 supercell
"kaxis (pi/a or pi/c unit)" f1 f2 f3 f4 f5 f6 f7 f8 f9 f10 f11 f12
0.00000 0.00000 0.00000 0.00000 7.06035 7.06035 16.26931 19.63704 19.63704 19.95888 19.95888 21.45785 26.11385
0.01010 0.05944 0.05944 0.11065 7.06016 7.06016 16.26832 19.63705 19.63705 19.95885 19.95885 21.45854 26.11368
0.02020 0.11887 0.11887 0.22130 7.05960 7.05960 16.26537 19.63709 19.63709 19.95877 19.95877 21.46060 26.11315
0.03030 0.17830 0.17830 0.33194 7.05865 7.05865 16.26044 19.63715 19.63715 19.95863 19.95863 21.46404 26.11227
0.04041 0.23771 0.23771 0.44257 7.05733 7.05733 16.25355 19.63723 19.63723 19.95845 19.95845 21.46884 26.11104
0.05051 0.29710 0.29710 0.55319 7.05563 7.05563 16.24471 19.63734 19.63734 19.95820 19.95820 21.47499 26.10946
0.06061 0.35647 0.35647 0.66378 7.05355 7.05355 16.23393 19.63747 19.63747 19.95791 19.95791 21.48248 26.10753
0.07071 0.41581 0.41581 0.77435 7.05109 7.05109 16.22124 19.63763 19.63763 19.95756 19.95756 21.49129 26.10524
0.08081 0.47511 0.47511 0.88488 7.04826 7.04826 16.20665 19.63781 19.63781 19.95715 19.95715 21.50141 26.10261
0.09091 0.53438 0.53438 0.99539 7.04505 7.04505 16.19017 19.63801 19.63801 19.95669 19.95669 21.51280 26.09962
0.10101 0.59361 0.59361 1.10586 7.04146 7.04146 16.17185 19.63823 19.63823 19.95618 19.95618 21.52545 26.09629
0.11111 0.65278 0.65278 1.21629 7.03748 7.03748 16.15170 19.63849 19.63849 19.95562 19.95562 21.53933 26.09260
0.12121 0.71191 0.71191 1.32667 7.03313 7.03313 16.12974 19.63876 19.63876 19.95500 19.95500 21.55442 26.08856
0.13131 0.77097 0.77097 1.43700 7.02841 7.02841 16.10602 19.63906 19.63906 19.95433 19.95433 21.57067 26.08417
0.14141 0.82998 0.82998 1.54728 7.02329 7.02329 16.08056 19.63939 19.63939 19.95361 19.95361 21.58807 26.07943
0.15151 0.88892 0.88892 1.65750 7.01781 7.01781 16.05340 19.63973 19.63973 19.95284 19.95284 21.60657 26.07434
0.16162 0.94778 0.94778 1.76766 7.01194 7.01194 16.02456 19.64011 19.64011 19.95202 19.95202 21.62614 26.06890
0.17172 1.00658 1.00658 1.87776 7.00569 7.00569 15.99408 19.64051 19.64051 19.95114 19.95114 21.64676 26.06311
0.18182 1.06529 1.06529 1.98778 6.99906 6.99906 15.96201 19.64093 19.64093 19.95021 19.95021 21.66838 26.05697
0.19192 1.12391 1.12391 2.09773 6.99204 6.99204 15.92836 19.64138 19.64138 19.94923 19.94923 21.69097 26.05048
0.20202 1.18245 1.18245 2.20761 6.98465 6.98465 15.89318 19.64185 19.64185 19.94821 19.94821 21.71449 26.04364
0.21212 1.24089 1.24089 2.31740 6.97687 6.97687 15.85651 19.64235 19.64235 19.94713 19.94713 21.73891 26.03645
0.22222 1.29923 1.29923 2.42710 6.96871 6.96871 15.81838 19.64288 19.64288 19.94600 19.94600 21.76419 26.02891
0.23232 1.35746 1.35746 2.53672 6.96017 6.96017 15.77882 19.64343 19.64343 19.94483 19.94483 21.79029 26.02103
0.24242 1.41559 1.41559 2.64624 6.95124 6.95124 15.73788 19.64401 19.64401 19.94360 19.94360 21.81718 26.01279
0.25253 1.47360 1.47360 2.75567 6.94193 6.94193 15.69558 19.64461 19.64461 19.94233 19.94233 21.84483 26.00421
0.26263 1.53150 1.53150 2.86499 6.93224 6.93224 15.65196 19.64524 19.64524 19.94101 19.94101 21.87319 25.99528
0.27273 1.58927 1.58927 2.97421 6.92216 6.92216 15.60706 19.64589 19.64589 19.93964 19.93964 21.90224 25.98600
0.28283 1.64692 1.64692 3.08331 6.91169 6.91169 15.56090 19.64657 19.64657 19.93823 19.93823 21.93194 25.97637
0.29293 1.70444 1.70444 3.19231 6.90084 6.90084 15.51353 19.64729 19.64729 19.93677 19.93677 21.96227 25.96640
0.30303 1.76182 1.76182 3.30118 6.88960 6.88960 15.46497 19.64802 19.64802 19.93527 19.93527 21.99318 25.95608
0.31313 1.81905 1.81905 3.40994 6.87797 6.87797 15.41525 19.64878 19.64878 19.93372 19.93372 22.02464 25.94542
0.32323 1.87615 1.87615 3.51857 6.86596 6.86596 15.36440 19.64958 19.64958 19.93212 19.93212 22.05663 25.93441
0.33333 1.93309 1.93309 3.62707 6.85356 6.85356 15.31245 19.65039 19.65039 19.93049 19.93049 22.08912 25.92305
0.34343 1.98988 1.98988 3.73544 6.84077 6.84077 15.25944 19.65124 19.65124 19.92881 19.92881 22.12208 25.91135
0.35354 2.04651 2.04651 3.84366 6.82759 6.82759 15.20538 19.65212 19.65212 19.92709 19.92709 22.15547 25.89930
0.36364 2.10298 2.10298 3.95175 6.81402 6.81402 15.15031 19.65302 19.65302 19.92532 19.92532 22.18928 25.88691
0.37374 2.15928 2.15928 4.05970 6.80006 6.80006 15.09425 19.65395 19.65395 19.92352 19.92352 22.22348 25.87418
0.38384 2.21541 2.21541 4.16749 6.78571 6.78571 15.03722 19.65491 19.65491 19.92168 19.92168 22.25803 25.86111
0.39394 2.27136 2.27136 4.27514 6.77097 6.77097 14.97925 19.65589 19.65589 19.91980 19.91980 22.29293 25.84769
0.40404 2.32714 2.32714 4.38263 6.75583 6.75583 14.92036 19.65691 19.65691 19.91788 19.91788 22.32815 25.83393
0.41414 2.38272 2.38272 4.48995 6.74030 6.74030 14.86058 19.65796 19.65796 19.91591 19.91591 22.36365 25.81983
0.42424 2.43812 2.43812 4.59712 6.72438 6.72438 14.79992 19.65903 19.65903 19.91392 19.91392 22.39943 25.80539
0.43434 2.49333 2.49333 4.70412 6.70807 6.70807 14.73841 19.66013 19.66013 19.91189 19.91189 22.43545 25.79061
0.44444 2.54834 2.54834 4.81094 6.69136 6.69136 14.67606 19.66126 19.66126 19.90982 19.90982 22.47171 25.77549
0.45455 2.60315 2.60315 4.91759 6.67426 6.67426 14.61289 19.66243 19.66243 19.90772 19.90772 22.50817 25.76003
0.46465 2.65775 2.65775 5.02407 6.65676 6.65676 14.54893 19.66362 19.66362 19.90558 19.90558 22.54483 25.74423
0.47475 2.71214 2.71214 5.13036 6.63887 6.63887 14.48419 19.66484 19.66484 19.90341 19.90341 22.58167 25.72810
0.48485 2.76632 2.76632 5.23646 6.62058 6.62058 14.41869 19.66609 19.66609 19.90121 19.90121 22.61866 25.71163
0.49495 2.82028 2.82028 5.34238 6.60189 6.60189 14.35244 19.66738 19.66738 19.89898 19.89898 22.65579 25.69482
0.50505 2.87402 2.87402 5.44810 6.58281 6.58281 14.28546 19.66869 19.66869 19.89672 19.89672 22.69304 25.67769
0.51515 2.92753 2.92753 5.55363 6.56334 6.56334 14.21776 19.67003 19.67003 19.89442 19.89442 22.73041 25.66021
0.52525 2.98081 2.98081 5.65895 6.54346 6.54346 14.14936 19.67140 19.67140 19.89210 19.89210 22.76786 25.64240
0.53535 3.03386 3.03386 5.76408 6.52318 6.52318 14.08028 19.67280 19.67280 19.88975 19.88975 22.80540 25.62427
0.54546 3.08667 3.08667 5.86899 6.50251 6.50251 14.01052 19.67424 19.67424 19.88738 19.88738 22.84301 25.60580
0.55556 3.13924 3.13924 5.97369 6.48144 6.48144 13.94009 19.67570 19.67570 19.88498 19.88498 22.88067 25.58700
0.56566 3.19156 3.19156 6.07818 6.45997 6.45997 13.86903 19.67720 19.67720 19.88255 19.88255 22.91837 25.56787
0.57576 3.24364 3.24364 6.18246 6.43810 6.43810 13.79732 19.67872 19.67872 19.88010 19.88010 22.95610 25.54841
0.58586 3.29546 3.29546 6.28651 6.41583 6.41583 13.72498 19.68027 19.68027 19.87763 19.87763 22.99384 25.52863
0.59596 3.34702 3.34702 6.39033 6.39316 6.39316 13.65203 19.68186 19.68186 19.87513 19.87513 23.03159 25.50852
0.60606 3.39832 3.39832 6.37010 6.37010 6.49393 13.57848 19.68348 19.68348 19.87261 19.87261 23.06934 25.48809
0.61616 3.44936 3.44936 6.34663 6.34663 6.59729 13.50433 19.68512 19.68512 19.87007 19.87007 23.10707 25.46733
0.62626 3.50013 3.50013 6.32276 6.32276 6.70042 13.42960 19.68680 19.68680 19.86752 19.86752 23.14478 25.44625
0.63636 3.55063 3.55063 6.29850 6.29850 6.80331 13.35429 19.68850 19.68850 19.86494 19.86494 23.18245 25.42485
0.64647 3.60086 3.60086 6.27383 6.27383 6.90596 13.27842 19.69024 19.69024 19.86235 19.86235 23.22008 25.40313
0.65657 3.65080 3.65080 6.24876 6.24876 7.00836 13.20199 19.69201 19.69201 19.85974 19.85974 23.25765 25.38109
0.66667 3.70047 3.70047 6.22330 6.22330 7.11051 13.12501 19.69380 19.69380 19.85711 19.85711 23.29516 25.35874
0.67677 3.74985 3.74985 6.19743 6.19743 7.21241 13.04749 19.69563 19.69563 19.85447 19.85447 23.33260 25.33607
0.68687 3.79894 3.79894 6.17116 6.17116 7.31405 12.96944 19.69749 19.69749 19.85182 19.85182 23.36996 25.31308
0.69697 3.84774 3.84774 6.14450 6.14450 7.41544 12.89086 19.69937 19.69937 19.84915 19.84915 23.40724 25.28978
0.70707 3.89624 3.89624 6.11743 6.11743 7.51656 12.81176 19.70128 19.70128 19.84647 19.84647 23.44442 25.26618
0.71717 3.94444 3.94444 6.08996 6.08996 7.61742 12.73216 19.70323 19.70323 19.84379 19.84379 23.48150 25.24226
0.72727 3.99235 3.99235 6.06210 6.06210 7.71800 12.65205 19.70520 19.70520 19.84109 19.84109 23.51847 25.21803
0.73738 4.03995 4.03995 6.03384 6.03384 7.81831 12.57145 19.70720 19.70720 19.83838 19.83838 23.55532 25.19350
0.74747 4.08724 4.08724 6.00518 6.00518 7.91835 12.49035 19.70923 19.70923 19.83567 19.83567 23.59206 25.16866
0.75758 4.13422 4.13422 5.97612 5.97612 8.01811 12.40877 19.71129 19.71129 19.83294 19.83294 23.62866 25.14352
0.76768 4.18088 4.18088 5.94666 5.94666 8.11758 12.32671 19.71337 19.71337 19.83022 19.83022 23.66513 25.11808
0.77778 4.22723 4.22723 5.91681 5.91681 8.21677 12.24418 19.71548 19.71548 19.82748 19.82748 23.70146 25.09234
0.78788 4.27326 4.27326 5.88656 5.88656 8.31566 12.16119 19.71762 19.71762 19.82475 19.82475 23.73764 25.06630
0.79798 4.31896 4.31896 5.85592 5.85592 8.41427 12.07773 19.71979 19.71979 19.82201 19.82201 23.77367 25.03997
0.80808 4.36434 4.36434 5.82488 5.82488 8.51258 11.99382 19.72198 19.72198 19.81927 19.81927 23.80954 25.01335
0.81818 4.40939 4.40939 5.79344 5.79344 8.61059 11.90947 19.72420 19.72420 19.81652 19.81652 23.84525 24.98643
0.82828 4.45411 4.45411 5.76162 5.76162 8.70829 11.82466 19.72644 19.72644 19.81378 19.81378 23.88078 24.95922
0.83838 4.49850 4.49850 5.72939 5.72939 8.80569 11.73942 19.72871 19.72871 19.81104 19.81104 23.91615 24.93173
0.84848 4.54255 4.54255 5.69678 5.69678 8.90277 11.65374 19.73100 19.73100 19.80830 19.80830 23.95134 24.90395
0.85859 4.58626 4.58626 5.66378 5.66378 8.99955 11.56763 19.73332 19.73332 19.80556 19.80556 23.98634 24.87588
0.86869 4.62963 4.62963 5.63039 5.63039 9.09601 11.48110 19.73566 19.73566 19.80283 19.80283 24.02115 24.84754
0.87879 4.67265 4.67265 5.59660 5.59660 9.19215 11.39415 19.73803 19.73803 19.80010 19.80010 24.05578 24.81892
0.88889 4.71533 4.71533 5.56243 5.56243 9.28796 11.30678 19.74041 19.74041 19.79737 19.79737 24.09020 24.79003
0.89899 4.75766 4.75766 5.52788 5.52788 9.38345 11.21901 19.74282 19.74282 19.79465 19.79465 24.12443 24.76086
0.90909 4.79964 4.79964 5.49293 5.49293 9.47860 11.13082 19.74525 19.74525 19.79194 19.79194 24.15844 24.73142
0.91919 4.84127 4.84127 5.45760 5.45760 9.57343 11.04223 19.74770 19.74770 19.78924 19.78924 24.19225 24.70171
0.92929 4.88254 4.88254 5.42189 5.42189 9.66791 10.95325 19.75017 19.75017 19.78655 19.78655 24.22584 24.67174
0.93939 4.92345 4.92345 5.38580 5.38580 9.76205 10.86387 19.75267 19.75267 19.78386 19.78386 24.25922 24.64150
0.94949 4.96400 4.96400 5.34933 5.34933 9.85585 10.77411 19.75518 19.75518 19.78118 19.78118 24.29238 24.61100
0.95960 5.00419 5.00419 5.31247 5.31247 9.94931 10.68395 19.75771 19.75771 19.77852 19.77852 24.32531 24.58024
0.96970 5.04402 5.04402 5.27524 5.27524 10.04241 10.59342 19.76025 19.76025 19.77587 19.77587 24.35801 24.54924
0.97980 5.08348 5.08348 5.23764 5.23764 10.13515 10.50250 19.76282 19.76282 19.77323 19.77323 24.39048 24.51798
0.98990 5.12258 5.12258 5.19965 5.19965 10.22754 10.41122 19.76540 19.76540 19.77061 19.77061 24.42272 24.48647
1.00000 5.16130 5.16130 5.16130 5.16130 10.31956 10.31956 19.76799 19.76799 19.76799 19.76799 24.45472 24.45472
