# 4x4x3 supercell
"kaxis (pi/a or pi/c unit)" f1 f2 f3 f4 f5 f6 f7 f8 f9 f10 f11 f12
0.00000 0.00000 0.00000 0.00000 7.06035 7.06035 16.26931 18.24665 19.63704 19.63704 19.95888 21.45785 26.86617
0.02020 0.14754 0.19281 0.37341 7.06386 7.06989 16.26668 18.24674 19.63737 19.63897 19.95935 21.45747 26.86417
0.04040 0.36038 0.38572 0.71727 7.07438 7.09840 16.25881 18.24703 19.63834 19.64469 19.96080 21.45635 26.85815
0.06061 0.55900 0.57885 1.06562 7.09187 7.14549 16.24575 18.24751 19.63996 19.65402 19.96327 21.45450 26.84814
0.08081 0.75399 0.77229 1.41473 7.11624 7.21056 16.22760 18.24821 19.64224 19.66668 19.96684 21.45198 26.83413
0.10101 0.94747 0.96614 1.76328 7.14741 7.29280 16.20447 18.24911 19.64519 19.68227 19.97165 21.44884 26.81613
0.12121 1.14015 1.16048 2.11061 7.18526 7.39122 16.17653 18.25025 19.64882 19.70027 19.97784 21.44517 26.79415
0.14142 1.33233 1.35537 2.45625 7.22963 7.50470 16.14396 18.25163 19.65315 19.72008 19.98560 21.44107 26.76821
0.16162 1.52415 1.55087 2.79979 7.28036 7.63202 16.10696 18.25329 19.65820 19.74101 19.99513 21.43666 26.73833
0.18182 1.71568 1.74701 3.14091 7.33725 7.77187 16.06576 18.25524 19.66399 19.76235 20.00661 21.43207 26.70452
0.20202 1.90695 1.94384 3.47927 7.40012 7.92295 16.02059 18.25752 19.67054 19.78343 20.02015 21.42746 26.66681
0.22222 2.09798 2.14134 3.81456 7.46872 8.08391 15.97172 18.26014 19.67788 19.80366 20.03570 21.42301 26.62522
0.24243 2.28874 2.33951 4.14649 7.54285 8.25344 15.91941 18.26314 19.68603 19.82265 20.05301 21.41891 26.57979
0.26263 2.47924 2.53832 4.47478 7.62226 8.43027 15.86395 18.26657 19.69502 19.84022 20.07159 21.41533 26.53055
0.28283 2.66943 2.73773 4.79916 7.70670 8.61316 15.80563 18.27045 19.70488 19.85639 20.09075 21.41248 26.47753
0.30303 2.85930 2.93769 5.11936 7.79594 8.80094 15.74474 18.27483 19.71563 19.87134 20.10966 21.41055 26.42079
0.32323 3.04881 3.13812 5.43513 7.88973 8.99248 15.68161 18.27974 19.72732 19.88533 20.12744 21.40968 26.36036
0.34343 3.23791 3.33893 5.74621 7.98783 9.18675 15.61655 18.28524 19.73996 19.89861 20.14325 21.41000 26.29629
0.36364 3.42655 3.54002 6.05237 8.09000 9.38274 15.54989 18.29136 19.75359 19.91145 20.15633 21.41158 26.22865
0.38384 3.61469 3.74129 6.35336 8.19604 9.57950 15.48198 18.29815 19.76824 19.92406 20.16604 21.41441 26.15749
0.40404 3.80228 3.94261 6.64894 8.30573 9.77615 15.41319 18.30566 19.78393 19.93661 20.17190 21.41841 26.08287
0.42424 3.98924 4.14386 6.93885 8.41890 9.97183 15.34389 18.31393 19.80070 19.94925 20.17355 21.42344 26.00487
0.44444 4.17552 4.34489 7.22282 8.53542 10.16571 15.27447 18.32300 19.81857 19.96207 20.17079 21.42925 25.92356
0.46465 4.36106 4.54557 7.50053 8.65520 10.35699 15.20537 18.33291 19.83755 19.97516 20.16356 21.43554 25.83902
0.48485 4.54577 4.74574 7.77161 8.77825 10.54487 15.13704 18.34372 19.85769 19.98855 20.15191 21.44196 25.75134
0.50505 4.72960 4.94526 8.03560 8.90469 10.72854 15.06996 18.35544 19.87898 20.00228 20.13597 21.44813 25.66060
0.52525 4.91246 5.14396 8.29182 9.03485 10.90717 15.00468 18.36813 19.90145 20.01631 20.11600 21.45368 25.56690
0.54546 5.09427 5.34169 8.53936 9.16933 11.07988 14.94178 18.38180 19.92510 20.03045 20.09246 21.45821 25.47036
0.56566 5.27495 5.53830 8.77682 9.30924 11.24577 14.88190 18.39649 19.94994 20.04299 20.06732 21.46140 25.37105
0.58586 5.45443 5.73362 9.00224 9.45629 11.40383 14.82578 18.41220 19.97598 20.03023 20.06461 21.46291 25.26913
0.60606 5.63262 5.92751 9.21311 9.61270 11.55302 14.77418 18.42897 19.99785 20.00321 20.07896 21.46250 25.16468
0.62626 5.80944 6.11980 9.40731 9.78038 11.69219 14.72795 18.44680 19.96179 20.03160 20.09474 21.45995 25.05785
0.64647 5.98480 6.31036 9.58470 9.95926 11.82015 14.68797 18.46568 19.92327 20.06116 20.11106 21.45512 24.94876
0.66667 6.15861 6.49902 9.74780 10.14660 11.93568 14.65512 18.48561 19.88278 20.09185 20.12776 21.44790 24.83757
0.68687 6.33080 6.68566 9.90044 10.33840 12.03760 14.63023 18.50659 19.84076 20.12363 20.14475 21.43826 24.72440
0.70707 6.50128 6.87012 10.04599 10.53112 12.12486 14.61395 18.52858 19.79760 20.15646 20.16199 21.42620 24.60944
0.72727 6.66997 7.05229 10.18675 10.72228 12.19665 14.60666 18.55156 19.75372 20.17943 20.19029 21.41178 24.49283
0.74748 6.83677 7.23203 10.32418 10.91029 12.25252 14.60834 18.57549 19.70955 20.19702 20.22506 21.39510 24.37476
0.76768 7.00163 7.40921 10.45912 11.09416 12.29244 14.61852 18.60032 19.66555 20.21473 20.26068 21.37631 24.25543
0.78788 7.16444 7.58373 10.59207 11.27328 12.31685 14.63621 18.62600 19.62217 20.23251 20.29707 21.35559 24.13501
0.80808 7.32515 7.75546 10.72332 11.44721 12.32661 14.65999 18.65246 19.57992 20.25032 20.33413 21.33316 24.01375
0.82828 7.48367 7.92430 10.85301 11.61570 12.32290 14.68808 18.67963 19.53926 20.26811 20.37174 21.30925 23.89187
0.84849 7.63993 8.09013 10.98121 11.77854 12.30707 14.71852 18.70742 19.50070 20.28584 20.40977 21.28414 23.76962
0.86869 7.79385 8.25287 11.10797 11.93559 12.28056 14.74929 18.73575 19.46471 20.30347 20.44807 21.25813 23.64728
0.88889 7.94538 8.41241 11.23326 12.08672 12.24474 14.77843 18.76452 19.43173 20.32097 20.48648 21.23152 23.52514
0.90909 8.09445 8.56865 11.35705 12.20089 12.23183 14.80410 18.79361 19.40217 20.33828 20.52482 21.20464 23.40354
0.92929 8.24099 8.72148 11.47932 12.15015 12.37082 14.82472 18.82290 19.37634 20.35540 20.56288 21.17783 23.28283
0.94950 8.38493 8.87081 11.60001 12.09353 12.50359 14.83892 18.85228 19.35448 20.37229 20.60042 21.15142 23.16340
0.96970 8.52623 9.01653 11.71906 12.03186 12.63003 14.84559 18.88161 19.33668 20.38896 20.63720 21.12575 23.04570
0.98990 8.66482 9.15850 11.83641 11.96587 12.75003 14.84391 18.91074 19.32293 20.40542 20.67292 21.10115 22.93020
1.01010 8.80065 9.29660 11.89618 11.95200 12.86347 14.83332 18.93954 19.31306 20.42172 20.70727 21.07790 22.81745
1.03030 8.93367 9.43067 11.82330 12.06574 12.97021 14.81353 18.96785 19.30675 20.43795 20.73988 21.05625 22.70803
1.05051 9.06382 9.56051 11.74769 12.17755 13.07013 14.78450 18.99553 19.30356 20.45422 20.77035 21.03643 22.60260
1.07071 9.19106 9.68593 11.66972 12.28731 13.16308 14.74642 19.02243 19.30291 20.47072 20.79823 21.01856 22.50188
1.09091 9.31535 9.80663 11.58975 12.39490 13.24893 14.69971 19.04839 19.30416 20.48766 20.82303 21.00271 22.40662
1.11111 9.43664 9.92232 11.50807 12.50014 13.32757 14.64498 19.07329 19.30659 20.50530 20.84424 20.98884 22.31766
1.13131 9.55489 10.03259 11.42495 12.60281 13.39892 14.58302 19.09700 19.30951 20.52391 20.86133 20.97685 22.23583
1.15152 9.67006 10.13697 11.34064 12.70261 13.46299 14.51479 19.11942 19.31222 20.54378 20.87378 20.96653 22.16192
1.17172 9.78211 10.23487 11.25539 12.79908 13.51988 14.44140 19.14049 19.31413 20.56515 20.88120 20.95762 22.09665
1.19192 9.89102 10.32560 11.16940 12.89162 13.56990 14.36410 19.16016 19.31473 20.58819 20.88331 20.94980 22.04052
1.21212 9.99674 10.40831 11.08290 12.97929 13.61365 14.28431 19.17845 19.31364 20.61300 20.88013 20.94272 21.99380
1.23232 10.09926 10.48200 10.99610 13.06073 13.65219 14.20358 19.19541 19.31063 20.63955 20.87191 20.93606 21.95638
1.25253 10.19854 10.54550 10.90921 13.13394 13.68723 14.12362 19.21116 19.30557 20.66767 20.85922 20.92952 21.92783
1.27273 10.29456 10.59746 10.82248 13.19615 13.72132 14.04624 19.22586 19.29846 20.69697 20.84286 20.92296 21.90738
1.29293 10.38731 10.63616 10.73639 13.24393 13.75769 13.97338 19.23974 19.28941 20.72674 20.82377 20.91648 21.89408
1.31313 10.47675 10.64403 10.66721 13.27392 13.79954 13.90698 19.25308 19.27857 20.75566 20.80286 20.91083 21.88686
1.33333 10.56288 10.56288 10.67187 13.28404 13.84891 13.84891 19.26618 19.26618 20.78100 20.78100 20.90810 21.88468
1.35354 10.47853 10.64567 10.66346 13.27420 13.80085 13.90592 19.25248 19.27937 20.75888 20.79784 20.91265 21.88656
1.37374 10.39493 10.63726 10.72510 13.24583 13.76413 13.96926 19.23773 19.29299 20.73699 20.80141 20.92869 21.89165
1.39394 10.31240 10.59258 10.80114 13.20095 13.73962 14.03713 19.22220 19.30736 20.71567 20.79262 20.95485 21.89923
1.41414 10.23111 10.52945 10.87377 13.14156 13.72765 14.10786 19.20614 19.32276 20.69508 20.77540 20.98676 21.90872
1.43434 10.15115 10.44845 10.94294 13.06937 13.72797 14.18018 19.18979 19.33944 20.67524 20.75235 21.02148 21.91965
1.45455 10.07253 10.35074 11.00859 12.98587 13.73990 14.25314 19.17337 19.35757 20.65610 20.72471 21.05750 21.93165
1.47475 9.99506 10.23803 11.07061 12.89242 13.76237 14.32608 19.15707 19.37729 20.63753 20.69308 21.09402 21.94442
1.49495 9.91793 10.11282 11.12886 12.79032 13.79411 14.39850 19.14108 19.39864 20.61937 20.65780 21.13056 21.95775
1.51515 9.83830 9.97976 11.18312 12.68089 13.83373 14.47003 19.12554 19.42162 20.60143 20.61914 21.16680 21.97146
1.53536 9.74489 9.85196 11.23303 12.56557 13.87986 14.54037 19.11058 19.44619 20.57734 20.58354 21.20253 21.98542
1.55556 9.61587 9.75301 11.27800 12.44602 13.93119 14.60930 19.09632 19.47222 20.53264 20.56553 21.23756 21.99953
1.57576 9.45806 9.67778 11.31705 12.32430 13.98649 14.67662 19.08284 19.49957 20.48533 20.54726 21.27175 22.01369
1.59596 9.28717 9.61215 11.34850 12.20320 14.04466 14.74214 19.07022 19.52807 20.43572 20.52861 21.30499 22.02785
1.61616 9.10916 9.55171 11.36937 12.08681 14.10472 14.80573 19.05850 19.55752 20.38416 20.50949 21.33718 22.04193
1.63636 8.92673 9.49520 11.37453 11.98138 14.16578 14.86723 19.04773 19.58771 20.33103 20.48986 21.36822 22.05589
1.65657 8.74173 9.44219 11.35644 11.89560 14.22707 14.92649 19.03793 19.61843 20.27675 20.46968 21.39803 22.06965
1.67677 8.55571 9.39249 11.30825 11.83745 14.28788 14.98338 19.02910 19.64945 20.22176 20.44896 21.42655 22.08318
1.69697 8.37012 9.34605 11.23054 11.80751 14.34761 15.03777 19.02123 19.68057 20.16652 20.42774 21.45370 22.09639
1.71717 8.18637 9.30283 11.13182 11.79844 14.40570 15.08951 19.01432 19.71161 20.11154 20.40606 21.47942 22.10924
1.73737 8.00587 9.26279 11.02176 11.80170 14.46167 15.13847 19.00832 19.74238 20.05730 20.38399 21.50365 22.12166
1.75758 7.83007 9.22591 10.90740 11.81141 14.51509 15.18451 19.00320 19.77273 20.00433 20.36161 21.52634 22.13356
1.77778 7.66042 9.19216 10.79329 11.82416 14.56555 15.22751 18.99890 19.80252 19.95312 20.33902 21.54742 22.14488
1.79798 7.49843 9.16153 10.68246 11.83801 14.61273 15.26731 18.99537 19.83163 19.90422 20.31630 21.56686 22.15555
1.81818 7.34561 9.13398 10.57708 11.85187 14.65630 15.30381 18.99254 19.85810 19.85999 20.29354 21.58460 22.16549
1.83838 7.20350 9.10946 10.47885 11.86507 14.69599 15.33686 18.99034 19.81526 19.88753 20.27082 21.60061 22.17461
1.85859 7.07362 9.08795 10.38914 11.87720 14.73157 15.36635 18.98870 19.77617 19.91420 20.24824 21.61483 22.18286
1.87879 6.95743 9.06940 10.30909 11.88802 14.76282 15.39215 18.98751 19.74127 19.93998 20.22585 21.62723 22.19017
1.89899 6.85636 9.05378 10.23970 11.89736 14.78957 15.41418 18.98670 19.71097 19.96484 20.20375 21.63779 22.19646
1.91919 6.77169 9.04105 10.18179 11.90511 14.81166 15.43234 18.98619 19.68564 19.98872 20.18205 21.64646 22.20169
1.93940 6.70455 9.03119 10.13603 11.91119 14.82897 15.44655 18.98589 19.66558 20.01143 20.16097 21.65324 22.20581
1.95960 6.65589 9.02416 10.10296 11.91556 14.84140 15.45674 18.98574 19.65106 20.03242 20.14111 21.65809 22.20878
1.97980 6.62640 9.01995 10.08297 11.91820 14.84889 15.46288 18.98566 19.64227 20.04982 20.12437 21.66100 22.21058
2.00000 6.61652 9.01855 10.07628 11.91907 14.85139 15.46492 18.98565 19.63932 20.05769 20.11672 21.66197 22.21118
