"Frequency (THz)" "Total DOS (states/unit cell/THz)" "pDOS Al (states/unit cell/THz)" "pDOS N (states/unit cell/THz)"
0.00000 0.00000 0.00000 0.00000
0.15000 0.00000 0.00000 0.00000
0.30000 0.00000 0.00000 0.00000
0.45000 0.00001 0.00001 0.00000
0.60000 0.00002 0.00001 0.00001
0.75000 0.00004 0.00002 0.00001
0.90000 0.00005 0.00004 0.00002
1.05000 0.00007 0.00005 0.00002
1.20000 0.00010 0.00006 0.00003
1.35000 0.00012 0.00008 0.00004
1.50000 0.00015 0.00010 0.00005
1.65000 0.00018 0.00012 0.00006
1.80000 0.00022 0.00014 0.00007
1.95000 0.00026 0.00017 0.00009
2.10000 0.00030 0.00020 0.00010
2.25000 0.00035 0.00023 0.00012
2.40000 0.00040 0.00026 0.00013
2.55000 0.00045 0.00030 0.00015
2.70000 0.00051 0.00034 0.00017
2.85000 0.00057 0.00038 0.00019
3.00000 0.00063 0.00042 0.00021
3.15000 0.00070 0.00047 0.00023
3.30000 0.00078 0.00052 0.00026
3.45000 0.00086 0.00057 0.00028
3.60000 0.00094 0.00063 0.00031
3.75000 0.00103 0.00069 0.00034
3.90000 0.00113 0.00076 0.00037
4.05000 0.00123 0.00083 0.00040
4.20000 0.00134 0.00091 0.00043
4.35000 0.00146 0.00099 0.00047
4.50000 0.00158 0.00108 0.00051
4.65000 0.00172 0.00117 0.00055
4.80000 0.00187 0.00128 0.00059
4.95000 0.00203 0.00139 0.00064
5.10000 0.00222 0.00152 0.00069
5.25000 0.00236 0.00163 0.00073
5.40000 0.00260 0.00180 0.00080
5.55000 0.00282 0.00196 0.00086
5.70000 0.00307 0.00213 0.00093
5.85000 0.00336 0.00235 0.00102
6.00000 0.00370 0.00259 0.00111
6.15000 0.00407 0.00286 0.00121
6.30000 0.00451 0.00318 0.00133
6.45000 0.00503 0.00356 0.00147
6.60000 0.00584 0.00415 0.00169
6.75000 0.00660 0.00470 0.00189
6.90000 0.00738 0.00528 0.00209
7.05000 0.00859 0.00619 0.00241
7.20000 0.01050 0.00760 0.00289
7.35000 0.01290 0.00940 0.00350
7.50000 0.01175 0.00859 0.00316
7.65000 0.00946 0.00694 0.00252
7.80000 0.00921 0.00678 0.00242
7.95000 0.00912 0.00675 0.00237
8.10000 0.00911 0.00677 0.00234
8.25000 0.00904 0.00675 0.00229
8.40000 0.00858 0.00644 0.00215
8.55000 0.00868 0.00653 0.00214
8.70000 0.00872 0.00659 0.00212
8.85000 0.00868 0.00660 0.00209
9.00000 0.00866 0.00661 0.00205
9.15000 0.00832 0.00637 0.00196
9.30000 0.00819 0.00629 0.00190
9.45000 0.00813 0.00627 0.00186
9.60000 0.00819 0.00634 0.00185
9.75000 0.00823 0.00640 0.00183
9.90000 0.00830 0.00648 0.00182
10.05000 0.00868 0.00679 0.00189
10.20000 0.00758 0.00597 0.00161
10.35000 0.00718 0.00568 0.00150
10.50000 0.00692 0.00550 0.00142
10.65000 0.00697 0.00556 0.00142
10.80000 0.00667 0.00534 0.00133
10.95000 0.00642 0.00516 0.00125
11.10000 0.00627 0.00507 0.00120
11.25000 0.00617 0.00501 0.00116
11.40000 0.00590 0.00480 0.00110
11.55000 0.00565 0.00460 0.00105
11.70000 0.00562 0.00460 0.00102
11.85000 0.00602 0.00499 0.00103
12.00000 0.00605 0.00503 0.00102
12.15000 0.00527 0.00435 0.00092
12.30000 0.00493 0.00404 0.00088
12.45000 0.00400 0.00323 0.00077
12.60000 0.00327 0.00257 0.00070
12.75000 0.00282 0.00216 0.00066
12.90000 0.00276 0.00210 0.00066
13.05000 0.00271 0.00204 0.00067
13.20000 0.00265 0.00197 0.00068
13.35000 0.00261 0.00192 0.00069
13.50000 0.00283 0.00210 0.00073
13.65000 0.00313 0.00235 0.00078
13.80000 0.00349 0.00266 0.00083
13.95000 0.00361 0.00278 0.00083
14.10000 0.00384 0.00300 0.00084
14.25000 0.00417 0.00330 0.00086
14.40000 0.00464 0.00375 0.00089
14.55000 0.00546 0.00454 0.00092
14.70000 0.00768 0.00672 0.00095
14.85000 0.00738 0.00651 0.00087
15.00000 0.00677 0.00600 0.00078
15.15000 0.00655 0.00582 0.00072
15.30000 0.00650 0.00582 0.00068
15.45000 0.00665 0.00599 0.00066
15.60000 0.00682 0.00618 0.00063
15.75000 0.00611 0.00557 0.00054
15.90000 0.00585 0.00537 0.00048
16.05000 0.00577 0.00534 0.00043
16.20000 0.00625 0.00586 0.00039
16.35000 0.00414 0.00384 0.00031
16.50000 0.00332 0.00306 0.00026
16.65000 0.00267 0.00245 0.00022
16.80000 0.00189 0.00172 0.00017
16.95000 0.00038 0.00034 0.00004
17.10000 0.00000 0.00000 0.00000
17.25000 0.00000 0.00000 0.00000
17.40000 0.00000 0.00000 0.00000
17.55000 0.00000 0.00000 0.00000
17.70000 0.00000 0.00000 0.00000
17.85000 0.00000 0.00000 0.00000
18.00000 0.00000 0.00000 0.00000
18.15000 0.00000 0.00000 0.00000
18.30000 0.00209 0.00069 0.00140
18.45000 0.00354 0.00110 0.00244
18.60000 0.00514 0.00152 0.00361
18.75000 0.01343 0.00371 0.00972
18.90000 0.02335 0.00639 0.01697
19.05000 0.01381 0.00373 0.01008
19.20000 0.01137 0.00294 0.00843
19.35000 0.01369 0.00295 0.01075
19.50000 0.01350 0.00289 0.01061
19.65000 0.03801 0.01009 0.02792
19.80000 0.05031 0.01325 0.03706
19.95000 0.04685 0.01174 0.03511
20.10000 0.03297 0.00743 0.02555
20.25000 0.02168 0.00471 0.01697
20.40000 0.01801 0.00355 0.01446
20.55000 0.01605 0.00257 0.01348
20.70000 0.00986 0.00141 0.00845
20.85000 0.00440 0.00065 0.00375
21.00000 0.00151 0.00024 0.00128
21.15000 0.00436 0.00057 0.00379
21.30000 0.00831 0.00093 0.00738
21.45000 0.02012 0.00183 0.01829
21.60000 0.01458 0.00136 0.01322
21.75000 0.00882 0.00090 0.00792
21.90000 0.00907 0.00098 0.00809
22.05000 0.00815 0.00096 0.00718
22.20000 0.00751 0.00098 0.00652
22.35000 0.00615 0.00094 0.00521
22.50000 0.00551 0.00093 0.00458
22.65000 0.00506 0.00093 0.00413
22.80000 0.00471 0.00092 0.00378
22.95000 0.00442 0.00092 0.00350
23.10000 0.00418 0.00092 0.00326
23.25000 0.00397 0.00091 0.00306
23.40000 0.00378 0.00091 0.00288
23.55000 0.00362 0.00090 0.00272
23.70000 0.00346 0.00089 0.00257
23.85000 0.00332 0.00088 0.00244
24.00000 0.00319 0.00087 0.00232
24.15000 0.00306 0.00085 0.00221
24.30000 0.00297 0.00085 0.00212
24.45000 0.00272 0.00079 0.00193
24.60000 0.00268 0.00079 0.00188
24.75000 0.00255 0.00077 0.00178
24.90000 0.00242 0.00074 0.00168
25.05000 0.00228 0.00071 0.00157
25.20000 0.00214 0.00067 0.00146
25.35000 0.00198 0.00063 0.00135
25.50000 0.00182 0.00059 0.00123
25.65000 0.00165 0.00054 0.00111
25.80000 0.00147 0.00048 0.00099
25.95000 0.00128 0.00042 0.00086
26.10000 0.00107 0.00036 0.00071
26.25000 0.00084 0.00028 0.00056
26.40000 0.00061 0.00021 0.00041
26.55000 0.00040 0.00014 0.00027
26.70000 0.00020 0.00007 0.00013
26.85000 0.00000 0.00000 0.00000
27.00000 0.00000 0.00000 0.00000
27.15000 0.00000 0.00000 0.00000
27.30000 0.00000 0.00000 0.00000
27.45000 0.00000 0.00000 0.00000
27.60000 0.00000 0.00000 0.00000
27.75000 0.00000 0.00000 0.00000
27.90000 0.00000 0.00000 0.00000
28.05000 0.00000 0.00000 0.00000
28.20000 0.00000 0.00000 0.00000
28.35000 0.00000 0.00000 0.00000
28.50000 0.00000 0.00000 0.00000
28.65000 0.00000 0.00000 0.00000
28.80000 0.00000 0.00000 0.00000
28.95000 0.00000 0.00000 0.00000
29.10000 0.00000 0.00000 0.00000
29.25000 0.00000 0.00000 0.00000
29.40000 0.00000 0.00000 0.00000
29.55000 0.00000 0.00000 0.00000
29.70000 0.00000 0.00000 0.00000
29.85000 0.00000 0.00000 0.00000
29.99999 0.00000 0.00000 0.00000
