# 4x4x3 supercell
"kaxis (pi/a or pi/c unit)" f1 f2 f3 f4 f5 f6 f7 f8 f9 f10 f11 f12
0.00000 0.00000 0.00000 0.00000 7.06035 7.06035 16.26931 18.24665 19.63704 19.63704 19.95888 21.45785 26.86617
0.01166 -0.00598 0.11130 0.23191 7.06135 7.06371 16.26844 18.24668 19.63697 19.63786 19.95904 21.45773 26.86550
0.02333 0.18297 0.22257 0.42600 7.06434 7.07376 16.26581 18.24677 19.63677 19.64032 19.95951 21.45735 26.86350
0.03499 0.30579 0.33379 0.62452 7.06933 7.09047 16.26143 18.24693 19.63643 19.64440 19.96029 21.45672 26.86016
0.04665 0.42252 0.44492 0.82511 7.07630 7.11376 16.25532 18.24716 19.63596 19.65007 19.96137 21.45585 26.85549
0.05832 0.53678 0.55593 1.02665 7.08523 7.14354 16.24749 18.24745 19.63538 19.65731 19.96273 21.45474 26.84950
0.06998 0.64980 0.66679 1.22861 7.09614 7.17969 16.23796 18.24781 19.63469 19.66607 19.96436 21.45341 26.84218
0.08165 0.76207 0.77748 1.43072 7.10898 7.22206 16.22676 18.24824 19.63392 19.67631 19.96624 21.45186 26.83354
0.09331 0.87388 0.88796 1.63281 7.12375 7.27048 16.21390 18.24874 19.63308 19.68795 19.96834 21.45010 26.82359
0.10497 0.98537 0.99820 1.83478 7.14043 7.32476 16.19942 18.24931 19.63217 19.70094 19.97064 21.44816 26.81234
0.11664 1.09663 1.10818 2.03655 7.15898 7.38471 16.18335 18.24997 19.63123 19.71519 19.97312 21.44604 26.79979
0.12830 1.20771 1.21787 2.23804 7.17938 7.45010 16.16574 18.25071 19.63027 19.73064 19.97575 21.44378 26.78596
0.13996 1.31865 1.32722 2.43920 7.20161 7.52071 16.14661 18.25153 19.62930 19.74717 19.97850 21.44138 26.77086
0.15163 1.42948 1.43621 2.63999 7.22562 7.59629 16.12600 18.25244 19.62835 19.76471 19.98134 21.43888 26.75449
0.16329 1.54021 1.54481 2.84035 7.25139 7.67658 16.10397 18.25345 19.62743 19.78314 19.98425 21.43629 26.73687
0.17495 1.65086 1.65299 3.04025 7.27886 7.76135 16.08056 18.25455 19.62655 19.80235 19.98721 21.43366 26.71801
0.18662 1.76071 1.76142 3.23963 7.30801 7.85034 16.05580 18.25576 19.62572 19.82224 19.99018 21.43101 26.69792
0.19828 1.86795 1.87192 3.43848 7.33878 7.94327 16.02976 18.25708 19.62497 19.84268 19.99315 21.42837 26.67662
0.20994 1.97466 1.98235 3.63673 7.37113 8.03990 16.00248 18.25851 19.62430 19.86355 19.99608 21.42578 26.65412
0.22161 2.08081 2.09271 3.83436 7.40501 8.13996 15.97402 18.26006 19.62372 19.88472 19.99898 21.42327 26.63044
0.23327 2.18637 2.20301 4.03132 7.44036 8.24321 15.94441 18.26175 19.62323 19.90607 20.00181 21.42090 26.60559
0.24494 2.29131 2.31324 4.22759 7.47713 8.34938 15.91373 18.26357 19.62285 19.92745 20.00455 21.41869 26.57958
0.25660 2.39559 2.42340 4.42311 7.51527 8.45824 15.88202 18.26553 19.62258 19.94874 20.00719 21.41670 26.55244
0.26826 2.49918 2.53349 4.61787 7.55471 8.56953 15.84935 18.26763 19.62242 19.96981 20.00972 21.41496 26.52418
0.27993 2.60204 2.64350 4.81181 7.59540 8.68303 15.81575 18.26990 19.62237 19.99051 20.01213 21.41352 26.49481
0.29159 2.70414 2.75344 5.00492 7.63727 8.79850 15.78131 18.27233 19.62244 20.01071 20.01440 21.41242 26.46435
0.30325 2.80544 2.86329 5.19713 7.68025 8.91572 15.74607 18.27493 19.62263 20.01653 20.03027 21.41170 26.43281
0.31492 2.90591 2.97306 5.38844 7.72428 9.03448 15.71011 18.27771 19.62292 20.01852 20.04908 21.41142 26.40022
0.32658 3.00551 3.08272 5.57880 7.76929 9.15455 15.67347 18.28068 19.62333 20.02035 20.06700 21.41159 26.36659
0.33825 3.10421 3.19229 5.76817 7.81522 9.27575 15.63622 18.28385 19.62384 20.02203 20.08391 21.41227 26.33193
0.34991 3.20197 3.30175 5.95653 7.86198 9.39786 15.59844 18.28722 19.62444 20.02356 20.09971 21.41346 26.29625
0.36157 3.29876 3.41108 6.14383 7.90952 9.52069 15.56020 18.29081 19.62515 20.02493 20.11430 21.41520 26.25958
0.37324 3.39455 3.52029 6.33005 7.95776 9.64406 15.52155 18.29462 19.62594 20.02616 20.12757 21.41750 26.22192
0.38490 3.48929 3.62937 6.51516 8.00662 9.76778 15.48259 18.29866 19.62681 20.02724 20.13946 21.42035 26.18329
0.39656 3.58297 3.73829 6.69913 8.05604 9.89167 15.44339 18.30294 19.62775 20.02817 20.14990 21.42377 26.14370
0.40823 3.67554 3.84706 6.88192 8.10594 10.01555 15.40402 18.30747 19.62875 20.02898 20.15882 21.42773 26.10316
0.41989 3.76697 3.95566 7.06349 8.15625 10.13924 15.36458 18.31226 19.62981 20.02966 20.16621 21.43220 26.06169
0.43155 3.85723 4.06408 7.24384 8.20690 10.26258 15.32516 18.31731 19.63092 20.03023 20.17202 21.43716 26.01929
0.44322 3.94629 4.17230 7.42292 8.25782 10.38538 15.28586 18.32263 19.63206 20.03069 20.17625 21.44255 25.97597
0.45488 4.03412 4.28032 7.60070 8.30893 10.50747 15.24678 18.32824 19.63323 20.03106 20.17890 21.44832 25.93174
0.46655 4.12070 4.38811 7.77716 8.36017 10.62867 15.20802 18.33413 19.63442 20.03136 20.17999 21.45441 25.88661
0.47821 4.20599 4.49566 7.95227 8.41146 10.74879 15.16973 18.34032 19.63561 20.03158 20.17955 21.46074 25.84059
0.48987 4.28996 4.60296 8.12601 8.46274 10.86763 15.13201 18.34682 19.63680 20.03175 20.17763 21.46724 25.79367
0.50154 4.37260 4.70999 8.29835 8.51393 10.98501 15.09502 18.35362 19.63798 20.03188 20.17426 21.47384 25.74587
0.51320 4.45387 4.81674 8.46926 8.56499 11.10071 15.05890 18.36073 19.63914 20.03198 20.16951 21.48044 25.69719
0.52486 4.53375 4.92317 8.61583 8.63872 11.21451 15.02384 18.36817 19.64027 20.03208 20.16345 21.48696 25.64763
0.53653 4.61222 5.02928 8.66640 8.80671 11.32617 14.99001 18.37593 19.64136 20.03217 20.15614 21.49333 25.59719
0.54819 4.68925 5.13505 8.71663 8.97320 11.43543 14.95762 18.38402 19.64240 20.03229 20.14767 21.49946 25.54587
0.55986 4.76484 5.24045 8.76647 9.13817 11.54202 14.92689 18.39244 19.64339 20.03243 20.13811 21.50528 25.49368
0.57152 4.83896 5.34546 8.81586 9.30160 11.64565 14.89807 18.40119 19.64432 20.03262 20.12755 21.51070 25.44061
0.58318 4.91158 5.45007 8.86474 9.46348 11.74600 14.87142 18.41028 19.64519 20.03287 20.11607 21.51566 25.38667
0.59485 4.98271 5.55424 8.91306 9.62377 11.84273 14.84724 18.41970 19.64598 20.03319 20.10377 21.52010 25.33184
0.60651 5.05232 5.65796 8.96076 9.78246 11.93546 14.82583 18.42947 19.64670 20.03359 20.09074 21.52397 25.27613
0.61817 5.12040 5.76119 9.00781 9.93953 12.02381 14.80751 18.43956 19.64733 20.03408 20.07706 21.52720 25.21955
0.62984 5.18694 5.86391 9.05414 10.09497 12.10739 14.79264 18.44998 19.64789 20.03468 20.06284 21.52976 25.16207
0.64150 5.25194 5.96609 9.09971 10.24874 12.18578 14.78155 18.46072 19.64836 20.03538 20.04818 21.53162 25.10371
0.65316 5.31537 6.06771 9.14449 10.40085 12.25859 14.77457 18.47179 19.64875 20.03317 20.03621 21.53274 25.04446
0.66483 5.37724 6.16873 9.18843 10.55127 12.32541 14.77203 18.48316 19.64905 20.01792 20.03715 21.53311 24.98432
0.67649 5.43754 6.26912 9.23149 10.69999 12.38592 14.77419 18.49484 19.64926 20.00252 20.03822 21.53270 24.92329
0.68816 5.49627 6.36886 9.27363 10.84698 12.43980 14.78126 18.50681 19.64940 19.98710 20.03942 21.53153 24.86137
0.69982 5.55342 6.46789 9.31483 10.99223 12.48687 14.79334 18.51907 19.64945 19.97175 20.04076 21.52959 24.79855
0.71148 5.60900 6.56619 9.35505 11.13573 12.52699 14.81048 18.53159 19.64943 19.95660 20.04222 21.52688 24.73485
0.72315 5.66300 6.66371 9.39426 11.27746 12.56015 14.83256 18.54437 19.64935 19.94175 20.04382 21.52344 24.67026
0.73481 5.71543 6.76043 9.43243 11.41741 12.58646 14.85939 18.55739 19.64919 19.92733 20.04555 21.51929 24.60479
0.74647 5.76629 6.85629 9.46955 11.55555 12.60612 14.89063 18.57063 19.64897 19.91345 20.04740 21.51446 24.53844
0.75814 5.81558 6.95125 9.50559 11.69187 12.61943 14.92587 18.58408 19.64870 19.90025 20.04938 21.50899 24.47123
0.76980 5.86331 7.04526 9.54052 11.82634 12.62677 14.96458 18.59772 19.64838 19.88784 20.05147 21.50294 24.40317
0.78146 5.90948 7.13827 9.57435 11.95896 12.62858 15.00620 18.61153 19.64801 19.87636 20.05366 21.49637 24.33426
0.79313 5.95411 7.23023 9.60704 12.08967 12.62533 15.05012 18.62550 19.64762 19.86591 20.05596 21.48934 24.26453
0.80479 5.99719 7.32109 9.63859 12.21844 12.61754 15.09572 18.63960 19.64719 19.85664 20.05835 21.48194 24.19400
0.81646 6.03874 7.41078 9.66900 12.34514 12.60577 15.14236 18.65382 19.64674 19.84864 20.06082 21.47425 24.12269
0.82812 6.07876 7.49924 9.69824 12.46915 12.59109 15.18943 18.66815 19.64628 19.84204 20.06336 21.46636 24.05062
0.83978 6.11727 7.58640 9.72633 12.56252 12.60187 15.23633 18.68257 19.64580 19.83693 20.06596 21.45839 23.97784
0.85145 6.15427 7.67219 9.75326 12.54682 12.71691 15.28250 18.69707 19.64532 19.83341 20.06861 21.45044 23.90437
0.86311 6.18977 7.75653 9.77902 12.52320 12.83544 15.32741 18.71163 19.64485 19.83155 20.07130 21.44266 23.83026
0.87477 6.22379 7.83934 9.80362 12.49708 12.95235 15.37056 18.72625 19.64437 19.83140 20.07402 21.43517 23.75556
0.88644 6.25633 7.92053 9.82707 12.46909 13.06732 15.41151 18.74091 19.64391 19.83299 20.07674 21.42812 23.68032
0.89810 6.28741 8.00000 9.84938 12.43960 13.18024 15.44983 18.75560 19.64347 19.83635 20.07947 21.42169 23.60460
0.90976 6.31703 8.07765 9.87054 12.40892 13.29105 15.48516 18.77030 19.64304 19.84144 20.08218 21.41603 23.52848
0.92143 6.34520 8.15337 9.89057 12.37734 13.39969 15.51718 18.78500 19.64263 19.84823 20.08487 21.41134 23.45202
0.93309 6.37193 8.22704 9.90948 12.34511 13.50611 15.54560 18.79967 19.64225 19.85663 20.08752 21.40781 23.37533
0.94475 6.39724 8.29854 9.92729 12.31249 13.61025 15.57020 18.81428 19.64189 19.86653 20.09012 21.40565 23.29849
0.95642 6.42113 8.36772 9.94401 12.27970 13.71203 15.59078 18.82879 19.64156 19.87779 20.09266 21.40506 23.22162
0.96808 6.44360 8.43444 9.95965 12.24700 13.81138 15.60721 18.84314 19.64125 19.89023 20.09513 21.40627 23.14484
0.97975 6.46468 8.49854 9.97423 12.21460 13.90821 15.61941 18.85729 19.64097 19.90364 20.09751 21.40947 23.06830
0.99141 6.48436 8.55986 9.98777 12.18275 14.00240 15.62734 18.87116 19.64072 19.91779 20.09979 21.41489 22.99216
1.00307 6.50265 8.61821 10.00028 12.15166 14.09383 15.63104 18.88467 19.64049 19.93244 20.10197 21.42269 22.91661
1.01474 6.51957 8.67342 10.01178 12.12157 14.18235 15.63057 18.89774 19.64029 19.94730 20.10403 21.43304 22.84186
1.02640 6.53511 8.72528 10.02228 12.09271 14.26777 15.62608 18.91028 19.64011 19.96212 20.10596 21.44606 22.76817
1.03806 6.54928 8.77359 10.03181 12.06532 14.34985 15.61778 18.92218 19.63995 19.97660 20.10775 21.46179 22.69584
1.04973 6.56208 8.81815 10.04037 12.03963 14.42830 15.60596 18.93334 19.63982 19.99051 20.10940 21.48020 22.62525
1.06139 6.57353 8.85874 10.04799 12.01587 14.50274 15.59102 18.94366 19.63970 20.00357 20.11090 21.50114 22.55683
1.07305 6.58362 8.89517 10.05468 11.99426 14.57268 15.57345 18.95305 19.63961 20.01558 20.11224 21.52432 22.49118
1.08472 6.59236 8.92722 10.06045 11.97502 14.63747 15.55396 18.96140 19.63953 20.02634 20.11341 21.54921 22.42904
1.09638 6.59975 8.95472 10.06530 11.95836 14.69626 15.53342 18.96863 19.63946 20.03568 20.11441 21.57504 22.37139
1.10805 6.60579 8.97748 10.06927 11.94445 14.74791 15.51302 18.97466 19.63941 20.04349 20.11524 21.60064 22.31956
1.11971 6.61048 8.99535 10.07234 11.93345 14.79097 15.49421 18.97943 19.63937 20.04965 20.11589 21.62435 22.27533
1.13137 6.61384 9.00821 10.07453 11.92550 14.82371 15.47878 18.98287 19.63934 20.05410 20.11635 21.64404 22.24092
1.14304 6.61585 9.01596 10.07584 11.92068 14.84433 15.46853 18.98495 19.63933 20.05679 20.11663 21.65728 22.21883
1.15470 6.61652 9.01855 10.07628 11.91907 14.85139 15.46492 18.98565 19.63932 20.05769 20.11672 21.66197 22.21118
