# 4x4x3 supercell for harmonic, 4x4x3 supercell for cubic ifcs
# 53x53x33 k points for kappa
# cubic ifcs up to 15NN shell trained with ordinary least squares by 200 configurations.
# Temperature = 300 K
"Frequency (THz)" "kappa spec xx (W/mK/THz)" "kappa spec yy (W/mK/THz)" "kappa spec zz (W/mK/THz)" "cumulative kappa xx (W/mK)" "cumulative kappa yy (W/mK)" "cumulative kappa zz (W/mK)"
0.00000 0.00000 0.00000 0.00000 0.00000 0.00000 0.00000
0.02998 0.00163 0.00163 0.00177 0.00005 0.00005 0.00005
0.05996 0.01308 0.01308 0.01408 0.00044 0.00044 0.00047
0.08994 0.04410 0.04410 0.04750 0.00176 0.00176 0.00190
0.11992 0.10451 0.10451 0.11254 0.00490 0.00490 0.00527
0.14990 0.20414 0.20414 0.21985 0.01102 0.01102 0.01186
0.17988 0.35274 0.35274 0.37986 0.02159 0.02159 0.02325
0.20985 0.56012 0.56012 0.60322 0.03838 0.03838 0.04134
0.23983 0.83611 0.83611 0.90046 0.06345 0.06345 0.06833
0.26981 1.19049 1.19049 1.28209 0.09914 0.09914 0.10677
0.29979 1.63303 1.63303 1.75868 0.14810 0.14810 0.15949
0.32977 2.17357 2.17357 2.34082 0.21326 0.21326 0.22967
0.35975 2.82239 2.82239 3.07556 0.29787 0.29787 0.32187
0.38973 4.11538 4.11538 6.00355 0.42125 0.42125 0.50185
0.41971 6.33618 6.33618 8.85062 0.61120 0.61120 0.76719
0.44969 8.12806 8.12806 11.19845 0.85487 0.85487 1.10291
0.47967 9.57022 9.57022 13.04829 1.14178 1.14178 1.49409
0.50965 10.65641 10.65641 14.37988 1.46125 1.46125 1.92518
0.53963 11.38044 11.38044 15.17280 1.80243 1.80243 2.38005
0.56961 12.13743 12.13743 16.16288 2.16630 2.16630 2.86460
0.59958 12.91407 12.91407 17.47869 2.55345 2.55345 3.38860
0.62956 13.58019 13.58019 18.57158 2.96058 2.96058 3.94536
0.65954 14.15769 14.15769 19.40476 3.38502 3.38502 4.52710
0.68952 14.70027 14.70027 20.48500 3.82572 3.82572 5.14123
0.71950 15.46146 15.46146 22.14392 4.28924 4.28924 5.80509
0.74948 16.80733 16.80733 23.43154 4.79311 4.79311 6.50755
0.77946 18.79297 18.79297 23.53438 5.35651 5.35651 7.21309
0.80944 20.18069 20.18069 22.91529 5.96151 5.96151 7.90007
0.83942 21.41098 21.41098 22.32138 6.60340 6.60340 8.56925
0.86940 22.45650 22.45650 21.88864 7.27663 7.27663 9.22546
0.89938 23.29648 23.29648 21.66352 7.97504 7.97504 9.87491
0.92936 23.85587 23.85587 21.55578 8.69022 8.69022 10.52114
0.95934 24.08169 24.08169 21.41842 9.41217 9.41217 11.16325
0.98932 24.36406 24.36406 21.58977 10.14259 10.14259 11.81049
1.01929 24.66910 24.66910 21.89808 10.88215 10.88215 12.46698
1.04927 24.87144 24.87144 22.18455 11.62777 11.62777 13.13205
1.07925 25.00500 25.00500 22.44670 12.37741 12.37741 13.80499
1.10923 25.19436 25.19436 22.75794 13.13271 13.13271 14.48726
1.13921 25.35671 25.35671 23.19188 13.89289 13.89289 15.18253
1.16919 25.47429 25.47429 23.48575 14.65659 14.65659 15.88662
1.19917 25.55391 25.55391 23.68255 15.42268 15.42268 16.59660
1.22915 25.59821 25.59821 23.82278 16.19009 16.19009 17.31079
1.25913 25.60451 25.60451 23.96081 16.95770 16.95770 18.02912
1.28911 25.56255 25.56255 24.06615 17.72404 17.72404 18.75060
1.31909 25.44320 25.44320 24.10701 18.48681 18.48681 19.47331
1.34907 25.28853 25.28853 24.12576 19.24494 19.24494 20.19658
1.37905 25.15497 25.15497 24.07616 19.99907 19.99907 20.91837
1.40902 25.05930 25.05930 23.95934 20.75033 20.75033 21.63665
1.43900 25.03062 25.03062 23.82255 21.50073 21.50073 22.35083
1.46898 25.16514 25.16514 24.40872 22.25516 22.25516 23.08259
1.49896 25.36361 25.36361 24.58151 23.01554 23.01554 23.81952
1.52894 25.64387 25.64387 24.75079 23.78432 23.78432 24.56153
1.55892 25.99725 25.99725 24.94959 24.56370 24.56370 25.30950
1.58890 26.42398 26.42398 25.20427 25.35587 25.35587 26.06511
1.61888 26.91479 26.91479 25.48783 26.16276 26.16276 26.82922
1.64886 27.45990 27.45990 25.81639 26.98598 26.98598 27.60317
1.67884 28.03163 28.03163 26.22718 27.82635 27.82635 28.38944
1.70882 28.59969 28.59969 26.63476 28.68375 28.68375 29.18793
1.73880 29.17782 29.17782 27.01903 29.55848 29.55848 29.99794
1.76878 29.76753 29.76753 27.40359 30.45089 30.45089 30.81948
1.79875 30.39766 30.39766 27.80750 31.36218 31.36218 31.65313
1.82873 31.08180 31.08180 28.26706 32.29399 32.29399 32.50055
1.85871 31.81147 31.81147 28.80499 33.24768 33.24768 33.36411
1.88869 32.56930 32.56930 29.42616 34.22408 34.22408 34.24628
1.91867 33.32482 33.32482 30.13311 35.22313 35.22313 35.14965
1.94865 34.08882 34.08882 30.91992 36.24509 36.24509 36.07660
1.97863 34.82763 34.82763 31.73589 37.28920 37.28920 37.02802
2.00861 35.52328 35.52328 32.54315 38.35416 38.35416 38.00364
2.03859 36.25735 36.25735 33.27595 39.44112 39.44112 39.00123
2.06857 36.90306 36.90306 33.85652 40.54745 40.54745 40.01622
2.09855 37.45771 37.45771 34.32918 41.67041 41.67041 41.04539
2.12853 37.90769 37.90769 34.71001 42.80685 42.80685 42.08597
2.15851 38.27868 38.27868 34.98750 43.95441 43.95441 43.13486
2.18848 38.56838 38.56838 35.13741 45.11067 45.11067 44.18826
2.21846 38.73887 38.73887 35.18201 46.27203 46.27203 45.24299
2.24844 38.78093 38.78093 35.09391 47.43465 47.43465 46.29508
2.27842 38.71272 38.71272 34.89908 48.59523 48.59523 47.34132
2.30840 38.54583 38.54583 34.64807 49.75080 49.75080 48.38005
2.33838 38.30490 38.30490 34.38525 50.89916 50.89916 49.41089
2.36836 37.97901 37.97901 34.05002 52.03774 52.03774 50.43168
2.39834 37.61632 37.61632 33.68233 53.16545 53.16545 51.44146
2.42832 37.23833 37.23833 33.29930 54.28182 54.28182 52.43974
2.45830 36.85543 36.85543 32.92995 55.38672 55.38672 53.42696
2.48828 36.46876 36.46876 32.58915 56.48003 56.48003 54.40396
2.51826 36.11398 36.11398 32.27453 57.56270 57.56270 55.37152
2.54824 35.77125 35.77125 31.97402 58.63509 58.63509 56.33008
2.57822 35.44776 35.44776 31.69179 59.69779 59.69779 57.28018
2.60819 35.15605 35.15605 31.43148 60.75174 60.75174 58.22247
2.63817 34.89377 34.89377 31.20025 61.79783 61.79783 59.15783
2.66815 34.67275 34.67275 31.00518 62.83729 62.83729 60.08734
2.69813 34.49857 34.49857 30.86832 63.87153 63.87153 61.01275
2.72811 34.34419 34.34419 30.76665 64.90115 64.90115 61.93511
2.75809 34.23041 34.23041 30.71485 65.92735 65.92735 62.85592
2.78807 34.14889 34.14889 30.70331 66.95111 66.95111 63.77638
2.81805 34.08925 34.08925 30.72282 67.97308 67.97308 64.69743
2.84803 34.04725 34.04725 30.75558 68.99379 68.99379 65.61946
2.87801 34.04652 34.04652 30.77753 70.01448 70.01448 66.54214
2.90799 34.03638 34.03638 30.79804 71.03486 71.03486 67.46544
2.93797 34.01927 34.01927 30.81182 72.05473 72.05473 68.38916
2.96795 34.01230 34.01230 30.80441 73.07440 73.07440 69.31265
2.99792 33.99662 33.99662 30.77232 74.09359 74.09359 70.23518
3.02790 33.98885 33.98885 30.72319 75.11255 75.11255 71.15624
3.05788 33.98821 33.98821 30.65754 76.13149 76.13149 72.07533
3.08786 33.98871 33.98871 30.56628 77.15045 77.15045 72.99169
3.11784 33.97751 33.97751 30.46354 78.16907 78.16907 73.90496
3.14782 33.95652 33.95652 30.35423 79.18706 79.18706 74.81496
3.17780 33.93364 33.93364 30.24669 80.20436 80.20436 75.72173
3.20778 33.90826 33.90826 30.14646 81.22091 81.22091 76.62550
3.23776 33.90963 33.90963 30.05399 82.23749 82.23749 77.52649
3.26774 33.88387 33.88387 29.96773 83.25331 83.25331 78.42490
3.29772 33.83524 33.83524 29.88181 84.26766 84.26766 79.32074
3.32770 33.79972 33.79972 29.80168 85.28095 85.28095 80.21417
3.35768 33.77980 33.77980 29.72763 86.29364 86.29364 81.10538
3.38765 33.73764 33.73764 29.65552 87.30507 87.30507 81.99443
3.41763 33.67646 33.67646 29.59718 88.31467 88.31467 82.88173
3.44761 33.61095 33.61095 29.55585 89.32230 89.32230 83.76780
3.47759 33.54527 33.54527 29.51392 90.32796 90.32796 84.65260
3.50757 33.47489 33.47489 29.46098 91.33151 91.33151 85.53582
3.53755 33.38503 33.38503 29.39700 92.33237 92.33237 86.41712
3.56753 33.30224 33.30224 29.32519 93.33075 93.33075 87.29627
3.59751 33.22725 33.22725 29.24543 94.32688 94.32688 88.17302
3.62749 33.13789 33.13789 29.15313 95.32032 95.32032 89.04701
3.65747 33.02408 33.02408 29.05533 96.31036 96.31036 89.91807
3.68745 32.88618 32.88618 28.95400 97.29626 97.29626 90.78609
3.71743 32.75993 32.75993 28.85483 98.27838 98.27838 91.65113
3.74741 32.63137 32.63137 28.75986 99.25665 99.25665 92.51333
3.77738 32.47136 32.47136 28.65526 100.23011 100.23011 93.37239
3.80736 32.28030 32.28030 28.54108 101.19785 101.19785 94.22803
3.83734 32.07549 32.07549 28.41592 102.15945 102.15945 95.07992
3.86732 31.85817 31.85817 28.27750 103.11454 103.11454 95.92766
3.89730 31.62831 31.62831 28.12486 104.06273 104.06273 96.77082
3.92728 31.42387 31.42387 27.96091 105.00479 105.00479 97.60907
3.95726 31.19468 31.19468 27.78766 105.93999 105.93999 98.44212
3.98724 30.94384 30.94384 27.60953 106.86766 106.86766 99.26984
4.01722 30.68883 30.68883 27.43178 107.78769 107.78769 100.09222
4.04720 30.43566 30.43566 27.25355 108.70012 108.70012 100.90926
4.07718 30.19869 30.19869 27.07667 109.60546 109.60546 101.72100
4.10716 29.97310 29.97310 26.90154 110.50403 110.50403 102.52749
4.13714 29.75535 29.75535 26.72689 111.39607 111.39607 103.32874
4.16712 29.54624 29.54624 26.55077 112.28185 112.28185 104.12471
4.19709 29.33513 29.33513 26.37701 113.16129 113.16129 104.91547
4.22707 29.12852 29.12852 26.21087 114.03454 114.03454 105.70125
4.25705 28.94996 28.94996 26.04932 114.90244 114.90244 106.48219
4.28703 28.77671 28.77671 25.88684 115.76514 115.76514 107.25826
4.31701 28.60245 28.60245 25.73187 116.62262 116.62262 108.02968
4.34699 28.39701 28.39701 25.57689 117.47395 117.47395 108.79646
4.37697 28.21452 28.21452 25.42232 118.31979 118.31979 109.55860
4.40695 28.04487 28.04487 25.26434 119.16056 119.16056 110.31601
4.43693 27.88729 27.88729 25.10123 119.99660 119.99660 111.06852
4.46691 27.71381 27.71381 24.93378 120.82744 120.82744 111.81602
4.49689 27.53435 27.53435 24.76477 121.65290 121.65290 112.55845
4.52687 27.35436 27.35436 24.59575 122.47296 122.47296 113.29581
4.55685 27.18140 27.18140 24.43027 123.28784 123.28784 114.02821
4.58682 27.01726 27.01726 24.27606 124.09779 124.09779 114.75599
4.61680 26.85398 26.85398 24.12486 124.90286 124.90286 115.47924
4.64678 26.68623 26.68623 23.97489 125.70289 125.70289 116.19798
4.67676 26.51928 26.51928 23.82375 126.49792 126.49792 116.91220
4.70674 26.34896 26.34896 23.67344 127.28784 127.28784 117.62191
4.73672 26.18748 26.18748 23.52234 128.07292 128.07292 118.32710
4.76670 26.02507 26.02507 23.36516 128.85313 128.85313 119.02757
4.79668 25.86746 25.86746 23.20165 129.62862 129.62862 119.72313
4.82666 25.71546 25.71546 23.04164 130.39955 130.39955 120.41390
4.85664 25.55685 25.55685 22.88867 131.16572 131.16572 121.10009
4.88662 25.40454 25.40454 22.73476 131.92733 131.92733 121.78166
4.91660 25.26218 25.26218 22.58012 132.68467 132.68467 122.45860
4.94658 25.12958 25.12958 22.43005 133.43804 133.43804 123.13103
4.97655 25.00637 25.00637 22.28835 134.18771 134.18771 123.79922
5.00653 24.87431 24.87431 22.15730 134.93343 134.93343 124.46348
5.03651 24.72604 24.72604 22.03811 135.67469 135.67469 125.12416
5.06649 24.61169 24.61169 22.47545 136.41253 136.41253 125.79796
5.09647 24.50819 24.50819 22.28705 137.14727 137.14727 126.46611
5.12645 24.41889 24.41889 22.00949 137.87933 137.87933 127.12594
5.15643 24.33470 24.33470 21.82366 138.60887 138.60887 127.78020
5.18641 24.26315 24.26315 21.58887 139.33626 139.33626 128.42741
5.21639 24.20151 24.20151 21.39110 140.06180 140.06180 129.06870
5.24637 24.15464 24.15464 21.22819 140.78594 140.78594 129.70511
5.27635 24.11845 24.11845 21.16071 141.50899 141.50899 130.33949
5.30633 24.10531 24.10531 21.78387 142.23165 142.23165 130.99255
5.33631 24.07519 24.07519 21.87490 142.95341 142.95341 131.64835
5.36628 24.06648 24.06648 21.90912 143.67490 143.67490 132.30517
5.39626 24.11098 24.11098 22.07687 144.39773 144.39773 132.96701
5.42624 24.11368 24.11368 22.05633 145.12064 145.12064 133.62825
5.45622 24.12085 24.12085 22.15212 145.84377 145.84377 134.29235
5.48620 24.14741 24.14741 22.24205 146.56769 146.56769 134.95915
5.51618 24.19627 24.19627 22.38542 147.29307 147.29307 135.63025
5.54616 24.25615 24.25615 22.49273 148.02025 148.02025 136.30456
5.57614 24.31089 24.31089 22.59343 148.74908 148.74908 136.98190
5.60612 24.37423 24.37423 22.73449 149.47980 149.47980 137.66346
5.63610 24.40839 24.40839 22.85538 150.21154 150.21154 138.34865
5.66608 24.43777 24.43777 22.97673 150.94417 150.94417 139.03747
5.69606 24.46106 24.46106 23.10172 151.67749 151.67749 139.73004
5.72604 24.49658 24.49658 23.19571 152.41188 152.41188 140.42543
5.75602 24.53784 24.53784 23.28581 153.14751 153.14751 141.12353
5.78599 24.59728 24.59728 23.40299 153.88492 153.88492 141.82513
5.81597 24.66380 24.66380 23.51824 154.62432 154.62432 142.53019
5.84595 24.73675 24.73675 23.64859 155.36591 155.36591 143.23916
5.87593 24.78998 24.78998 23.75033 156.10909 156.10909 143.95117
5.90591 24.85256 24.85256 23.88516 156.85415 156.85415 144.66723
5.93589 24.90616 24.90616 23.98653 157.60082 157.60082 145.38633
5.96587 24.95833 24.95833 24.05004 158.34905 158.34905 146.10733
5.99585 25.00860 25.00860 24.11542 159.09879 159.09879 146.83029
6.02583 25.06234 25.06234 24.16232 159.85014 159.85014 147.55466
6.05581 25.12441 25.12441 24.19841 160.60335 160.60335 148.28011
6.08579 25.19266 25.19266 24.22186 161.35861 161.35861 149.00626
6.11577 25.28526 25.28526 24.22659 162.11664 162.11664 149.73256
6.14575 25.36361 25.36361 24.20881 162.87702 162.87702 150.45832
6.17572 25.43029 25.43029 24.16045 163.63941 163.63941 151.18263
6.20570 25.50701 25.50701 24.12566 164.40409 164.40409 151.90590
6.23568 25.58250 25.58250 24.08836 165.17103 165.17103 152.62805
6.26566 25.64891 25.64891 24.04520 165.93997 165.93997 153.34891
6.29564 25.71716 25.71716 23.98986 166.71095 166.71095 154.06811
6.32562 25.78317 25.78317 23.92779 167.48391 167.48391 154.78544
6.35560 25.85445 25.85445 23.86951 168.25900 168.25900 155.50103
6.38558 25.92193 25.92193 23.77815 169.03612 169.03612 156.21389
6.41556 25.98441 25.98441 23.66827 169.81512 169.81512 156.92344
6.44554 26.07764 26.07764 23.61037 170.59690 170.59690 157.63126
6.47552 26.18255 26.18255 23.63922 171.38184 171.38184 158.33995
6.50550 26.29389 26.29389 24.66363 172.17011 172.17011 159.07935
6.53548 26.42468 26.42468 25.21741 172.96230 172.96230 159.83535
6.56545 26.53676 26.53676 25.78320 173.75785 173.75785 160.60831
6.59543 26.64804 26.64804 25.77420 174.55674 174.55674 161.38100
6.62541 26.80318 26.80318 25.56632 175.36028 175.36028 162.14746
6.65539 26.96405 26.96405 25.48847 176.16864 176.16864 162.91158
6.68537 27.14038 27.14038 25.35728 176.98229 176.98229 163.67177
6.71535 27.31440 27.31440 25.12725 177.80115 177.80115 164.42507
6.74533 27.48498 27.48498 24.99953 178.62513 178.62513 165.17454
6.77531 27.63408 27.63408 24.92181 179.45358 179.45358 165.92167
6.80529 27.78686 27.78686 24.86090 180.28661 180.28661 166.66698
6.83527 27.92625 27.92625 24.71413 181.12382 181.12382 167.40790
6.86525 28.07232 28.07232 24.58477 181.96541 181.96541 168.14493
6.89523 28.20655 28.20655 24.46249 182.81102 182.81102 168.87830
6.92521 28.30018 28.30018 24.36102 183.65944 183.65944 169.60862
6.95519 28.39251 28.39251 24.25848 184.51062 184.51062 170.33587
6.98516 28.47070 28.47070 24.13316 185.36415 185.36415 171.05937
7.01514 28.53804 28.53808 23.98533 186.21970 186.21970 171.77843
7.04512 28.62664 28.62664 23.86474 187.07791 187.07791 172.49387
7.07510 28.77544 28.77544 23.74449 187.94057 187.94057 173.20572
7.10508 28.87357 28.87357 23.63322 188.80618 188.80618 173.91422
7.13506 28.89813 28.89813 23.54652 189.67252 189.67252 174.62013
7.16504 28.91177 28.91177 23.55816 190.53928 190.53928 175.32639
7.19502 28.90600 28.90600 23.60550 191.40586 191.40586 176.03406
7.22500 28.90463 28.90463 23.77241 192.27240 192.27240 176.74674
7.25498 28.90633 28.90633 24.03646 193.13899 193.13899 177.46733
7.28496 28.88395 28.88395 24.36152 194.00490 194.00491 178.19767
7.31494 28.83728 28.83728 24.75329 194.86942 194.86943 178.93976
7.34492 28.74208 28.74208 24.92941 195.73109 195.73109 179.68712
7.37489 28.63104 28.63104 25.10550 196.58943 196.58943 180.43977
7.40487 28.46322 28.46322 25.23206 197.44273 197.44273 181.19621
7.43485 28.30241 28.30241 25.34207 198.29122 198.29122 181.95594
7.46483 28.15968 28.15968 25.46365 199.13542 199.13543 182.71932
7.49481 27.98536 27.98536 25.61395 199.97440 199.97441 183.48721
7.52479 27.79666 27.79666 25.62673 200.80773 200.80773 184.25548
7.55477 27.58388 27.58388 25.77410 201.63467 201.63467 185.02817
7.58475 27.40486 27.40486 27.17123 202.45625 202.45625 185.84274
7.61473 27.24648 27.24648 25.35517 203.27308 203.27308 186.60287
7.64471 27.09895 27.09895 23.91338 204.08548 204.08548 187.31978
7.67469 26.94497 26.94497 23.30345 204.89327 204.89327 188.01840
7.70467 26.82329 26.82329 23.14501 205.69742 205.69742 188.71227
7.73465 26.74350 26.74350 23.16766 206.49917 206.49917 189.40681
7.76462 26.67592 26.67592 23.43788 207.29889 207.29889 190.10946
7.79460 26.53609 26.53609 23.85907 208.09442 208.09442 190.82474
7.82458 26.37301 26.37301 24.49064 208.88506 208.88507 191.55895
7.85456 26.19455 26.19455 25.83517 209.67036 209.67036 192.33347
7.88454 26.02507 26.02507 29.08359 210.45057 210.45057 193.20538
7.91452 25.88614 25.88614 25.48320 211.22662 211.22662 193.96934
7.94450 25.75752 25.75752 24.51106 211.99881 211.99881 194.70417
7.97448 25.57723 25.57723 24.10658 212.76559 212.76559 195.42686
8.00446 25.43023 25.43023 24.05678 213.52797 213.52797 196.14807
8.03444 25.28746 25.28746 24.16058 214.28607 214.28607 196.87238
8.06442 25.12728 25.12728 24.05601 215.03937 215.03937 197.59356
8.09440 24.89205 24.89205 23.98733 215.78561 215.78561 198.31269
8.12438 24.65876 24.65876 23.95867 216.52486 216.52487 199.03095
8.15435 24.35138 24.35138 24.04120 217.25490 217.25490 199.75169
8.18433 24.10361 24.10361 23.71431 217.97751 217.97751 200.46262
8.21431 23.91464 23.91464 23.44482 218.69445 218.69445 201.16548
8.24429 23.71324 23.71324 23.61580 219.40536 219.40536 201.87346
8.27427 23.47581 23.47581 24.56166 220.10914 220.10914 202.60980
8.30425 23.21383 23.21383 23.11412 220.80508 220.80508 203.30275
8.33423 22.97383 22.97383 22.18531 221.49381 221.49382 203.96785
8.36421 22.80438 22.80438 22.22011 222.17747 222.17747 204.63399
8.39419 22.53556 22.53556 21.60932 222.85307 222.85307 205.28182
8.42417 22.24742 22.24742 21.19400 223.52003 223.52003 205.91720
8.45415 21.93541 21.93541 20.89215 224.17764 224.17764 206.54353
8.48413 21.68714 21.68714 21.20220 224.82780 224.82780 207.17916
8.51411 21.52969 21.52969 21.65792 225.47325 225.47325 207.82845
8.54409 21.32499 21.32499 21.27058 226.11255 226.11256 208.46612
8.57406 21.08392 21.08392 20.96550 226.74463 226.74464 209.09465
8.60404 20.77010 20.77010 20.69145 227.36731 227.36731 209.71497
8.63402 20.57190 20.57190 20.84929 227.98404 227.98404 210.34001
8.66400 20.38630 20.38630 20.84706 228.59520 228.59520 210.96499
8.69398 20.13003 20.13003 20.66596 229.19869 229.19869 211.58454
8.72396 19.78032 19.78032 20.26022 229.79168 229.79169 212.19193
8.75394 19.51934 19.51934 19.83586 230.37686 230.37686 212.78659
8.78392 19.35606 19.35606 19.69949 230.95714 230.95714 213.37717
8.81390 19.12743 19.12743 19.67141 231.53057 231.53057 213.96690
8.84388 18.84324 18.84324 19.58228 232.09547 232.09547 214.55396
8.87386 18.67522 18.67522 19.38384 232.65534 232.65534 215.13508
8.90384 18.51801 18.51801 19.41650 233.21050 233.21050 215.71717
8.93382 18.35590 18.35590 19.06376 233.76079 233.76079 216.28868
8.96379 18.20763 18.20763 18.75027 234.30664 234.30664 216.85080
8.99377 17.84271 17.84271 18.38358 234.84155 234.84156 217.40193
9.02375 17.59651 17.59651 18.12357 235.36908 235.36909 217.94526
9.05373 17.41918 17.41918 17.93744 235.89130 235.89130 218.48301
9.08371 17.25514 17.25514 17.73070 236.40859 236.40860 219.01456
9.11369 17.15137 17.15137 17.67266 236.92278 236.92278 219.54438
9.14367 16.92584 16.92584 17.40834 237.43020 237.43020 220.06627
9.17365 16.63634 16.63634 17.08805 237.92895 237.92895 220.57855
9.20363 16.44224 16.44224 16.83908 238.42187 238.42188 221.08338
9.23361 16.30498 16.30498 16.66760 238.91069 238.91069 221.58306
9.26359 16.21228 16.21228 16.55242 239.39672 239.39672 222.07929
9.29357 16.08139 16.08139 16.34311 239.87883 239.87883 222.56924
9.32355 15.84523 15.84523 16.12629 240.35385 240.35385 223.05270
9.35352 15.64749 15.64749 16.05841 240.82295 240.82295 223.53411
9.38350 15.44312 15.44312 15.74726 241.28593 241.28593 224.00621
9.41348 15.24244 15.24244 15.44145 241.74288 241.74288 224.46913
9.44346 15.07076 15.07076 15.17346 242.19469 242.19469 224.92402
9.47344 15.02153 15.02153 15.08794 242.64503 242.64503 225.37634
9.50342 14.79337 14.79337 14.94888 243.08852 243.08852 225.82450
9.53340 14.60147 14.60147 14.78736 243.52626 243.52626 226.26781
9.56338 14.37471 14.37471 14.67695 243.95721 243.95721 226.70782
9.59336 14.22214 14.22214 14.45303 244.38357 244.38358 227.14111
9.62334 14.06059 14.06059 14.17711 244.80510 244.80510 227.56613
9.65332 13.90442 13.90442 13.90772 245.22194 245.22195 227.98307
9.68330 13.77203 13.77206 13.80302 245.63482 245.63482 228.39687
9.71328 13.61685 13.61685 13.66776 246.04304 246.04304 228.80662
9.74325 13.43803 13.43803 13.49847 246.44590 246.44591 229.21130
9.77323 13.27372 13.27372 13.44387 246.84384 246.84384 229.61433
9.80321 13.08108 13.08108 13.17528 247.23600 247.23600 230.00932
9.83319 12.95426 12.95426 12.92764 247.62436 247.62436 230.39688
9.86317 12.84495 12.84495 12.70225 248.00944 248.00944 230.77768
9.89315 12.73358 12.73358 12.57330 248.39119 248.39119 231.15462
9.92313 12.61249 12.61249 12.44508 248.76930 248.76930 231.52772
9.95311 12.48033 12.48033 12.36649 249.14345 249.14345 231.89845
9.98309 12.34251 12.34251 12.37516 249.51347 249.51347 232.26945
10.01307 12.22536 12.22536 12.10367 249.87998 249.87998 232.63231
10.04305 12.11538 12.11538 20.92574 250.24319 250.24319 233.25965
10.07303 11.97982 11.97982 12.58404 250.60233 250.60233 233.63691
10.10301 11.84209 11.84209 11.94887 250.95735 250.95735 233.99513
10.13299 11.72011 11.72011 11.63635 251.30871 251.30871 234.34398
10.16296 11.53478 11.53478 11.41960 251.65451 251.65451 234.68633
10.19294 11.43094 11.43094 11.24935 251.99720 251.99720 235.02357
10.22292 11.30235 11.30235 10.92276 252.33604 252.33604 235.35103
10.25290 11.16209 11.16209 10.66641 252.67067 252.67067 235.67080
10.28288 11.04614 11.04614 10.49786 253.00183 253.00183 235.98552
10.31286 10.90875 10.90875 10.32554 253.32886 253.32886 236.29507
10.34284 10.76141 10.76141 10.23498 253.65148 253.65148 236.60191
10.37282 10.63509 10.63509 10.07911 253.97031 253.97031 236.90407
10.40280 10.47762 10.47762 9.87193 254.28442 254.28443 237.20002
10.43278 10.32878 10.32878 9.74598 254.59407 254.59407 237.49220
10.46276 10.22364 10.22364 9.70855 254.90057 254.90057 237.78326
10.49274 10.06983 10.06983 9.54634 255.20246 255.20246 238.06945
10.52272 9.93711 9.93711 9.43880 255.50036 255.50036 238.35242
10.55269 9.79708 9.79708 9.35384 255.79407 255.79407 238.63284
10.58267 9.66529 9.66529 9.26241 256.08383 256.08383 238.91052
10.61265 9.54444 9.54444 10.57655 256.36996 256.36997 239.22759
10.64263 9.44790 9.44790 10.24922 256.65321 256.65321 239.53486
10.67261 9.31941 9.31941 10.08561 256.93259 256.93260 239.83722
10.70259 9.20167 9.20167 9.86723 257.20845 257.20846 240.13303
10.73257 9.06130 9.06130 9.73373 257.48010 257.48011 240.42484
10.76255 8.91307 8.91307 9.58250 257.74731 257.74731 240.71212
10.79253 8.75172 8.75172 9.40747 258.00968 258.00968 240.99414
10.82251 8.58467 8.58467 9.24990 258.26704 258.26705 241.27145
10.85249 8.44621 8.44621 9.13585 258.52025 258.52026 241.54534
10.88247 8.30691 8.30691 8.96834 258.76929 258.76929 241.81420
10.91245 8.14820 8.14820 8.78184 259.01357 259.01357 242.07747
10.94242 8.01368 8.01368 8.63421 259.25381 259.25381 242.33632
10.97240 7.86551 7.86551 8.47350 259.48961 259.48961 242.59035
11.00238 7.72138 7.72138 8.33710 259.72109 259.72110 242.84029
11.03236 7.57284 7.57284 8.18276 259.94812 259.94812 243.08560
11.06234 7.44058 7.44058 8.08776 260.17118 260.17119 243.32807
11.09232 7.27513 7.27513 7.90093 260.38929 260.38929 243.56493
11.12230 7.13047 7.13047 7.74132 260.60305 260.60306 243.79701
11.15228 6.97729 6.97729 7.53651 260.81223 260.81223 244.02295
11.18226 6.85581 6.85581 7.37567 261.01776 261.01776 244.24407
11.21224 6.76074 6.76074 7.24638 261.22044 261.22044 244.46131
11.24222 6.60927 6.60927 7.07586 261.41858 261.41858 244.67344
11.27220 6.48549 6.48549 6.91618 261.61301 261.61301 244.88078
11.30218 6.36720 6.36720 6.76111 261.80390 261.80390 245.08347
11.33215 6.24005 6.24005 6.60240 261.99097 261.99097 245.28141
11.36213 6.12320 6.12320 6.45046 262.17454 262.17454 245.47479
11.39211 5.99755 5.99755 6.26363 262.35434 262.35434 245.66256
11.42209 5.87903 5.87903 6.13681 262.53059 262.53059 245.84654
11.45207 5.75978 5.75978 5.96042 262.70326 262.70326 246.02523
11.48205 5.65965 5.65965 5.84144 262.87293 262.87294 246.20035
11.51203 5.58006 5.58006 5.71202 263.04022 263.04022 246.37159
11.54201 5.48593 5.48593 5.59143 263.20468 263.20469 246.53922
11.57199 5.36578 5.36578 5.45774 263.36555 263.36555 246.70284
11.60197 5.25554 5.25554 5.36248 263.52310 263.52311 246.86360
11.63195 5.17922 5.17922 5.32011 263.67837 263.67837 247.02310
11.66193 5.11407 5.11407 5.22365 263.83169 263.83169 247.17970
11.69191 5.02574 5.02574 5.12901 263.98236 263.98236 247.33346
11.72189 4.94789 4.94789 5.02744 264.13069 264.13069 247.48418
11.75186 4.87701 4.87701 4.93865 264.27690 264.27690 247.63224
11.78184 4.84078 4.84078 4.87537 264.42202 264.42202 247.77840
11.81182 4.79662 4.79662 4.82744 264.56582 264.56582 247.92312
11.84180 4.72373 4.72373 4.73518 264.70744 264.70744 248.06508
11.87178 4.66519 4.66519 4.67740 264.84729 264.84730 248.20530
11.90176 4.62463 4.62463 4.56299 264.98594 264.98594 248.34210
11.93174 4.59558 4.59558 4.46325 265.12371 265.12371 248.47590
11.96172 4.56109 4.56109 4.35665 265.26045 265.26045 248.60651
11.99170 4.55622 4.55622 4.25301 265.39704 265.39704 248.73401
12.02168 4.52056 4.52056 4.15571 265.53256 265.53256 248.85860
12.05166 4.44007 4.44007 4.08096 265.66567 265.66567 248.98094
12.08164 4.33920 4.33920 3.96584 265.79576 265.79576 249.09984
12.11162 4.28006 4.28006 3.90530 265.92407 265.92407 249.21691
12.14159 4.21161 4.21161 3.80984 266.05033 266.05033 249.33113
12.17157 4.12305 4.12305 3.70810 266.17394 266.17394 249.44230
12.20155 4.02735 4.02735 3.61076 266.29468 266.29468 249.55054
12.23153 3.96975 3.96975 3.53485 266.41369 266.41369 249.65652
12.26151 3.90427 3.90427 3.44462 266.53073 266.53073 249.75978
12.29149 3.81260 3.81260 3.33594 266.64503 266.64503 249.85979
12.32147 3.72187 3.72187 3.23794 266.75661 266.75661 249.95686
12.35145 3.66737 3.66737 3.15035 266.86656 266.86656 250.05131
12.38143 3.54759 3.54759 3.06505 266.97291 266.97291 250.14320
12.41141 3.49425 3.49425 2.99400 267.07766 267.07767 250.23295
12.44139 3.41443 3.41443 2.92896 267.18003 267.18003 250.32076
12.47137 3.41603 3.41603 2.87766 267.28244 267.28244 250.40703
12.50135 3.28924 3.28924 2.83563 267.38105 267.38105 250.49204
12.53132 3.23090 3.23090 2.80027 267.47791 267.47791 250.57599
12.56130 3.21813 3.21813 2.77732 267.57438 267.57438 250.65925
12.59128 3.20472 3.20472 2.75961 267.67046 267.67046 250.74198
12.62126 3.19941 3.19941 2.73282 267.76637 267.76638 250.82391
12.65124 3.19004 3.19004 2.73619 267.86201 267.86201 250.90594
12.68122 3.17393 3.17393 2.73976 267.95716 267.95716 250.98808
12.71120 3.16092 3.16092 2.74513 268.05192 268.05192 251.07037
12.74118 3.15351 3.15351 2.75230 268.14646 268.14646 251.15289
12.77116 3.14851 3.14851 2.76081 268.24085 268.24085 251.23565
12.80114 3.14524 3.14524 2.77012 268.33514 268.33515 251.31870
12.83112 3.14274 3.14274 2.78046 268.42936 268.42936 251.40206
12.86110 3.14127 3.14127 2.79146 268.52353 268.52354 251.48574
12.89108 3.14074 3.14074 2.80287 268.61769 268.61769 251.56977
12.92105 3.13944 3.13944 2.81491 268.71181 268.71181 251.65416
12.95103 3.14044 3.14044 2.84567 268.80596 268.80596 251.73947
12.98101 3.14291 3.14291 2.86575 268.90018 268.90018 251.82538
13.01099 3.14698 3.14698 2.88420 268.99452 268.99453 251.91185
13.04097 3.15365 3.15365 2.90111 269.08907 269.08907 251.99882
13.07095 3.16032 3.16032 2.91782 269.18381 269.18381 252.08630
13.10093 3.16609 3.16609 2.93350 269.27873 269.27873 252.17424
13.13091 3.17360 3.17360 2.94907 269.37387 269.37387 252.26265
13.16089 3.18334 3.18334 2.96278 269.46930 269.46931 252.35147
13.19087 3.19628 3.19628 2.97676 269.56513 269.56513 252.44071
13.22085 3.20655 3.20655 2.99087 269.66126 269.66126 252.53038
13.25083 3.21919 3.21919 3.00535 269.75777 269.75777 252.62048
13.28081 3.23617 3.23617 3.02052 269.85478 269.85479 252.71103
13.31079 3.25845 3.25845 3.05335 269.95247 269.95247 252.80257
13.34076 3.28070 3.28070 3.07693 270.05082 270.05082 252.89481
13.37074 3.30202 3.30202 3.09671 270.14981 270.14982 252.98765
13.40072 3.32243 3.32243 3.11422 270.24942 270.24942 253.08101
13.43070 3.34271 3.34271 3.13017 270.34963 270.34963 253.17485
13.46068 3.36216 3.36216 3.14484 270.45043 270.45043 253.26913
13.49066 3.38034 3.38034 3.15835 270.55177 270.55177 253.36381
13.52064 3.39775 3.39775 3.17113 270.65363 270.65363 253.45888
13.55062 3.41373 3.41373 3.18247 270.75597 270.75597 253.55429
13.58060 3.42780 3.42780 3.19224 270.85873 270.85873 253.64999
13.61058 3.43985 3.43985 3.20101 270.96186 270.96186 253.74595
13.64056 3.45082 3.45082 3.22550 271.06531 271.06531 253.84265
13.67054 3.46049 3.46049 3.23944 271.16905 271.16905 253.93977
13.70052 3.46830 3.46830 3.24958 271.27303 271.27303 254.03719
13.73049 3.47480 3.47480 3.26086 271.37720 271.37720 254.13495
13.76047 3.47784 3.47784 3.27133 271.48146 271.48147 254.23302
13.79045 3.47901 3.47901 3.27477 271.58576 271.58576 254.33119
13.82043 3.47774 3.47774 3.27750 271.69002 271.69002 254.42945
13.85041 3.47454 3.47454 3.27587 271.79419 271.79419 254.52766
13.88039 3.46950 3.46950 3.26869 271.89820 271.89820 254.62565
13.91037 3.46246 3.46246 3.27293 272.00200 272.00200 254.72377
13.94035 3.45522 3.45522 3.27480 272.10559 272.10559 254.82195
13.97033 3.44835 3.44835 3.27060 272.20896 272.20897 254.92000
14.00031 3.44201 3.44201 3.26059 272.31215 272.31216 255.01775
14.03029 3.43378 3.43378 3.24444 272.41510 272.41510 255.11501
14.06027 3.42484 3.42484 3.22700 272.51777 272.51777 255.21176
14.09025 3.41573 3.41573 3.20779 272.62017 272.62017 255.30792
14.12022 3.40622 3.40622 3.18894 272.72229 272.72229 255.40353
14.15020 3.39705 3.39705 3.17703 272.82413 272.82413 255.49877
14.18018 3.39058 3.39058 3.16883 272.92577 272.92578 255.59377
14.21016 3.38571 3.38571 3.15095 273.02728 273.02728 255.68823
14.24014 3.37910 3.37910 3.12803 273.12858 273.12858 255.78201
14.27012 3.37170 3.37170 3.10398 273.22966 273.22966 255.87506
14.30010 3.36509 3.36509 3.07826 273.33054 273.33054 255.96735
14.33008 3.35932 3.35932 3.05595 273.43125 273.43125 256.05896
14.36006 3.35365 3.35365 3.03773 273.53179 273.53179 256.15003
14.39004 3.34988 3.34988 3.01545 273.63222 273.63222 256.24043
14.42002 3.34585 3.34585 2.98677 273.73253 273.73253 256.32997
14.45000 3.33961 3.33961 2.95351 273.83264 273.83265 256.41852
14.47998 3.33374 3.33374 2.92246 273.93259 273.93259 256.50613
14.50995 3.32673 3.32673 2.89180 274.03232 274.03232 256.59283
14.53993 3.31953 3.31953 2.86295 274.13184 274.13184 256.67865
14.56991 3.31456 3.31456 2.83026 274.23121 274.23121 256.76350
14.59989 3.31036 3.31036 2.79854 274.33045 274.33045 256.84740
14.62987 3.31202 3.31202 2.76902 274.42974 274.42974 256.93041
14.65985 3.31269 3.31269 2.74026 274.52905 274.52905 257.01257
14.68983 3.31366 3.31366 2.71141 274.62839 274.62839 257.09385
14.71981 3.31323 3.31323 2.68739 274.72772 274.72772 257.17442
14.74979 3.31202 3.31202 2.66428 274.82701 274.82701 257.25429
14.77977 3.30512 3.30512 2.64216 274.92610 274.92610 257.33350
14.80975 3.29615 3.29615 2.62492 275.02491 275.02492 257.41219
14.83973 3.27957 3.27957 2.60991 275.12323 275.12323 257.49044
14.86971 3.26089 3.26089 2.60033 275.22099 275.22099 257.56839
14.89969 3.24291 3.24291 2.58942 275.31821 275.31821 257.64602
14.92966 3.22426 3.22426 2.57888 275.41487 275.41487 257.72333
14.95964 3.20368 3.20368 2.56644 275.51092 275.51092 257.80027
14.98962 3.18243 3.18243 2.55734 275.60632 275.60633 257.87694
15.01960 3.16152 3.16152 2.54786 275.70110 275.70111 257.95332
15.04958 3.13710 3.13710 2.53519 275.79515 275.79515 258.02933
15.07956 3.11045 3.11045 2.52291 275.88840 275.88840 258.10496
15.10954 3.08133 3.08133 2.51117 275.98078 275.98078 258.18025
15.13952 3.05148 3.05148 2.49826 276.07226 276.07226 258.25514
15.16950 3.02076 3.02076 2.48185 276.16282 276.16282 258.32954
15.19948 2.98933 2.98933 2.46364 276.25244 276.25244 258.40340
15.22946 2.95731 2.95731 2.44409 276.34109 276.34110 258.47668
15.25944 2.92372 2.92372 2.42578 276.42874 276.42875 258.54940
15.28942 2.88706 2.88706 2.40743 276.51530 276.51530 258.62157
15.31939 2.84967 2.84967 2.38789 276.60073 276.60073 258.69316
15.34937 2.80958 2.80958 2.36614 276.68496 276.68496 258.76409
15.37935 2.77005 2.77005 2.34502 276.76800 276.76800 258.83439
15.40933 2.73086 2.73086 2.32351 276.84987 276.84987 258.90405
15.43931 2.69043 2.69043 2.30129 276.93053 276.93053 258.97304
15.46929 2.64640 2.64640 2.27974 277.00986 277.00987 259.04139
15.49927 2.60283 2.60283 2.26053 277.08789 277.08790 259.10916
15.52925 2.55583 2.55583 2.23948 277.16452 277.16452 259.17629
15.55923 2.50387 2.50387 2.21373 277.23958 277.23958 259.24266
15.58921 2.45513 2.45513 2.19032 277.31318 277.31319 259.30832
15.61919 2.40433 2.40433 2.16717 277.38526 277.38527 259.37329
15.64917 2.34949 2.34949 2.13638 277.45570 277.45570 259.43734
15.67915 2.29429 2.29429 2.09782 277.52448 277.52448 259.50023
15.70912 2.24202 2.24202 2.06313 277.59169 277.59170 259.56208
15.73910 2.18981 2.18981 2.02573 277.65734 277.65735 259.62281
15.76908 2.13798 2.13798 1.97894 277.72144 277.72144 259.68214
15.79906 2.08181 2.08181 1.92603 277.78385 277.78385 259.73988
15.82904 2.02820 2.02820 1.88037 277.84465 277.84466 259.79625
15.85902 1.97313 1.97313 1.83310 277.90381 277.90381 259.85121
15.88900 1.91556 1.91556 1.77806 277.96123 277.96124 259.90451
15.91898 1.86115 1.86115 1.72316 278.01703 278.01703 259.95617
15.94896 1.80401 1.80401 1.66865 278.07111 278.07111 260.00620
15.97894 1.74427 1.74427 1.60648 278.12340 278.12341 260.05436
16.00892 1.68527 1.68527 1.54454 278.17393 278.17393 260.10066
16.03890 1.62803 1.62803 1.48436 278.22273 278.22274 260.14516
16.06888 1.56885 1.56885 1.41918 278.26977 278.26977 260.18771
16.09885 1.50798 1.50798 1.34993 278.31498 278.31498 260.22818
16.12883 1.44463 1.44463 1.27755 278.35828 278.35829 260.26648
16.15881 1.38476 1.38476 1.20610 278.39980 278.39980 260.30264
16.18879 1.32552 1.32552 1.13579 278.43954 278.43954 260.33669
16.21877 1.26281 1.26281 1.04682 278.47739 278.47740 260.36807
16.24875 1.19850 1.19850 0.96530 278.51332 278.51333 260.39701
16.27873 1.13512 1.13512 0.89909 278.54735 278.54736 260.42396
16.30871 1.07288 1.07288 0.83791 278.57952 278.57952 260.44908
16.33869 1.00943 1.00943 0.78414 278.60978 278.60978 260.47259
16.36867 0.94352 0.94352 0.72397 278.63807 278.63807 260.49430
16.39865 0.88088 0.88088 0.66746 278.66447 278.66448 260.51431
16.42863 0.82224 0.82224 0.61589 278.68912 278.68913 260.53277
16.45861 0.75752 0.75752 0.56859 278.71183 278.71184 260.54982
16.48859 0.69378 0.69378 0.51539 278.73263 278.73264 260.56527
16.51856 0.63614 0.63614 0.46716 278.75170 278.75171 260.57927
16.54854 0.58157 0.58157 0.42329 278.76914 278.76914 260.59196
16.57852 0.51826 0.51826 0.37933 278.78468 278.78468 260.60333
16.60850 0.46119 0.46119 0.33440 278.79850 278.79850 260.61336
16.63848 0.40808 0.40808 0.29023 278.81074 278.81074 260.62206
16.66846 0.35848 0.35848 0.25688 278.82148 278.82149 260.62976
16.69844 0.30171 0.30171 0.21465 278.83053 278.83053 260.63620
16.72842 0.25438 0.25438 0.17896 278.83815 278.83816 260.64156
16.75840 0.21391 0.21391 0.14880 278.84457 278.84457 260.64602
16.78838 0.16441 0.16441 0.11471 278.84950 278.84950 260.64946
16.81836 0.12455 0.12455 0.08626 278.85323 278.85323 260.65205
16.84834 0.08933 0.08933 0.06034 278.85591 278.85591 260.65386
16.87832 0.05607 0.05607 0.03819 278.85759 278.85759 260.65500
16.90829 0.02989 0.02989 0.01898 278.85849 278.85849 260.65557
16.93827 0.01034 0.01034 0.00500 278.85880 278.85880 260.65572
16.96825 0.00000 0.00000 0.00000 278.85880 278.85880 260.65572
16.99823 0.00000 0.00000 0.00000 278.85880 278.85880 260.65572
17.02821 0.00000 0.00000 0.00000 278.85880 278.85880 260.65572
17.05819 0.00000 0.00000 0.00000 278.85880 278.85880 260.65572
17.08817 0.00000 0.00000 0.00000 278.85880 278.85880 260.65572
17.11815 0.00000 0.00000 0.00000 278.85880 278.85880 260.65572
17.14813 0.00000 0.00000 0.00000 278.85880 278.85880 260.65572
17.17811 0.00000 0.00000 0.00000 278.85880 278.85880 260.65572
17.20809 0.00000 0.00000 0.00000 278.85880 278.85880 260.65572
17.23807 0.00000 0.00000 0.00000 278.85880 278.85880 260.65572
17.26805 0.00000 0.00000 0.00000 278.85880 278.85880 260.65572
17.29802 0.00000 0.00000 0.00000 278.85880 278.85880 260.65572
17.32800 0.00000 0.00000 0.00000 278.85880 278.85880 260.65572
17.35798 0.00000 0.00000 0.00000 278.85880 278.85880 260.65572
17.38796 0.00000 0.00000 0.00000 278.85880 278.85880 260.65572
17.41794 0.00000 0.00000 0.00000 278.85880 278.85880 260.65572
17.44792 0.00000 0.00000 0.00000 278.85880 278.85880 260.65572
17.47790 0.00000 0.00000 0.00000 278.85880 278.85880 260.65572
17.50788 0.00000 0.00000 0.00000 278.85880 278.85880 260.65572
17.53786 0.00000 0.00000 0.00000 278.85880 278.85880 260.65572
17.56784 0.00000 0.00000 0.00000 278.85880 278.85880 260.65572
17.59782 0.00000 0.00000 0.00000 278.85880 278.85880 260.65572
17.62780 0.00000 0.00000 0.00000 278.85880 278.85880 260.65572
17.65778 0.00000 0.00000 0.00000 278.85880 278.85880 260.65572
17.68776 0.00000 0.00000 0.00000 278.85880 278.85880 260.65572
17.71773 0.00000 0.00000 0.00000 278.85880 278.85880 260.65572
17.74771 0.00000 0.00000 0.00000 278.85880 278.85880 260.65572
17.77769 0.00000 0.00000 0.00000 278.85880 278.85880 260.65572
17.80767 0.00000 0.00000 0.00000 278.85880 278.85880 260.65572
17.83765 0.00000 0.00000 0.00000 278.85880 278.85880 260.65572
17.86763 0.00000 0.00000 0.00000 278.85880 278.85880 260.65572
17.89761 0.00000 0.00000 0.00000 278.85880 278.85880 260.65572
17.92759 0.00000 0.00000 0.00000 278.85880 278.85880 260.65572
17.95757 0.00000 0.00000 0.00000 278.85880 278.85880 260.65572
17.98755 0.00000 0.00000 0.00000 278.85880 278.85880 260.65572
18.01753 0.00000 0.00000 0.00000 278.85880 278.85880 260.65572
18.04751 0.00000 0.00000 0.00000 278.85880 278.85880 260.65572
18.07749 0.00000 0.00000 0.00000 278.85880 278.85880 260.65572
18.10746 0.00000 0.00000 0.00000 278.85880 278.85880 260.65572
18.13744 0.00000 0.00000 0.00000 278.85880 278.85880 260.65572
18.16742 0.00000 0.00000 0.00000 278.85880 278.85880 260.65572
18.19740 0.00000 0.00000 0.00000 278.85880 278.85880 260.65572
18.22738 0.00000 0.00000 0.00000 278.85880 278.85880 260.65572
18.25736 0.00017 0.00017 0.00210 278.85880 278.85880 260.65578
18.28734 0.00120 0.00120 0.03489 278.85884 278.85884 260.65683
18.31732 0.00270 0.00270 0.06104 278.85892 278.85892 260.65866
18.34730 0.00464 0.00464 0.08399 278.85906 278.85906 260.66118
18.37728 0.00697 0.00697 0.11785 278.85926 278.85927 260.66471
18.40726 0.00961 0.00961 0.12695 278.85955 278.85955 260.66851
18.43724 0.01268 0.01268 0.15191 278.85993 278.85993 260.67307
18.46722 0.01591 0.01591 0.17369 278.86041 278.86041 260.67828
18.49719 0.01948 0.01948 0.18886 278.86099 278.86100 260.68394
18.52717 0.02332 0.02332 0.21098 278.86169 278.86169 260.69026
18.55715 0.02742 0.02742 0.23213 278.86251 278.86252 260.69722
18.58713 0.03182 0.03182 0.24500 278.86347 278.86347 260.70457
18.61711 0.03629 0.03629 0.26485 278.86456 278.86456 260.71251
18.64709 0.04083 0.04083 0.28466 278.86578 278.86578 260.72104
18.67707 0.04556 0.04556 0.29684 278.86715 278.86715 260.72994
18.70705 0.05033 0.05033 0.31392 278.86866 278.86866 260.73935
18.73703 0.05657 0.05657 0.33256 278.87035 278.87035 260.74932
18.76701 0.07252 0.07252 0.36192 278.87253 278.87253 260.76017
18.79699 0.09180 0.09180 0.40041 278.87528 278.87528 260.77218
18.82697 0.11488 0.11488 0.45171 278.87872 278.87872 260.78572
18.85695 0.13833 0.13833 0.50168 278.88287 278.88287 260.80076
18.88692 0.15748 0.15748 0.54011 278.88759 278.88759 260.81695
18.91690 0.17215 0.17215 0.57193 278.89275 278.89275 260.83409
18.94688 0.18119 0.18119 0.59625 278.89818 278.89818 260.85197
18.97686 0.18329 0.18329 0.61182 278.90368 278.90368 260.87031
19.00684 0.18383 0.18383 0.62133 278.90919 278.90919 260.88894
19.03682 0.19087 0.19087 0.63004 278.91491 278.91491 260.90783
19.06680 0.19724 0.19724 0.63294 278.92082 278.92083 260.92680
19.09678 0.20477 0.20477 0.63511 278.92696 278.92696 260.94584
19.12676 0.21185 0.21185 0.63437 278.93331 278.93332 260.96486
19.15674 0.22059 0.22059 0.63294 278.93993 278.93993 260.98383
19.18672 0.22882 0.22882 0.62730 278.94679 278.94679 261.00264
19.21670 0.23997 0.23997 0.62310 278.95398 278.95398 261.02132
19.24668 0.25181 0.25181 0.61459 278.96153 278.96153 261.03975
19.27666 0.26899 0.26899 0.60525 278.96959 278.96960 261.05789
19.30663 0.29504 0.29504 0.58937 278.97844 278.97844 261.07556
19.33661 0.32442 0.32442 0.56789 278.98816 278.98817 261.09259
19.36659 0.34851 0.34851 0.55095 278.99861 278.99861 261.10910
19.39657 0.36916 0.36916 0.53260 279.00968 279.00968 261.12507
19.42655 0.38763 0.38763 0.51389 279.02130 279.02130 261.14047
19.45653 0.40258 0.40258 0.49524 279.03337 279.03337 261.15532
19.48651 0.41719 0.41719 0.47666 279.04588 279.04588 261.16961
19.51649 0.42629 0.42629 0.45542 279.05866 279.05866 261.18327
19.54647 0.43804 0.43804 0.43530 279.07179 279.07179 261.19632
19.57645 0.44171 0.44171 0.41299 279.08503 279.08503 261.20870
19.60643 0.44237 0.44237 0.38917 279.09829 279.09829 261.22036
19.63641 0.44668 0.44668 0.36352 279.11168 279.11169 261.23126
19.66639 0.50118 0.50118 0.34464 279.12671 279.12671 261.24159
19.69636 0.55625 0.55625 0.33176 279.14338 279.14339 261.25154
19.72634 0.59051 0.59051 0.32656 279.16109 279.16109 261.26133
19.75632 0.56649 0.56649 0.30678 279.17807 279.17807 261.27053
19.78630 0.54745 0.54745 0.25938 279.19448 279.19448 261.27830
19.81628 0.50752 0.50752 0.22709 279.20970 279.20970 261.28511
19.84626 0.44564 0.44564 0.17472 279.22306 279.22306 261.29035
19.87624 0.43667 0.43667 0.18429 279.23615 279.23615 261.29587
19.90622 0.54925 0.54925 0.19574 279.25261 279.25262 261.30174
19.93620 0.65592 0.65592 0.22122 279.27228 279.27228 261.30837
19.96618 0.60078 0.60075 0.20674 279.29029 279.29029 261.31457
19.99616 0.57523 0.57523 0.19540 279.30753 279.30754 261.32043
20.02614 0.55652 0.55652 0.17856 279.32422 279.32422 261.32578
20.05612 0.56889 0.56889 0.16858 279.34127 279.34127 261.33084
20.08609 0.60298 0.60298 0.16255 279.35935 279.35935 261.33571
20.11607 0.65369 0.65369 0.15674 279.37895 279.37895 261.34041
20.14605 0.68044 0.68044 0.14367 279.39935 279.39935 261.34471
20.17603 0.67577 0.67577 0.11671 279.41961 279.41961 261.34821
20.20601 0.63861 0.63861 0.07969 279.43875 279.43875 261.35060
20.23599 0.60252 0.60252 0.05190 279.45681 279.45681 261.35216
20.26597 0.58110 0.58110 0.04747 279.47423 279.47424 261.35358
20.29595 0.55845 0.55845 0.04400 279.49098 279.49098 261.35490
20.32593 0.53127 0.53127 0.04113 279.50690 279.50690 261.35613
20.35591 0.50555 0.50555 0.03883 279.52206 279.52206 261.35730
20.38589 0.47690 0.47690 0.03686 279.53636 279.53636 261.35840
20.41587 0.44654 0.44654 0.03529 279.54974 279.54974 261.35946
20.44585 0.41896 0.41896 0.03392 279.56230 279.56230 261.36048
20.47582 0.38947 0.38947 0.03299 279.57398 279.57398 261.36147
20.50580 0.36285 0.36285 0.03212 279.58486 279.58486 261.36243
20.53578 0.33423 0.33423 0.03192 279.59488 279.59488 261.36339
20.56576 0.30965 0.30965 0.03216 279.60416 279.60416 261.36435
20.59574 0.28373 0.28373 0.03306 279.61267 279.61267 261.36534
20.62572 0.25731 0.25731 0.03512 279.62038 279.62038 261.36639
20.65570 0.23103 0.23103 0.04293 279.62731 279.62731 261.36768
20.68568 0.19964 0.19964 0.03609 279.63329 279.63329 261.36876
20.71566 0.17018 0.17018 0.03546 279.63839 279.63839 261.36983
20.74564 0.14170 0.14170 0.03119 279.64264 279.64264 261.37076
20.77562 0.11201 0.11201 0.02548 279.64600 279.64600 261.37153
20.80560 0.09380 0.09380 0.01835 279.64881 279.64881 261.37208
20.83558 0.07062 0.07062 0.00937 279.65093 279.65093 261.37236
20.86556 0.03779 0.03779 0.00330 279.65206 279.65206 261.37246
20.89553 0.00304 0.00304 0.00013 279.65215 279.65215 261.37246
20.92551 0.00070 0.00070 0.00017 279.65217 279.65217 261.37246
20.95549 0.00774 0.00774 0.00107 279.65241 279.65241 261.37250
20.98547 0.01591 0.01591 0.00280 279.65288 279.65288 261.37258
21.01545 0.02592 0.02592 0.00520 279.65366 279.65366 261.37274
21.04543 0.03476 0.03476 0.00854 279.65470 279.65470 261.37299
21.07541 0.04456 0.04456 0.01281 279.65604 279.65604 261.37338
21.10539 0.05364 0.05364 0.01798 279.65765 279.65765 261.37392
21.13537 0.06278 0.06278 0.02382 279.65953 279.65953 261.37463
21.16535 0.07178 0.07178 0.03082 279.66168 279.66168 261.37555
21.19533 0.08059 0.08059 0.03926 279.66410 279.66410 261.37673
21.22531 0.08936 0.08936 0.04820 279.66677 279.66678 261.37818
21.25529 0.09884 0.09884 0.05927 279.66974 279.66974 261.37995
21.28526 0.10894 0.10894 0.07238 279.67300 279.67300 261.38212
21.31524 0.11992 0.11992 0.08669 279.67660 279.67660 261.38472
21.34522 0.13296 0.13296 0.10401 279.68058 279.68059 261.38784
21.37520 0.14764 0.14764 0.12415 279.68501 279.68501 261.39156
21.40518 0.16882 0.16882 0.14770 279.69007 279.69007 261.39599
21.43516 0.19857 0.19857 0.21652 279.69603 279.69603 261.40248
21.46514 0.22996 0.22996 0.31985 279.70292 279.70292 261.41207
21.49512 0.26025 0.26025 0.36062 279.71072 279.71072 261.42288
21.52510 0.29691 0.29691 0.45495 279.71962 279.71962 261.43652
21.55508 0.34040 0.34040 0.54411 279.72983 279.72983 261.45283
21.58506 0.37436 0.37436 0.60489 279.74105 279.74105 261.47097
21.61504 0.39541 0.39541 0.65392 279.75290 279.75291 261.49057
21.64502 0.39854 0.39854 0.70679 279.76485 279.76485 261.51176
21.67499 0.40061 0.40061 0.74448 279.77686 279.77686 261.53408
21.70497 0.41692 0.41692 0.76726 279.78936 279.78936 261.55708
21.73495 0.44648 0.44648 0.79829 279.80275 279.80275 261.58101
21.76493 0.47426 0.47426 0.82304 279.81696 279.81697 261.60569
21.79491 0.50101 0.50101 0.83861 279.83198 279.83198 261.63083
21.82489 0.52690 0.52690 0.84672 279.84778 279.84778 261.65621
21.85487 0.55091 0.55091 0.85609 279.86430 279.86430 261.68188
21.88485 0.57573 0.57573 0.86323 279.88156 279.88156 261.70775
21.91483 0.60128 0.60128 0.86643 279.89958 279.89958 261.73373
21.94481 0.62697 0.62697 0.86637 279.91838 279.91838 261.75970
21.97479 0.65352 0.65352 0.86253 279.93797 279.93797 261.78556
22.00477 0.67573 0.67573 0.85756 279.95823 279.95823 261.81127
22.03475 0.70242 0.70242 0.85349 279.97929 279.97929 261.83686
22.06472 0.72530 0.72530 0.84802 280.00103 280.00103 261.86228
22.09470 0.74782 0.74782 0.84185 280.02345 280.02345 261.88752
22.12468 0.77003 0.77003 0.83428 280.04653 280.04654 261.91253
22.15466 0.79435 0.79435 0.82570 280.07035 280.07035 261.93728
22.18464 0.81336 0.81336 0.81560 280.09473 280.09473 261.96173
22.21462 0.83298 0.83298 0.80616 280.11970 280.11971 261.98590
22.24460 0.84082 0.84082 0.79662 280.14491 280.14491 262.00978
22.27458 0.84662 0.84662 0.78731 280.17029 280.17029 262.03339
22.30456 0.84905 0.84905 0.77757 280.19575 280.19575 262.05670
22.33454 0.84949 0.84949 0.76736 280.22121 280.22121 262.07970
22.36452 0.84685 0.84685 0.75656 280.24660 280.24660 262.10238
22.39450 0.84278 0.84278 0.74575 280.27187 280.27187 262.12474
22.42448 0.83978 0.83978 0.73591 280.29704 280.29704 262.14680
22.45446 0.83531 0.83531 0.72630 280.32209 280.32209 262.16858
22.48443 0.82937 0.82937 0.71670 280.34695 280.34695 262.19006
22.51441 0.82244 0.82244 0.70712 280.37161 280.37161 262.21126
22.54439 0.81450 0.81450 0.69762 280.39602 280.39602 262.23218
22.57437 0.80599 0.80599 0.68851 280.42019 280.42019 262.25282
22.60435 0.79859 0.79859 0.67997 280.44413 280.44413 262.27320
22.63433 0.79058 0.79058 0.67200 280.46783 280.46783 262.29335
22.66431 0.78211 0.78211 0.66416 280.49127 280.49128 262.31326
22.69429 0.77320 0.77320 0.65639 280.51445 280.51446 262.33294
22.72427 0.76386 0.76386 0.64888 280.53735 280.53736 262.35239
22.75425 0.75409 0.75409 0.64184 280.55996 280.55996 262.37163
22.78423 0.74488 0.74488 0.63554 280.58229 280.58229 262.39068
22.81421 0.73644 0.73644 0.62984 280.60437 280.60437 262.40957
22.84419 0.72804 0.72804 0.62480 280.62620 280.62620 262.42830
22.87416 0.71980 0.71980 0.62073 280.64778 280.64778 262.44691
22.90414 0.71169 0.71169 0.61753 280.66911 280.66911 262.46542
22.93412 0.70365 0.70365 0.61523 280.69021 280.69021 262.48386
22.96410 0.69565 0.69565 0.61369 280.71106 280.71106 262.50226
22.99408 0.68811 0.68811 0.61252 280.73169 280.73169 262.52062
23.02406 0.68114 0.68114 0.61159 280.75211 280.75211 262.53896
23.05404 0.67407 0.67407 0.61079 280.77232 280.77232 262.55727
23.08402 0.66686 0.66686 0.60986 280.79231 280.79231 262.57555
23.11400 0.65952 0.65952 0.60875 280.81208 280.81208 262.59380
23.14398 0.65182 0.65182 0.60719 280.83162 280.83162 262.61201
23.17396 0.64365 0.64365 0.60492 280.85092 280.85092 262.63014
23.20394 0.63527 0.63527 0.60228 280.86996 280.86997 262.64820
23.23392 0.62730 0.62730 0.59918 280.88877 280.88877 262.66616
23.26389 0.61913 0.61913 0.59571 280.90733 280.90733 262.68402
23.29387 0.61079 0.61079 0.59204 280.92564 280.92564 262.70177
23.32385 0.60192 0.60192 0.58751 280.94369 280.94369 262.71938
23.35383 0.59264 0.59264 0.58250 280.96146 280.96146 262.73684
23.38381 0.58314 0.58314 0.57733 280.97894 280.97894 262.75415
23.41379 0.57336 0.57336 0.57180 280.99613 280.99613 262.77129
23.44377 0.56382 0.56382 0.56599 281.01303 281.01303 262.78826
23.47375 0.55442 0.55442 0.56005 281.02965 281.02965 262.80505
23.50373 0.54468 0.54468 0.55315 281.04598 281.04598 262.82164
23.53371 0.53494 0.53494 0.54591 281.06202 281.06202 262.83800
23.56369 0.52523 0.52523 0.53847 281.07776 281.07776 262.85414
23.59367 0.51569 0.51569 0.53127 281.09322 281.09322 262.87007
23.62365 0.50625 0.50625 0.52420 281.10840 281.10840 262.88579
23.65362 0.49651 0.49651 0.51649 281.12328 281.12329 262.90127
23.68360 0.48694 0.48694 0.50892 281.13788 281.13788 262.91653
23.71358 0.47740 0.47740 0.50148 281.15219 281.15220 262.93156
23.74356 0.46782 0.46782 0.49381 281.16622 281.16622 262.94637
23.77354 0.45828 0.45828 0.48520 281.17996 281.17996 262.96091
23.80352 0.44854 0.44854 0.47596 281.19341 281.19341 262.97518
23.83350 0.43890 0.43890 0.46696 281.20656 281.20656 262.98918
23.86348 0.42923 0.42923 0.45745 281.21943 281.21943 263.00289
23.89346 0.41966 0.41966 0.44768 281.23201 281.23201 263.01631
23.92344 0.41028 0.41028 0.43867 281.24431 281.24431 263.02947
23.95342 0.40084 0.40084 0.42966 281.25633 281.25633 263.04235
23.98340 0.39134 0.39134 0.41879 281.26806 281.26806 263.05490
24.01338 0.38196 0.38196 0.40922 281.27951 281.27951 263.06717
24.04336 0.37272 0.37272 0.40034 281.29069 281.29069 263.07917
24.07333 0.36325 0.36325 0.38974 281.30158 281.30158 263.09086
24.10331 0.35404 0.35404 0.38140 281.31219 281.31219 263.10229
24.13329 0.34487 0.34487 0.37189 281.32253 281.32253 263.11344
24.16327 0.33563 0.33563 0.36358 281.33259 281.33259 263.12434
24.19325 0.32646 0.32646 0.35218 281.34238 281.34238 263.13490
24.22323 0.31762 0.31762 0.34447 281.35190 281.35190 263.14522
24.25321 0.30875 0.30875 0.33607 281.36116 281.36116 263.15530
24.28319 0.30001 0.30001 0.32763 281.37015 281.37015 263.16512
24.31317 0.29143 0.29143 0.32116 281.37889 281.37889 263.17475
24.34315 0.28270 0.28270 0.31842 281.38736 281.38736 263.18429
24.37313 0.27409 0.27409 0.22596 281.39558 281.39558 263.19107
24.40311 0.26558 0.26558 0.23246 281.40354 281.40354 263.19804
24.43309 0.25714 0.25714 0.24017 281.41125 281.41125 263.20524
24.46306 0.24881 0.24881 0.25201 281.41871 281.41871 263.21279
24.49304 0.24060 0.24060 0.26765 281.42592 281.42592 263.22082
24.52302 0.23249 0.23249 0.29487 281.43289 281.43289 263.22966
24.55300 0.22459 0.22459 0.24047 281.43963 281.43963 263.23687
24.58298 0.21668 0.21668 0.23183 281.44612 281.44612 263.24382
24.61296 0.20898 0.20898 0.22342 281.45239 281.45239 263.25051
24.64294 0.20147 0.20147 0.21528 281.45843 281.45843 263.25697
24.67292 0.19417 0.19417 0.20744 281.46425 281.46425 263.26319
24.70290 0.18706 0.18706 0.19990 281.46986 281.46986 263.26918
24.73288 0.18019 0.18019 0.19323 281.47526 281.47526 263.27497
24.76286 0.17355 0.17355 0.18556 281.48046 281.48046 263.28054
24.79284 0.16692 0.16692 0.17816 281.48546 281.48547 263.28588
24.82282 0.16041 0.16041 0.17102 281.49027 281.49027 263.29100
24.85279 0.15407 0.15407 0.16408 281.49489 281.49489 263.29592
24.88277 0.14794 0.14794 0.15748 281.49933 281.49933 263.30064
24.91275 0.14200 0.14200 0.15167 281.50358 281.50359 263.30519
24.94273 0.13629 0.13629 0.14480 281.50767 281.50767 263.30953
24.97271 0.13082 0.13082 0.13823 281.51159 281.51159 263.31368
25.00269 0.12532 0.12532 0.13199 281.51535 281.51535 263.31763
25.03267 0.12002 0.12002 0.12609 281.51895 281.51895 263.32141
25.06265 0.11491 0.11491 0.12065 281.52239 281.52239 263.32503
25.09263 0.11001 0.11001 0.11585 281.52569 281.52569 263.32850
25.12261 0.10531 0.10531 0.11038 281.52885 281.52885 263.33181
25.15259 0.10077 0.10077 0.10517 281.53187 281.53187 263.33496
25.18257 0.09633 0.09633 0.10017 281.53476 281.53476 263.33797
25.21255 0.09183 0.09183 0.09543 281.53751 281.53751 263.34083
25.24252 0.08749 0.08749 0.09163 281.54013 281.54013 263.34358
25.27250 0.08332 0.08332 0.08696 281.54263 281.54263 263.34618
25.30248 0.07929 0.07929 0.08252 281.54501 281.54501 263.34866
25.33246 0.07542 0.07542 0.07829 281.54727 281.54727 263.35100
25.36244 0.07172 0.07172 0.07438 281.54942 281.54942 263.35323
25.39242 0.06791 0.06791 0.07125 281.55145 281.55146 263.35537
25.42240 0.06424 0.06424 0.06735 281.55338 281.55338 263.35739
25.45238 0.06071 0.06071 0.06368 281.55520 281.55520 263.35930
25.48236 0.05737 0.05737 0.06021 281.55692 281.55692 263.36110
25.51234 0.05417 0.05417 0.05704 281.55854 281.55855 263.36281
25.54232 0.05114 0.05114 0.05440 281.56008 281.56008 263.36444
25.57230 0.04807 0.04807 0.05130 281.56152 281.56152 263.36598
25.60228 0.04510 0.04510 0.04843 281.56287 281.56287 263.36743
25.63226 0.04230 0.04230 0.04573 281.56414 281.56414 263.36880
25.66223 0.03966 0.03966 0.04326 281.56533 281.56533 263.37010
25.69221 0.03716 0.03716 0.04103 281.56644 281.56644 263.37133
25.72219 0.03486 0.03486 0.03859 281.56749 281.56749 263.37249
25.75217 0.03246 0.03246 0.03629 281.56846 281.56846 263.37358
25.78215 0.03022 0.03022 0.03419 281.56937 281.56937 263.37460
25.81213 0.02809 0.02809 0.03229 281.57021 281.57021 263.37557
25.84211 0.02612 0.02612 0.03035 281.57099 281.57099 263.37648
25.87209 0.02428 0.02428 0.02849 281.57172 281.57172 263.37733
25.90207 0.02248 0.02248 0.02675 281.57239 281.57239 263.37814
25.93205 0.02071 0.02071 0.02512 281.57301 281.57301 263.37889
25.96203 0.01905 0.01905 0.02358 281.57358 281.57359 263.37960
25.99201 0.01755 0.01755 0.02202 281.57411 281.57411 263.38026
26.02199 0.01611 0.01611 0.02055 281.57459 281.57459 263.38087
26.05196 0.01478 0.01478 0.01918 281.57504 281.57504 263.38145
26.08194 0.01348 0.01348 0.01801 281.57544 281.57544 263.38199
26.11192 0.01228 0.01228 0.01678 281.57581 281.57581 263.38249
26.14190 0.01121 0.01121 0.01571 281.57614 281.57615 263.38296
26.17188 0.01021 0.01021 0.01478 281.57645 281.57645 263.38340
26.20186 0.00924 0.00924 0.01398 281.57673 281.57673 263.38382
26.23184 0.00834 0.00834 0.01314 281.57698 281.57698 263.38422
26.26182 0.00754 0.00754 0.01234 281.57720 281.57720 263.38459
26.29180 0.00677 0.00677 0.01164 281.57741 281.57741 263.38494
26.32178 0.00604 0.00604 0.01104 281.57759 281.57759 263.38527
26.35176 0.00537 0.00537 0.01044 281.57775 281.57775 263.38558
26.38174 0.00474 0.00474 0.00977 281.57789 281.57789 263.38587
26.41172 0.00420 0.00420 0.00917 281.57802 281.57802 263.38615
26.44169 0.00367 0.00367 0.00867 281.57813 281.57813 263.38641
26.47167 0.00317 0.00317 0.00831 281.57822 281.57822 263.38666
26.50165 0.00274 0.00274 0.00751 281.57830 281.57830 263.38688
26.53163 0.00233 0.00233 0.00690 281.57837 281.57837 263.38709
26.56161 0.00193 0.00193 0.00640 281.57843 281.57843 263.38728
26.59159 0.00163 0.00163 0.00627 281.57848 281.57848 263.38747
26.62157 0.00133 0.00133 0.00540 281.57852 281.57852 263.38763
26.65155 0.00107 0.00107 0.00454 281.57855 281.57855 263.38777
26.68153 0.00083 0.00083 0.00390 281.57858 281.57858 263.38788
26.71151 0.00060 0.00060 0.00360 281.57860 281.57860 263.38799
26.74149 0.00040 0.00040 0.00324 281.57861 281.57861 263.38809
26.77147 0.00023 0.00023 0.00147 281.57861 281.57862 263.38813
26.80145 0.00010 0.00010 0.00050 281.57862 281.57862 263.38815
26.83142 0.00003 0.00003 0.00010 281.57862 281.57862 263.38815
26.86140 0.00000 0.00000 0.00000 281.57862 281.57862 263.38815
26.89138 0.00000 0.00000 0.00000 281.57862 281.57862 263.38815
26.92136 0.00000 0.00000 0.00000 281.57862 281.57862 263.38815
26.95134 0.00000 0.00000 0.00000 281.57862 281.57862 263.38815
26.98132 0.00000 0.00000 0.00000 281.57862 281.57862 263.38815
27.01130 0.00000 0.00000 0.00000 281.57862 281.57862 263.38815
27.04128 0.00000 0.00000 0.00000 281.57862 281.57862 263.38815
27.07126 0.00000 0.00000 0.00000 281.57862 281.57862 263.38815
27.10124 0.00000 0.00000 0.00000 281.57862 281.57862 263.38815
27.13122 0.00000 0.00000 0.00000 281.57862 281.57862 263.38815
27.16120 0.00000 0.00000 0.00000 281.57862 281.57862 263.38815
27.19118 0.00000 0.00000 0.00000 281.57862 281.57862 263.38815
27.22116 0.00000 0.00000 0.00000 281.57862 281.57862 263.38815
27.25113 0.00000 0.00000 0.00000 281.57862 281.57862 263.38815
27.28111 0.00000 0.00000 0.00000 281.57862 281.57862 263.38815
27.31109 0.00000 0.00000 0.00000 281.57862 281.57862 263.38815
27.34107 0.00000 0.00000 0.00000 281.57862 281.57862 263.38815
27.37105 0.00000 0.00000 0.00000 281.57862 281.57862 263.38815
27.40103 0.00000 0.00000 0.00000 281.57862 281.57862 263.38815
27.43101 0.00000 0.00000 0.00000 281.57862 281.57862 263.38815
27.46099 0.00000 0.00000 0.00000 281.57862 281.57862 263.38815
27.49097 0.00000 0.00000 0.00000 281.57862 281.57862 263.38815
27.52095 0.00000 0.00000 0.00000 281.57862 281.57862 263.38815
27.55093 0.00000 0.00000 0.00000 281.57862 281.57862 263.38815
27.58091 0.00000 0.00000 0.00000 281.57862 281.57862 263.38815
27.61089 0.00000 0.00000 0.00000 281.57862 281.57862 263.38815
27.64086 0.00000 0.00000 0.00000 281.57862 281.57862 263.38815
27.67084 0.00000 0.00000 0.00000 281.57862 281.57862 263.38815
27.70082 0.00000 0.00000 0.00000 281.57862 281.57862 263.38815
27.73080 0.00000 0.00000 0.00000 281.57862 281.57862 263.38815
27.76078 0.00000 0.00000 0.00000 281.57862 281.57862 263.38815
27.79076 0.00000 0.00000 0.00000 281.57862 281.57862 263.38815
27.82074 0.00000 0.00000 0.00000 281.57862 281.57862 263.38815
27.85072 0.00000 0.00000 0.00000 281.57862 281.57862 263.38815
27.88070 0.00000 0.00000 0.00000 281.57862 281.57862 263.38815
27.91068 0.00000 0.00000 0.00000 281.57862 281.57862 263.38815
27.94066 0.00000 0.00000 0.00000 281.57862 281.57862 263.38815
27.97064 0.00000 0.00000 0.00000 281.57862 281.57862 263.38815
28.00062 0.00000 0.00000 0.00000 281.57862 281.57862 263.38815
28.03059 0.00000 0.00000 0.00000 281.57862 281.57862 263.38815
28.06057 0.00000 0.00000 0.00000 281.57862 281.57862 263.38815
28.09055 0.00000 0.00000 0.00000 281.57862 281.57862 263.38815
28.12053 0.00000 0.00000 0.00000 281.57862 281.57862 263.38815
28.15051 0.00000 0.00000 0.00000 281.57862 281.57862 263.38815
28.18049 0.00000 0.00000 0.00000 281.57862 281.57862 263.38815
28.21047 0.00000 0.00000 0.00000 281.57862 281.57862 263.38815
28.24045 0.00000 0.00000 0.00000 281.57862 281.57862 263.38815
28.27043 0.00000 0.00000 0.00000 281.57862 281.57862 263.38815
28.30041 0.00000 0.00000 0.00000 281.57862 281.57862 263.38815
28.33039 0.00000 0.00000 0.00000 281.57862 281.57862 263.38815
28.36037 0.00000 0.00000 0.00000 281.57862 281.57862 263.38815
28.39035 0.00000 0.00000 0.00000 281.57862 281.57862 263.38815
28.42033 0.00000 0.00000 0.00000 281.57862 281.57862 263.38815
28.45030 0.00000 0.00000 0.00000 281.57862 281.57862 263.38815
28.48028 0.00000 0.00000 0.00000 281.57862 281.57862 263.38815
28.51026 0.00000 0.00000 0.00000 281.57862 281.57862 263.38815
28.54024 0.00000 0.00000 0.00000 281.57862 281.57862 263.38815
28.57022 0.00000 0.00000 0.00000 281.57862 281.57862 263.38815
28.60020 0.00000 0.00000 0.00000 281.57862 281.57862 263.38815
28.63018 0.00000 0.00000 0.00000 281.57862 281.57862 263.38815
28.66016 0.00000 0.00000 0.00000 281.57862 281.57862 263.38815
28.69014 0.00000 0.00000 0.00000 281.57862 281.57862 263.38815
28.72012 0.00000 0.00000 0.00000 281.57862 281.57862 263.38815
28.75010 0.00000 0.00000 0.00000 281.57862 281.57862 263.38815
28.78008 0.00000 0.00000 0.00000 281.57862 281.57862 263.38815
28.81006 0.00000 0.00000 0.00000 281.57862 281.57862 263.38815
28.84003 0.00000 0.00000 0.00000 281.57862 281.57862 263.38815
28.87001 0.00000 0.00000 0.00000 281.57862 281.57862 263.38815
28.89999 0.00000 0.00000 0.00000 281.57862 281.57862 263.38815
28.92997 0.00000 0.00000 0.00000 281.57862 281.57862 263.38815
28.95995 0.00000 0.00000 0.00000 281.57862 281.57862 263.38815
28.98993 0.00000 0.00000 0.00000 281.57862 281.57862 263.38815
29.01991 0.00000 0.00000 0.00000 281.57862 281.57862 263.38815
29.04989 0.00000 0.00000 0.00000 281.57862 281.57862 263.38815
29.07987 0.00000 0.00000 0.00000 281.57862 281.57862 263.38815
29.10985 0.00000 0.00000 0.00000 281.57862 281.57862 263.38815
29.13983 0.00000 0.00000 0.00000 281.57862 281.57862 263.38815
29.16981 0.00000 0.00000 0.00000 281.57862 281.57862 263.38815
29.19979 0.00000 0.00000 0.00000 281.57862 281.57862 263.38815
29.22976 0.00000 0.00000 0.00000 281.57862 281.57862 263.38815
29.25974 0.00000 0.00000 0.00000 281.57862 281.57862 263.38815
29.28972 0.00000 0.00000 0.00000 281.57862 281.57862 263.38815
29.31970 0.00000 0.00000 0.00000 281.57862 281.57862 263.38815
29.34968 0.00000 0.00000 0.00000 281.57862 281.57862 263.38815
29.37966 0.00000 0.00000 0.00000 281.57862 281.57862 263.38815
29.40964 0.00000 0.00000 0.00000 281.57862 281.57862 263.38815
29.43962 0.00000 0.00000 0.00000 281.57862 281.57862 263.38815
29.46960 0.00000 0.00000 0.00000 281.57862 281.57862 263.38815
29.49958 0.00000 0.00000 0.00000 281.57862 281.57862 263.38815
29.52956 0.00000 0.00000 0.00000 281.57862 281.57862 263.38815
29.55954 0.00000 0.00000 0.00000 281.57862 281.57862 263.38815
29.58952 0.00000 0.00000 0.00000 281.57862 281.57862 263.38815
29.61949 0.00000 0.00000 0.00000 281.57862 281.57862 263.38815
29.64947 0.00000 0.00000 0.00000 281.57862 281.57862 263.38815
29.67945 0.00000 0.00000 0.00000 281.57862 281.57862 263.38815
29.70943 0.00000 0.00000 0.00000 281.57862 281.57862 263.38815
29.73941 0.00000 0.00000 0.00000 281.57862 281.57862 263.38815
29.76939 0.00000 0.00000 0.00000 281.57862 281.57862 263.38815
29.79937 0.00000 0.00000 0.00000 281.57862 281.57862 263.38815
29.82935 0.00000 0.00000 0.00000 281.57862 281.57862 263.38815
29.85933 0.00000 0.00000 0.00000 281.57862 281.57862 263.38815
29.88931 0.00000 0.00000 0.00000 281.57862 281.57862 263.38815
29.91929 0.00000 0.00000 0.00000 281.57862 281.57862 263.38815
29.94927 0.00000 0.00000 0.00000 281.57862 281.57862 263.38815
29.97925 0.00000 0.00000 0.00000 281.57862 281.57862 263.38815
