# 4x4x3 supercell for harmonic, 4x4x3 supercell for cubic ifcs
# 53x53x33 k points for kappa
# cubic ifcs up to 15NN shell trained with ordinary least squares by 200 configurations.
# Temperature = 20 K
"Frequency (THz)" "kappa spec xx (W/mK/THz)" "kappa spec yy (W/mK/THz)" "kappa spec zz (W/mK/THz)" "cumulative kappa xx (W/mK)" "cumulative kappa yy (W/mK)" "cumulative kappa zz (W/mK)"
0.00000 0.00000 0.00000 0.00000 0.00000 0.00000 0.00000
0.02998 1.02014 1.02014 5.90825 0.03058 0.03058 0.17713
0.05996 8.16098 8.16098 47.26597 0.27524 0.27524 1.59412
0.08994 27.54332 27.54332 159.52263 1.10097 1.10097 6.37649
0.11992 65.28790 65.28790 378.12766 3.05825 3.05825 17.71247
0.14990 127.51542 127.51542 738.53062 6.88107 6.88107 39.85306
0.17988 220.34660 220.34660 1276.18090 13.48689 13.48689 78.11201
0.20985 349.90226 349.90226 2026.52800 23.97670 23.97670 138.86579
0.23983 522.30307 522.30307 3025.02136 39.63495 39.63495 229.55365
0.26981 743.66981 743.66981 4307.11052 61.92961 61.92961 358.67757
0.29979 1020.12319 1020.12319 5908.24486 92.51214 92.51214 535.80230
0.32977 1357.78396 1357.78396 7863.87395 133.21748 133.21748 771.55531
0.35975 1763.16023 1763.16023 10322.85002 186.07569 186.07569 1081.02656
0.38973 2644.49568 2644.49568 18705.87048 265.35567 265.35567 1641.81445
0.41971 4241.82092 4241.82092 23839.29869 392.52227 392.52227 2356.49865
0.44969 5614.63037 5614.63037 26445.07885 560.84465 560.84465 3149.30217
0.47967 6772.34999 6772.34999 27911.99594 763.87460 763.87460 3986.08275
0.50965 7691.06053 7691.06053 28649.73915 994.44679 994.44679 4844.98032
0.53963 8346.84263 8346.84263 29067.99753 1244.67884 1244.67884 5716.41697
0.56961 9076.87688 9076.87688 30215.29744 1516.79676 1516.79676 6622.24880
0.59958 9872.09772 9872.09772 32135.69045 1812.75480 1812.75480 7585.65256
0.62956 10598.27162 10598.27162 34186.79749 2130.48299 2130.48299 8610.54696
0.65954 11263.46561 11263.46561 36293.77704 2468.15320 2468.15320 9698.60703
0.68952 11895.94253 11895.94253 40987.78926 2824.78458 2824.78458 10927.39004
0.71950 12652.03856 12652.03856 49707.54975 3204.08316 3204.08316 12417.58489
0.74948 13771.15608 13771.15608 57419.54586 3616.93203 3616.93203 14138.97957
0.77946 15306.17505 15306.17505 59453.19268 4075.79961 4075.79961 15921.34145
0.80944 16536.46630 16536.46630 58031.25674 4571.55040 4571.55040 17661.07476
0.83942 17677.12389 17677.12389 55753.40751 5101.49724 5101.49724 19332.51986
0.86940 18682.21078 18682.21074 53036.26714 5661.57583 5661.57583 20922.50715
0.89938 19547.41563 19547.41563 50360.51237 6247.59261 6247.59261 22432.27733
0.92936 20189.04368 20189.04368 47901.69324 6852.84491 6852.84491 23868.33397
0.95934 20509.28366 20509.28366 45748.07382 7467.69777 7467.69777 25239.82672
0.98932 20845.79833 20845.79833 44406.49378 8092.63908 8092.63908 26571.09991
1.01929 21182.88926 21182.88926 43215.14716 8727.68613 8727.68612 27866.65743
1.04927 21426.23371 21426.23371 42006.95943 9370.02845 9370.02845 29125.99439
1.07925 21616.00666 21616.00666 40788.59746 10018.06003 10018.06003 30348.80578
1.10923 21887.81350 21887.81347 39671.71332 10674.24017 10674.24017 31538.13382
1.13921 22103.97161 22103.97161 38798.06639 11336.90057 11336.90057 32701.27059
1.16919 22274.33980 22274.33980 37754.39911 12004.66848 12004.66847 33833.11900
1.19917 22388.99616 22388.99616 36575.36658 12675.87370 12675.87369 34929.62091
1.22915 22435.91818 22435.91818 35325.55075 13348.48560 13348.48560 35988.65428
1.25913 22405.91786 22405.91786 34091.40346 14020.19812 14020.19812 37010.68884
1.28911 22285.79199 22285.79199 32820.03635 14688.30936 14688.30935 37994.60878
1.31909 22035.65835 22035.65835 31467.67435 15348.92177 15348.92177 38937.98592
1.34907 21697.10277 21697.10277 30102.54898 15999.38455 15999.38455 39840.43764
1.37905 21317.93152 21317.93152 28731.04146 16638.48006 16638.48006 40701.77259
1.40902 20926.03754 20926.03754 27500.78766 17265.82688 17265.82688 41526.22546
1.43900 20564.54782 20564.54782 26581.83873 17882.33652 17882.33652 42323.12894
1.46898 20295.66708 20295.66708 26258.02434 18490.78531 18490.78531 43110.32471
1.49896 20039.24972 20039.24972 25735.62034 19091.54690 19091.54690 43881.85920
1.52894 19763.69322 19763.69322 25220.07138 19684.04752 19684.04752 44637.93792
1.55892 19498.12897 19498.12897 24763.37640 20268.58672 20268.58672 45380.32526
1.58890 19268.72083 19268.72083 24384.56701 20846.24844 20846.24844 46111.35619
1.61888 19061.97754 19061.97754 24021.55841 21417.71215 21417.71215 46831.50440
1.64886 18871.76862 18871.76862 23687.29600 21983.47354 21983.47354 47541.63166
1.67884 18685.15024 18685.15024 23436.98453 22543.64025 22543.64025 48244.25478
1.70882 18479.88307 18479.88307 23147.94507 23097.65321 23097.65321 48938.21272
1.73880 18260.21237 18260.21237 22770.03913 23645.08060 23645.08060 49620.84132
1.76878 18018.23780 18018.23780 22318.56960 24185.25378 24185.25378 50289.93520
1.79875 17770.78725 17770.78725 21797.26413 24718.00858 24718.00858 50943.40074
1.82873 17502.74415 17502.74415 21233.29020 25242.72765 25242.72765 51579.95877
1.85871 17202.03858 17202.03858 20645.37020 25758.43179 25758.43179 52198.89140
1.88869 16884.49040 16884.49040 20049.37502 26264.61608 26264.61608 52799.95654
1.91867 16534.74685 16534.74685 19446.21669 26760.31532 26760.31532 53382.93945
1.94865 16171.85563 16171.85563 18835.80904 27245.13536 27245.13536 53947.62280
1.97863 15782.45487 15782.45487 18193.56086 27718.28145 27718.28145 54493.05203
2.00861 15360.46410 15360.46410 17512.02574 28178.77658 28178.77658 55018.04935
2.03859 14923.69491 14923.69491 16822.70129 28626.17770 28626.17770 55522.38125
2.06857 14481.15820 14481.15820 16154.21092 29060.31190 29060.31190 56006.67231
2.09855 14030.86918 14030.86918 15500.53237 29480.94678 29480.94677 56471.36658
2.12853 13578.55914 13578.55914 14885.12406 29888.02174 29888.02174 56917.61137
2.15851 13144.63975 13144.63975 14334.46535 30282.08812 30282.08812 57347.34783
2.18848 12746.73484 12746.73484 13847.61467 30664.22562 30664.22562 57762.48888
2.21846 12359.08963 12359.08963 13436.56574 31034.74181 31034.74180 58165.30698
2.24844 11985.81427 11985.81427 13071.43517 31394.06748 31394.06748 58557.17875
2.27842 11632.86860 11632.86860 12729.30465 31742.81211 31742.81210 58938.79371
2.30840 11302.55398 11302.55398 12402.70247 32081.65415 32081.65415 59310.61737
2.33838 10986.82296 10986.82296 12076.35787 32411.03082 32411.03081 59672.65747
2.36836 10675.30782 10675.30782 11741.13790 32731.06849 32731.06849 60024.64793
2.39834 10367.09829 10367.09829 11392.68287 33041.86628 33041.86628 60366.19197
2.42832 10059.23851 10059.23851 11023.34045 33343.43466 33343.43466 60696.66340
2.45830 9750.69733 9750.69733 10647.67346 33635.75322 33635.75321 61015.87262
2.48828 9434.60499 9434.60499 10274.40017 33918.59556 33918.59556 61323.89139
2.51826 9122.14549 9122.14549 9892.88306 34192.07060 34192.07060 61620.47257
2.54824 8801.87336 8801.87336 9486.17300 34455.94413 34455.94412 61904.86088
2.57822 8475.40621 8475.40621 9060.99719 34710.03041 34710.03041 62176.50274
2.60819 8142.09225 8142.09225 8628.97598 34954.12420 34954.12419 62435.19293
2.63817 7801.28521 7801.28521 8199.14859 35188.00084 35188.00084 62680.99722
2.66815 7460.67901 7460.67901 7777.21720 35411.66637 35411.66637 62914.15233
2.69813 7133.86752 7133.86752 7378.01983 35625.53434 35625.53434 63135.33980
2.72811 6820.88313 6820.88313 7004.08354 35830.01927 35830.01927 63345.31694
2.75809 6524.20022 6524.20022 6662.66865 36025.60988 36025.60987 63545.05872
2.78807 6245.90166 6245.90166 6357.34966 36212.85730 36212.85729 63735.64727
2.81805 5986.09515 5986.09515 6092.45357 36392.31591 36392.31591 63918.29443
2.84803 5743.70997 5743.70997 5854.05311 36564.50801 36564.50801 64093.79453
2.87801 5525.20681 5525.20681 5631.26852 36730.14954 36730.14954 64262.61571
2.90799 5317.01134 5317.01134 5419.64838 36889.54953 36889.54953 64425.09268
2.93797 5109.37717 5109.37717 5213.80715 37042.72480 37042.72480 64581.39869
2.96795 4902.96787 4902.96787 5006.66805 37189.71208 37189.71208 64731.49482
2.99792 4700.11747 4700.11747 4797.95596 37330.61806 37330.61806 64875.33392
3.02790 4507.13974 4507.13974 4591.37988 37465.73871 37465.73871 65012.98003
3.05788 4324.02873 4324.02873 4388.66361 37595.36983 37595.36983 65144.54885
3.08786 4148.69403 4148.69403 4187.28319 37719.74455 37719.74455 65270.08045
3.11784 3974.50762 3974.50762 3994.24181 37838.89729 37838.89729 65389.82480
3.14782 3799.82131 3799.82131 3811.43284 37952.81307 37952.81306 65504.08869
3.17780 3628.80090 3628.80090 3635.67322 38061.60178 38061.60178 65613.08343
3.20778 3462.56653 3462.56653 3462.39914 38165.40691 38165.40691 65716.88354
3.23776 3309.97586 3309.97586 3292.51088 38264.63749 38264.63749 65815.59053
3.26774 3163.27314 3163.27314 3127.25412 38359.47004 38359.47003 65909.34325
3.29772 3021.89580 3021.89580 2968.57485 38450.06419 38450.06419 65998.33889
3.32770 2887.45509 2887.45509 2816.28389 38536.62792 38536.62792 66082.76896
3.35768 2760.74767 2760.74767 2671.36490 38619.39305 38619.39305 66162.85446
3.38765 2635.61270 2635.61270 2534.11318 38698.40673 38698.40673 66238.82526
3.41763 2509.11419 2509.11419 2404.04600 38773.62808 38773.62808 66310.89675
3.44761 2382.11099 2382.11099 2282.99362 38845.04198 38845.04197 66379.33918
3.47759 2255.88163 2255.88163 2167.62791 38912.67161 38912.67160 66444.32303
3.50757 2133.81412 2133.81412 2056.98964 38976.64174 38976.64174 66505.99002
3.53755 2016.37277 2016.37277 1951.63676 39037.09108 39037.09108 66564.49862
3.56753 1904.94529 1904.94529 1852.11684 39094.19990 39094.19990 66620.02369
3.59751 1804.11483 1804.11483 1759.10893 39148.28590 39148.28590 66672.76045
3.62749 1710.98831 1710.98831 1671.56677 39199.58004 39199.58004 66722.87276
3.65747 1625.03184 1625.03184 1589.12133 39248.29727 39248.29727 66770.51342
3.68745 1547.86306 1547.86306 1511.70287 39294.70104 39294.70104 66815.83313
3.71743 1481.63521 1481.63521 1439.01862 39339.11934 39339.11934 66858.97382
3.74741 1422.41610 1422.41610 1372.59871 39381.76231 39381.76230 66900.12330
3.77738 1367.08509 1367.08509 1308.99134 39422.74649 39422.74648 66939.36587
3.80736 1311.79571 1311.79571 1246.50334 39462.07313 39462.07313 66976.73510
3.83734 1254.77523 1254.77523 1184.73908 39499.69035 39499.69035 67012.25268
3.86732 1195.53171 1195.53171 1123.49574 39535.53149 39535.53148 67045.93424
3.89730 1135.03339 1135.03339 1062.94435 39569.55893 39569.55893 67077.80051
3.92728 1076.74747 1076.74747 1003.02844 39601.83901 39601.83901 67107.87054
3.95726 1018.63700 1018.63700 944.60799 39632.37698 39632.37698 67136.18918
3.98724 961.31301 961.31301 888.74434 39661.19642 39661.19641 67162.83306
4.01722 906.39195 906.39195 836.61454 39688.36936 39688.36936 67187.91414
4.04720 855.11984 855.11984 789.39844 39714.00521 39714.00521 67211.57971
4.07718 807.83046 807.83046 746.56354 39738.22336 39738.22336 67233.96112
4.10716 764.31759 764.31759 708.03853 39761.13702 39761.13702 67255.18758
4.13714 725.06180 725.06180 673.64290 39782.87383 39782.87383 67275.38289
4.16712 690.13437 690.13437 642.67984 39803.56354 39803.56354 67294.64994
4.19709 657.93086 657.93086 613.88346 39823.28781 39823.28781 67313.05371
4.22707 626.55382 626.55382 586.04199 39842.07142 39842.07142 67330.62280
4.25705 595.94318 595.94318 558.21197 39859.93735 39859.93735 67347.35758
4.28703 565.49441 565.49441 530.03385 39876.89044 39876.89044 67363.24759
4.31701 535.27174 535.27174 502.41404 39892.93749 39892.93748 67378.30959
4.34699 504.83168 504.83168 475.28978 39908.07196 39908.07196 67392.55842
4.37697 476.05097 476.05097 448.60121 39922.34361 39922.34361 67406.00714
4.40695 448.20477 448.20477 422.54178 39935.78045 39935.78045 67418.67463
4.43693 422.34658 422.34658 397.28761 39948.44208 39948.44208 67430.58501
4.46691 397.91928 397.91928 373.42984 39960.37140 39960.37140 67441.78015
4.49689 375.02244 375.02244 351.41631 39971.61429 39971.61429 67452.31535
4.52687 353.82575 353.82575 331.31484 39982.22172 39982.22172 67462.24792
4.55685 334.13336 334.13336 312.93226 39992.23879 39992.23878 67471.62939
4.58682 316.17617 316.17617 296.55953 40001.71751 40001.71751 67480.52002
4.61680 299.72965 299.72965 282.11017 40010.70318 40010.70318 67488.97747
4.64678 284.37103 284.37103 269.42419 40019.22841 40019.22841 67497.05461
4.67676 269.82273 269.82273 257.93164 40027.31749 40027.31749 67504.78720
4.70674 256.34791 256.34791 247.15318 40035.00261 40035.00260 67512.19667
4.73672 243.79566 243.79566 236.57973 40042.31142 40042.31141 67519.28915
4.76670 231.52477 231.52477 225.80018 40049.25235 40049.25235 67526.05847
4.79668 219.23814 219.23814 214.55200 40055.82495 40055.82495 67532.49058
4.82666 207.04867 207.04867 203.10141 40062.03211 40062.03211 67538.57940
4.85664 195.02045 195.02045 191.95616 40067.87868 40067.87868 67544.33410
4.88662 183.54401 183.54401 181.22604 40073.38119 40073.38119 67549.76712
4.91660 172.96139 172.96139 171.04086 40078.56644 40078.56644 67554.89480
4.94658 163.33293 163.33293 161.58155 40083.46304 40083.46304 67559.73889
4.97655 154.35171 154.35171 152.79314 40088.09039 40088.09038 67564.31952
5.00653 145.70173 145.70173 144.62098 40092.45841 40092.45841 67568.65514
5.03651 137.02650 137.02650 137.07500 40096.56637 40096.56636 67572.76455
5.06649 128.91015 128.91015 134.71666 40100.43099 40100.43099 67576.80325
5.09647 121.15678 121.15678 126.70122 40104.06318 40104.06318 67580.60166
5.12645 114.12592 114.12592 119.58156 40107.48459 40107.48459 67584.18662
5.15643 107.48980 107.48980 113.57664 40110.70706 40110.70705 67587.59157
5.18641 101.30865 101.30865 107.64924 40113.74421 40113.74421 67590.81881
5.21639 95.50611 95.50611 102.13853 40116.60741 40116.60741 67593.88085
5.24637 89.99049 89.99049 96.69660 40119.30526 40119.30526 67596.77974
5.27635 84.72958 84.72958 91.40043 40121.84539 40121.84539 67599.51985
5.30633 79.79727 79.79727 87.66782 40124.23765 40124.23765 67602.14807
5.33631 75.05709 75.05709 82.94545 40126.48781 40126.48780 67604.63471
5.36628 70.70248 70.70248 77.68181 40128.60741 40128.60741 67606.96355
5.39626 66.74668 66.74668 73.06181 40130.60843 40130.60843 67609.15389
5.42624 62.73513 62.73513 68.24871 40132.48918 40132.48918 67611.19993
5.45622 58.84388 58.84388 63.93860 40134.25328 40134.25327 67613.11677
5.48620 55.09848 55.09848 59.82082 40135.90509 40135.90508 67614.91015
5.51618 51.64116 51.64116 56.06929 40137.45325 40137.45325 67616.59106
5.54616 48.52854 48.52854 52.66580 40138.90810 40138.90810 67618.16994
5.57614 45.71873 45.71873 49.61186 40140.27871 40140.27871 67619.65727
5.60612 43.24008 43.24008 47.02610 40141.57502 40141.57501 67621.06708
5.63610 40.91064 40.91064 44.59308 40142.80149 40142.80148 67622.40394
5.66608 38.65908 38.65908 42.24432 40143.96046 40143.96045 67623.67040
5.69606 36.27256 36.27256 39.89917 40145.04788 40145.04788 67624.86654
5.72604 33.94792 33.94792 37.58103 40146.06561 40146.06561 67625.99320
5.75602 31.67628 31.67628 35.31893 40147.01524 40147.01524 67627.05203
5.78599 29.57096 29.57096 33.20834 40147.90176 40147.90176 67628.04759
5.81597 27.64719 27.64719 31.23224 40148.73060 40148.73060 67628.98391
5.84595 25.83367 25.83367 29.35327 40149.50508 40149.50507 67629.86390
5.87593 24.11548 24.11548 27.56884 40150.22804 40150.22804 67630.69039
5.90591 22.52268 22.52268 25.90305 40150.90325 40150.90325 67631.46695
5.93589 21.02565 21.02565 24.34651 40151.53359 40151.53358 67632.19684
5.96587 19.63068 19.63068 22.94404 40152.12210 40152.12210 67632.88468
5.99585 18.36307 18.36307 21.75028 40152.67261 40152.67261 67633.53674
6.02583 17.22802 17.22802 20.73628 40153.18909 40153.18909 67634.15840
6.05581 16.15531 16.15531 19.79489 40153.67342 40153.67341 67634.75183
6.08579 15.13027 15.13027 18.81825 40154.12701 40154.12701 67635.31599
6.11577 14.18338 14.18338 17.78280 40154.55222 40154.55222 67635.84910
6.14575 13.30157 13.30157 16.72040 40154.95099 40154.95099 67636.35037
6.17572 12.51449 12.51449 15.69476 40155.32616 40155.32616 67636.82089
6.20570 11.82615 11.82615 14.76618 40155.68070 40155.68070 67637.26357
6.23568 11.18851 11.18851 13.88531 40156.01613 40156.01612 67637.67984
6.26566 10.55010 10.55010 13.02901 40156.33241 40156.33241 67638.07044
6.29564 9.91076 9.91076 12.22976 40156.62953 40156.62952 67638.43708
6.32562 9.27789 9.27789 11.50769 40156.90767 40156.90767 67638.78207
6.35560 8.66766 8.66766 10.87566 40157.16752 40157.16752 67639.10811
6.38558 8.09540 8.09540 10.30860 40157.41021 40157.41021 67639.41716
6.41556 7.56573 7.56573 9.78287 40157.63703 40157.63703 67639.71044
6.44554 7.08447 7.08447 9.28516 40157.84942 40157.84941 67639.98880
6.47552 6.63119 6.63119 8.81206 40158.04821 40158.04821 67640.25298
6.50550 6.19932 6.19932 8.37122 40158.23407 40158.23406 67640.50394
6.53548 5.79498 5.79498 7.98816 40158.40779 40158.40779 67640.74342
6.56545 5.40971 5.40971 7.63578 40158.56997 40158.56997 67640.97234
6.59543 5.03949 5.03949 7.27680 40158.72105 40158.72105 67641.19049
6.62541 4.71136 4.71136 6.90798 40158.86230 40158.86229 67641.39759
6.65539 4.42746 4.42746 6.52625 40158.99503 40158.99503 67641.59324
6.68537 4.16795 4.16795 6.14091 40159.11998 40159.11998 67641.77734
6.71535 3.93295 3.93295 5.80748 40159.23789 40159.23789 67641.95144
6.74533 3.69672 3.69672 5.49100 40159.34871 40159.34871 67642.11606
6.77531 3.45479 3.45479 5.20377 40159.45228 40159.45228 67642.27206
6.80529 3.22360 3.22360 4.95726 40159.54893 40159.54892 67642.42068
6.83527 3.00414 3.00414 4.73347 40159.63899 40159.63899 67642.56258
6.86525 2.80407 2.80407 4.52523 40159.72305 40159.72305 67642.69825
6.89523 2.62288 2.62288 4.31945 40159.80168 40159.80168 67642.82774
6.92521 2.44696 2.44696 4.10527 40159.87504 40159.87504 67642.95081
6.95519 2.27988 2.27988 3.89656 40159.94339 40159.94339 67643.06763
6.98516 2.12213 2.12213 3.69863 40160.00701 40160.00701 67643.17851
7.01514 1.97410 1.97410 3.51296 40160.06619 40160.06619 67643.28383
7.04512 1.83891 1.83891 3.34748 40160.12132 40160.12132 67643.38418
7.07510 1.70918 1.70918 3.18734 40160.17256 40160.17256 67643.47974
7.10508 1.58236 1.58236 3.03036 40160.22000 40160.22000 67643.57058
7.13506 1.45711 1.45711 2.88026 40160.26368 40160.26368 67643.65693
7.16504 1.34313 1.34313 2.75701 40160.30395 40160.30395 67643.73959
7.19502 1.23432 1.23432 2.64286 40160.34095 40160.34095 67643.81882
7.22500 1.13332 1.13332 2.54673 40160.37493 40160.37493 67643.89517
7.25498 1.04402 1.04402 2.45507 40160.40623 40160.40623 67643.96877
7.28496 0.96403 0.96403 2.51541 40160.43513 40160.43513 67644.04418
7.31494 0.90346 0.90346 2.87252 40160.46221 40160.46221 67644.13029
7.34492 0.83741 0.83741 2.85011 40160.48732 40160.48732 67644.21574
7.37489 0.77347 0.77347 2.77115 40160.51051 40160.51050 67644.29881
7.40487 0.70706 0.70706 2.61754 40160.53170 40160.53170 67644.37729
7.43485 0.64801 0.64801 2.45316 40160.55113 40160.55113 67644.45083
7.46483 0.59515 0.59515 2.27734 40160.56897 40160.56897 67644.51910
7.49481 0.54624 0.54624 2.11316 40160.58535 40160.58535 67644.58245
7.52479 0.50238 0.50238 1.94661 40160.60041 40160.60041 67644.64081
7.55477 0.46052 0.46052 1.79361 40160.61422 40160.61421 67644.69458
7.58475 0.42269 0.42269 1.78687 40160.62689 40160.62689 67644.74815
7.61473 0.38967 0.38967 1.37949 40160.63857 40160.63857 67644.78951
7.64471 0.35938 0.35938 1.10306 40160.64934 40160.64934 67644.82258
7.67469 0.32939 0.32939 0.93358 40160.65922 40160.65922 67644.85056
7.70467 0.30211 0.30211 0.82414 40160.66828 40160.66827 67644.87527
7.73465 0.27682 0.27682 0.73611 40160.67657 40160.67657 67644.89734
7.76462 0.25438 0.25438 0.67000 40160.68420 40160.68420 67644.91743
7.79460 0.23226 0.23226 0.62203 40160.69116 40160.69116 67644.93607
7.82458 0.21108 0.21108 0.59388 40160.69749 40160.69749 67644.95388
7.85456 0.19147 0.19147 0.59605 40160.70323 40160.70323 67644.97175
7.88454 0.17332 0.17332 0.67083 40160.70843 40160.70843 67644.99186
7.91452 0.15654 0.15654 0.49194 40160.71312 40160.71312 67645.00661
7.94450 0.14647 0.14647 0.38967 40160.71751 40160.71751 67645.01829
7.97448 0.12962 0.12962 0.32409 40160.72140 40160.72140 67645.02800
8.00446 0.11778 0.11778 0.28813 40160.72493 40160.72493 67645.03664
8.03444 0.10747 0.10747 0.25961 40160.72815 40160.72815 67645.04442
8.06442 0.09877 0.09877 0.22609 40160.73111 40160.73111 67645.05120
8.09440 0.09083 0.09083 0.19967 40160.73383 40160.73383 67645.05719
8.12438 0.08359 0.08359 0.17736 40160.73634 40160.73634 67645.06251
8.15435 0.07689 0.07689 0.16098 40160.73865 40160.73864 67645.06733
8.18433 0.07095 0.07095 0.13976 40160.74077 40160.74077 67645.07152
8.21431 0.06545 0.06545 0.11815 40160.74273 40160.74273 67645.07506
8.24429 0.06048 0.06048 0.10531 40160.74455 40160.74455 67645.07822
8.27427 0.05574 0.05574 0.10494 40160.74622 40160.74622 67645.08137
8.30425 0.05114 0.05114 0.08646 40160.74775 40160.74775 67645.08396
8.33423 0.04653 0.04653 0.07445 40160.74915 40160.74914 67645.08619
8.36421 0.04246 0.04246 0.06615 40160.75042 40160.75042 67645.08817
8.39419 0.03819 0.03819 0.05904 40160.75156 40160.75156 67645.08994
8.42417 0.03432 0.03432 0.05357 40160.75259 40160.75259 67645.09155
8.45415 0.03069 0.03069 0.04827 40160.75351 40160.75351 67645.09300
8.48413 0.02759 0.02759 0.04416 40160.75434 40160.75434 67645.09432
8.51411 0.02502 0.02502 0.04046 40160.75509 40160.75509 67645.09553
8.54409 0.02268 0.02268 0.03592 40160.75577 40160.75577 67645.09661
8.57406 0.02071 0.02071 0.03219 40160.75639 40160.75639 67645.09758
8.60404 0.01905 0.01905 0.02895 40160.75696 40160.75696 67645.09844
8.63402 0.01765 0.01765 0.02648 40160.75749 40160.75749 67645.09924
8.66400 0.01638 0.01638 0.02395 40160.75798 40160.75798 67645.09996
8.69398 0.01511 0.01511 0.02155 40160.75844 40160.75843 67645.10060
8.72396 0.01391 0.01391 0.01925 40160.75885 40160.75885 67645.10118
8.75394 0.01278 0.01278 0.01731 40160.75924 40160.75923 67645.10170
8.78392 0.01177 0.01177 0.01568 40160.75959 40160.75959 67645.10217
8.81390 0.01077 0.01077 0.01421 40160.75991 40160.75991 67645.10259
8.84388 0.00977 0.00977 0.01288 40160.76020 40160.76020 67645.10298
8.87386 0.00887 0.00887 0.01154 40160.76047 40160.76047 67645.10333
8.90384 0.00801 0.00801 0.01041 40160.76071 40160.76071 67645.10364
8.93382 0.00717 0.00717 0.00931 40160.76093 40160.76092 67645.10392
8.96379 0.00644 0.00644 0.00837 40160.76112 40160.76112 67645.10417
8.99377 0.00574 0.00574 0.00754 40160.76129 40160.76129 67645.10439
9.02375 0.00517 0.00517 0.00680 40160.76145 40160.76144 67645.10460
9.05373 0.00467 0.00467 0.00614 40160.76159 40160.76158 67645.10478
9.08371 0.00424 0.00424 0.00554 40160.76171 40160.76171 67645.10495
9.11369 0.00387 0.00387 0.00497 40160.76183 40160.76183 67645.10510
9.14367 0.00354 0.00354 0.00450 40160.76193 40160.76193 67645.10523
9.17365 0.00327 0.00327 0.00404 40160.76203 40160.76203 67645.10535
9.20363 0.00300 0.00300 0.00364 40160.76212 40160.76212 67645.10546
9.23361 0.00277 0.00277 0.00327 40160.76221 40160.76220 67645.10556
9.26359 0.00254 0.00254 0.00294 40160.76228 40160.76228 67645.10565
9.29357 0.00233 0.00233 0.00264 40160.76235 40160.76235 67645.10573
9.32355 0.00210 0.00210 0.00233 40160.76241 40160.76241 67645.10580
9.35352 0.00190 0.00190 0.00210 40160.76247 40160.76247 67645.10586
9.38350 0.00170 0.00170 0.00187 40160.76252 40160.76252 67645.10592
9.41348 0.00147 0.00147 0.00167 40160.76257 40160.76256 67645.10597
9.44346 0.00127 0.00127 0.00150 40160.76260 40160.76260 67645.10601
9.47344 0.00113 0.00113 0.00133 40160.76264 40160.76264 67645.10605
9.50342 0.00100 0.00100 0.00120 40160.76267 40160.76267 67645.10609
9.53340 0.00090 0.00090 0.00107 40160.76270 40160.76269 67645.10612
9.56338 0.00080 0.00080 0.00097 40160.76272 40160.76272 67645.10615
9.59336 0.00073 0.00073 0.00087 40160.76274 40160.76274 67645.10617
9.62334 0.00067 0.00067 0.00077 40160.76276 40160.76276 67645.10620
9.65332 0.00060 0.00060 0.00067 40160.76278 40160.76278 67645.10622
9.68330 0.00053 0.00053 0.00060 40160.76280 40160.76279 67645.10623
9.71328 0.00047 0.00047 0.00050 40160.76281 40160.76281 67645.10625
9.74325 0.00040 0.00040 0.00047 40160.76282 40160.76282 67645.10626
9.77323 0.00037 0.00037 0.00040 40160.76283 40160.76283 67645.10628
9.80321 0.00030 0.00030 0.00037 40160.76284 40160.76284 67645.10629
9.83319 0.00027 0.00027 0.00030 40160.76285 40160.76285 67645.10630
9.86317 0.00023 0.00023 0.00027 40160.76286 40160.76285 67645.10630
9.89315 0.00023 0.00023 0.00023 40160.76286 40160.76286 67645.10631
9.92313 0.00020 0.00020 0.00020 40160.76287 40160.76287 67645.10632
9.95311 0.00017 0.00017 0.00017 40160.76287 40160.76287 67645.10632
9.98309 0.00017 0.00017 0.00017 40160.76288 40160.76288 67645.10633
10.01307 0.00013 0.00013 0.00013 40160.76288 40160.76288 67645.10633
10.04305 0.00013 0.00013 0.00013 40160.76289 40160.76289 67645.10633
10.07303 0.00010 0.00010 0.00010 40160.76289 40160.76289 67645.10634
10.10301 0.00010 0.00010 0.00010 40160.76289 40160.76289 67645.10634
10.13299 0.00010 0.00010 0.00007 40160.76290 40160.76289 67645.10634
10.16296 0.00007 0.00007 0.00007 40160.76290 40160.76290 67645.10634
10.19294 0.00007 0.00007 0.00007 40160.76290 40160.76290 67645.10635
10.22292 0.00007 0.00007 0.00003 40160.76290 40160.76290 67645.10635
10.25290 0.00007 0.00007 0.00003 40160.76290 40160.76290 67645.10635
10.28288 0.00003 0.00003 0.00003 40160.76291 40160.76290 67645.10635
10.31286 0.00003 0.00003 0.00003 40160.76291 40160.76290 67645.10635
10.34284 0.00003 0.00003 0.00003 40160.76291 40160.76291 67645.10635
10.37282 0.00003 0.00003 0.00003 40160.76291 40160.76291 67645.10635
10.40280 0.00003 0.00003 0.00003 40160.76291 40160.76291 67645.10635
10.43278 0.00003 0.00003 0.00000 40160.76291 40160.76291 67645.10635
10.46276 0.00000 0.00000 0.00000 40160.76291 40160.76291 67645.10635
10.49274 0.00000 0.00000 0.00000 40160.76291 40160.76291 67645.10635
10.52272 0.00000 0.00000 0.00000 40160.76291 40160.76291 67645.10635
10.55269 0.00000 0.00000 0.00000 40160.76291 40160.76291 67645.10635
10.58267 0.00000 0.00000 0.00000 40160.76291 40160.76291 67645.10635
10.61265 0.00000 0.00000 0.00000 40160.76291 40160.76291 67645.10635
10.64263 0.00000 0.00000 0.00000 40160.76291 40160.76291 67645.10635
10.67261 0.00000 0.00000 0.00000 40160.76291 40160.76291 67645.10635
10.70259 0.00000 0.00000 0.00000 40160.76291 40160.76291 67645.10635
10.73257 0.00000 0.00000 0.00000 40160.76291 40160.76291 67645.10635
10.76255 0.00000 0.00000 0.00000 40160.76291 40160.76291 67645.10635
10.79253 0.00000 0.00000 0.00000 40160.76291 40160.76291 67645.10635
10.82251 0.00000 0.00000 0.00000 40160.76291 40160.76291 67645.10635
10.85249 0.00000 0.00000 0.00000 40160.76291 40160.76291 67645.10635
10.88247 0.00000 0.00000 0.00000 40160.76291 40160.76291 67645.10635
10.91245 0.00000 0.00000 0.00000 40160.76291 40160.76291 67645.10635
10.94242 0.00000 0.00000 0.00000 40160.76291 40160.76291 67645.10635
10.97240 0.00000 0.00000 0.00000 40160.76291 40160.76291 67645.10635
11.00238 0.00000 0.00000 0.00000 40160.76291 40160.76291 67645.10635
11.03236 0.00000 0.00000 0.00000 40160.76291 40160.76291 67645.10635
11.06234 0.00000 0.00000 0.00000 40160.76291 40160.76291 67645.10635
11.09232 0.00000 0.00000 0.00000 40160.76291 40160.76291 67645.10635
11.12230 0.00000 0.00000 0.00000 40160.76291 40160.76291 67645.10635
11.15228 0.00000 0.00000 0.00000 40160.76291 40160.76291 67645.10635
11.18226 0.00000 0.00000 0.00000 40160.76291 40160.76291 67645.10635
11.21224 0.00000 0.00000 0.00000 40160.76291 40160.76291 67645.10635
11.24222 0.00000 0.00000 0.00000 40160.76291 40160.76291 67645.10635
11.27220 0.00000 0.00000 0.00000 40160.76291 40160.76291 67645.10635
11.30218 0.00000 0.00000 0.00000 40160.76291 40160.76291 67645.10635
11.33215 0.00000 0.00000 0.00000 40160.76291 40160.76291 67645.10635
11.36213 0.00000 0.00000 0.00000 40160.76291 40160.76291 67645.10635
11.39211 0.00000 0.00000 0.00000 40160.76291 40160.76291 67645.10635
11.42209 0.00000 0.00000 0.00000 40160.76291 40160.76291 67645.10635
11.45207 0.00000 0.00000 0.00000 40160.76291 40160.76291 67645.10635
11.48205 0.00000 0.00000 0.00000 40160.76291 40160.76291 67645.10635
11.51203 0.00000 0.00000 0.00000 40160.76291 40160.76291 67645.10635
11.54201 0.00000 0.00000 0.00000 40160.76291 40160.76291 67645.10635
11.57199 0.00000 0.00000 0.00000 40160.76291 40160.76291 67645.10635
11.60197 0.00000 0.00000 0.00000 40160.76291 40160.76291 67645.10635
11.63195 0.00000 0.00000 0.00000 40160.76291 40160.76291 67645.10635
11.66193 0.00000 0.00000 0.00000 40160.76291 40160.76291 67645.10635
11.69191 0.00000 0.00000 0.00000 40160.76291 40160.76291 67645.10635
11.72189 0.00000 0.00000 0.00000 40160.76291 40160.76291 67645.10635
11.75186 0.00000 0.00000 0.00000 40160.76291 40160.76291 67645.10635
11.78184 0.00000 0.00000 0.00000 40160.76291 40160.76291 67645.10635
11.81182 0.00000 0.00000 0.00000 40160.76291 40160.76291 67645.10635
11.84180 0.00000 0.00000 0.00000 40160.76291 40160.76291 67645.10635
11.87178 0.00000 0.00000 0.00000 40160.76291 40160.76291 67645.10635
11.90176 0.00000 0.00000 0.00000 40160.76291 40160.76291 67645.10635
11.93174 0.00000 0.00000 0.00000 40160.76291 40160.76291 67645.10635
11.96172 0.00000 0.00000 0.00000 40160.76291 40160.76291 67645.10635
11.99170 0.00000 0.00000 0.00000 40160.76291 40160.76291 67645.10635
12.02168 0.00000 0.00000 0.00000 40160.76291 40160.76291 67645.10635
12.05166 0.00000 0.00000 0.00000 40160.76291 40160.76291 67645.10635
12.08164 0.00000 0.00000 0.00000 40160.76291 40160.76291 67645.10635
12.11162 0.00000 0.00000 0.00000 40160.76291 40160.76291 67645.10635
12.14159 0.00000 0.00000 0.00000 40160.76291 40160.76291 67645.10635
12.17157 0.00000 0.00000 0.00000 40160.76291 40160.76291 67645.10635
12.20155 0.00000 0.00000 0.00000 40160.76291 40160.76291 67645.10635
12.23153 0.00000 0.00000 0.00000 40160.76291 40160.76291 67645.10635
12.26151 0.00000 0.00000 0.00000 40160.76291 40160.76291 67645.10635
12.29149 0.00000 0.00000 0.00000 40160.76291 40160.76291 67645.10635
12.32147 0.00000 0.00000 0.00000 40160.76291 40160.76291 67645.10635
12.35145 0.00000 0.00000 0.00000 40160.76291 40160.76291 67645.10635
12.38143 0.00000 0.00000 0.00000 40160.76291 40160.76291 67645.10635
12.41141 0.00000 0.00000 0.00000 40160.76291 40160.76291 67645.10635
12.44139 0.00000 0.00000 0.00000 40160.76291 40160.76291 67645.10635
12.47137 0.00000 0.00000 0.00000 40160.76291 40160.76291 67645.10635
12.50135 0.00000 0.00000 0.00000 40160.76291 40160.76291 67645.10635
12.53132 0.00000 0.00000 0.00000 40160.76291 40160.76291 67645.10635
12.56130 0.00000 0.00000 0.00000 40160.76291 40160.76291 67645.10635
12.59128 0.00000 0.00000 0.00000 40160.76291 40160.76291 67645.10635
12.62126 0.00000 0.00000 0.00000 40160.76291 40160.76291 67645.10635
12.65124 0.00000 0.00000 0.00000 40160.76291 40160.76291 67645.10635
12.68122 0.00000 0.00000 0.00000 40160.76291 40160.76291 67645.10635
12.71120 0.00000 0.00000 0.00000 40160.76291 40160.76291 67645.10635
12.74118 0.00000 0.00000 0.00000 40160.76291 40160.76291 67645.10635
12.77116 0.00000 0.00000 0.00000 40160.76291 40160.76291 67645.10635
12.80114 0.00000 0.00000 0.00000 40160.76291 40160.76291 67645.10635
12.83112 0.00000 0.00000 0.00000 40160.76291 40160.76291 67645.10635
12.86110 0.00000 0.00000 0.00000 40160.76291 40160.76291 67645.10635
12.89108 0.00000 0.00000 0.00000 40160.76291 40160.76291 67645.10635
12.92105 0.00000 0.00000 0.00000 40160.76291 40160.76291 67645.10635
12.95103 0.00000 0.00000 0.00000 40160.76291 40160.76291 67645.10635
12.98101 0.00000 0.00000 0.00000 40160.76291 40160.76291 67645.10635
13.01099 0.00000 0.00000 0.00000 40160.76291 40160.76291 67645.10635
13.04097 0.00000 0.00000 0.00000 40160.76291 40160.76291 67645.10635
13.07095 0.00000 0.00000 0.00000 40160.76291 40160.76291 67645.10635
13.10093 0.00000 0.00000 0.00000 40160.76291 40160.76291 67645.10635
13.13091 0.00000 0.00000 0.00000 40160.76291 40160.76291 67645.10635
13.16089 0.00000 0.00000 0.00000 40160.76291 40160.76291 67645.10635
13.19087 0.00000 0.00000 0.00000 40160.76291 40160.76291 67645.10635
13.22085 0.00000 0.00000 0.00000 40160.76291 40160.76291 67645.10635
13.25083 0.00000 0.00000 0.00000 40160.76291 40160.76291 67645.10635
13.28081 0.00000 0.00000 0.00000 40160.76291 40160.76291 67645.10635
13.31079 0.00000 0.00000 0.00000 40160.76291 40160.76291 67645.10635
13.34076 0.00000 0.00000 0.00000 40160.76291 40160.76291 67645.10635
13.37074 0.00000 0.00000 0.00000 40160.76291 40160.76291 67645.10635
13.40072 0.00000 0.00000 0.00000 40160.76291 40160.76291 67645.10635
13.43070 0.00000 0.00000 0.00000 40160.76291 40160.76291 67645.10635
13.46068 0.00000 0.00000 0.00000 40160.76291 40160.76291 67645.10635
13.49066 0.00000 0.00000 0.00000 40160.76291 40160.76291 67645.10635
13.52064 0.00000 0.00000 0.00000 40160.76291 40160.76291 67645.10635
13.55062 0.00000 0.00000 0.00000 40160.76291 40160.76291 67645.10635
13.58060 0.00000 0.00000 0.00000 40160.76291 40160.76291 67645.10635
13.61058 0.00000 0.00000 0.00000 40160.76291 40160.76291 67645.10635
13.64056 0.00000 0.00000 0.00000 40160.76291 40160.76291 67645.10635
13.67054 0.00000 0.00000 0.00000 40160.76291 40160.76291 67645.10635
13.70052 0.00000 0.00000 0.00000 40160.76291 40160.76291 67645.10635
13.73049 0.00000 0.00000 0.00000 40160.76291 40160.76291 67645.10635
13.76047 0.00000 0.00000 0.00000 40160.76291 40160.76291 67645.10635
13.79045 0.00000 0.00000 0.00000 40160.76291 40160.76291 67645.10635
13.82043 0.00000 0.00000 0.00000 40160.76291 40160.76291 67645.10635
13.85041 0.00000 0.00000 0.00000 40160.76291 40160.76291 67645.10635
13.88039 0.00000 0.00000 0.00000 40160.76291 40160.76291 67645.10635
13.91037 0.00000 0.00000 0.00000 40160.76291 40160.76291 67645.10635
13.94035 0.00000 0.00000 0.00000 40160.76291 40160.76291 67645.10635
13.97033 0.00000 0.00000 0.00000 40160.76291 40160.76291 67645.10635
14.00031 0.00000 0.00000 0.00000 40160.76291 40160.76291 67645.10635
14.03029 0.00000 0.00000 0.00000 40160.76291 40160.76291 67645.10635
14.06027 0.00000 0.00000 0.00000 40160.76291 40160.76291 67645.10635
14.09025 0.00000 0.00000 0.00000 40160.76291 40160.76291 67645.10635
14.12022 0.00000 0.00000 0.00000 40160.76291 40160.76291 67645.10635
14.15020 0.00000 0.00000 0.00000 40160.76291 40160.76291 67645.10635
14.18018 0.00000 0.00000 0.00000 40160.76291 40160.76291 67645.10635
14.21016 0.00000 0.00000 0.00000 40160.76291 40160.76291 67645.10635
14.24014 0.00000 0.00000 0.00000 40160.76291 40160.76291 67645.10635
14.27012 0.00000 0.00000 0.00000 40160.76291 40160.76291 67645.10635
14.30010 0.00000 0.00000 0.00000 40160.76291 40160.76291 67645.10635
14.33008 0.00000 0.00000 0.00000 40160.76291 40160.76291 67645.10635
14.36006 0.00000 0.00000 0.00000 40160.76291 40160.76291 67645.10635
14.39004 0.00000 0.00000 0.00000 40160.76291 40160.76291 67645.10635
14.42002 0.00000 0.00000 0.00000 40160.76291 40160.76291 67645.10635
14.45000 0.00000 0.00000 0.00000 40160.76291 40160.76291 67645.10635
14.47998 0.00000 0.00000 0.00000 40160.76291 40160.76291 67645.10635
14.50995 0.00000 0.00000 0.00000 40160.76291 40160.76291 67645.10635
14.53993 0.00000 0.00000 0.00000 40160.76291 40160.76291 67645.10635
14.56991 0.00000 0.00000 0.00000 40160.76291 40160.76291 67645.10635
14.59989 0.00000 0.00000 0.00000 40160.76291 40160.76291 67645.10635
14.62987 0.00000 0.00000 0.00000 40160.76291 40160.76291 67645.10635
14.65985 0.00000 0.00000 0.00000 40160.76291 40160.76291 67645.10635
14.68983 0.00000 0.00000 0.00000 40160.76291 40160.76291 67645.10635
14.71981 0.00000 0.00000 0.00000 40160.76291 40160.76291 67645.10635
14.74979 0.00000 0.00000 0.00000 40160.76291 40160.76291 67645.10635
14.77977 0.00000 0.00000 0.00000 40160.76291 40160.76291 67645.10635
14.80975 0.00000 0.00000 0.00000 40160.76291 40160.76291 67645.10635
14.83973 0.00000 0.00000 0.00000 40160.76291 40160.76291 67645.10635
14.86971 0.00000 0.00000 0.00000 40160.76291 40160.76291 67645.10635
14.89969 0.00000 0.00000 0.00000 40160.76291 40160.76291 67645.10635
14.92966 0.00000 0.00000 0.00000 40160.76291 40160.76291 67645.10635
14.95964 0.00000 0.00000 0.00000 40160.76291 40160.76291 67645.10635
14.98962 0.00000 0.00000 0.00000 40160.76291 40160.76291 67645.10635
15.01960 0.00000 0.00000 0.00000 40160.76291 40160.76291 67645.10635
15.04958 0.00000 0.00000 0.00000 40160.76291 40160.76291 67645.10635
15.07956 0.00000 0.00000 0.00000 40160.76291 40160.76291 67645.10635
15.10954 0.00000 0.00000 0.00000 40160.76291 40160.76291 67645.10635
15.13952 0.00000 0.00000 0.00000 40160.76291 40160.76291 67645.10635
15.16950 0.00000 0.00000 0.00000 40160.76291 40160.76291 67645.10635
15.19948 0.00000 0.00000 0.00000 40160.76291 40160.76291 67645.10635
15.22946 0.00000 0.00000 0.00000 40160.76291 40160.76291 67645.10635
15.25944 0.00000 0.00000 0.00000 40160.76291 40160.76291 67645.10635
15.28942 0.00000 0.00000 0.00000 40160.76291 40160.76291 67645.10635
15.31939 0.00000 0.00000 0.00000 40160.76291 40160.76291 67645.10635
15.34937 0.00000 0.00000 0.00000 40160.76291 40160.76291 67645.10635
15.37935 0.00000 0.00000 0.00000 40160.76291 40160.76291 67645.10635
15.40933 0.00000 0.00000 0.00000 40160.76291 40160.76291 67645.10635
15.43931 0.00000 0.00000 0.00000 40160.76291 40160.76291 67645.10635
15.46929 0.00000 0.00000 0.00000 40160.76291 40160.76291 67645.10635
15.49927 0.00000 0.00000 0.00000 40160.76291 40160.76291 67645.10635
15.52925 0.00000 0.00000 0.00000 40160.76291 40160.76291 67645.10635
15.55923 0.00000 0.00000 0.00000 40160.76291 40160.76291 67645.10635
15.58921 0.00000 0.00000 0.00000 40160.76291 40160.76291 67645.10635
15.61919 0.00000 0.00000 0.00000 40160.76291 40160.76291 67645.10635
15.64917 0.00000 0.00000 0.00000 40160.76291 40160.76291 67645.10635
15.67915 0.00000 0.00000 0.00000 40160.76291 40160.76291 67645.10635
15.70912 0.00000 0.00000 0.00000 40160.76291 40160.76291 67645.10635
15.73910 0.00000 0.00000 0.00000 40160.76291 40160.76291 67645.10635
15.76908 0.00000 0.00000 0.00000 40160.76291 40160.76291 67645.10635
15.79906 0.00000 0.00000 0.00000 40160.76291 40160.76291 67645.10635
15.82904 0.00000 0.00000 0.00000 40160.76291 40160.76291 67645.10635
15.85902 0.00000 0.00000 0.00000 40160.76291 40160.76291 67645.10635
15.88900 0.00000 0.00000 0.00000 40160.76291 40160.76291 67645.10635
15.91898 0.00000 0.00000 0.00000 40160.76291 40160.76291 67645.10635
15.94896 0.00000 0.00000 0.00000 40160.76291 40160.76291 67645.10635
15.97894 0.00000 0.00000 0.00000 40160.76291 40160.76291 67645.10635
16.00892 0.00000 0.00000 0.00000 40160.76291 40160.76291 67645.10635
16.03890 0.00000 0.00000 0.00000 40160.76291 40160.76291 67645.10635
16.06888 0.00000 0.00000 0.00000 40160.76291 40160.76291 67645.10635
16.09885 0.00000 0.00000 0.00000 40160.76291 40160.76291 67645.10635
16.12883 0.00000 0.00000 0.00000 40160.76291 40160.76291 67645.10635
16.15881 0.00000 0.00000 0.00000 40160.76291 40160.76291 67645.10635
16.18879 0.00000 0.00000 0.00000 40160.76291 40160.76291 67645.10635
16.21877 0.00000 0.00000 0.00000 40160.76291 40160.76291 67645.10635
16.24875 0.00000 0.00000 0.00000 40160.76291 40160.76291 67645.10635
16.27873 0.00000 0.00000 0.00000 40160.76291 40160.76291 67645.10635
16.30871 0.00000 0.00000 0.00000 40160.76291 40160.76291 67645.10635
16.33869 0.00000 0.00000 0.00000 40160.76291 40160.76291 67645.10635
16.36867 0.00000 0.00000 0.00000 40160.76291 40160.76291 67645.10635
16.39865 0.00000 0.00000 0.00000 40160.76291 40160.76291 67645.10635
16.42863 0.00000 0.00000 0.00000 40160.76291 40160.76291 67645.10635
16.45861 0.00000 0.00000 0.00000 40160.76291 40160.76291 67645.10635
16.48859 0.00000 0.00000 0.00000 40160.76291 40160.76291 67645.10635
16.51856 0.00000 0.00000 0.00000 40160.76291 40160.76291 67645.10635
16.54854 0.00000 0.00000 0.00000 40160.76291 40160.76291 67645.10635
16.57852 0.00000 0.00000 0.00000 40160.76291 40160.76291 67645.10635
16.60850 0.00000 0.00000 0.00000 40160.76291 40160.76291 67645.10635
16.63848 0.00000 0.00000 0.00000 40160.76291 40160.76291 67645.10635
16.66846 0.00000 0.00000 0.00000 40160.76291 40160.76291 67645.10635
16.69844 0.00000 0.00000 0.00000 40160.76291 40160.76291 67645.10635
16.72842 0.00000 0.00000 0.00000 40160.76291 40160.76291 67645.10635
16.75840 0.00000 0.00000 0.00000 40160.76291 40160.76291 67645.10635
16.78838 0.00000 0.00000 0.00000 40160.76291 40160.76291 67645.10635
16.81836 0.00000 0.00000 0.00000 40160.76291 40160.76291 67645.10635
16.84834 0.00000 0.00000 0.00000 40160.76291 40160.76291 67645.10635
16.87832 0.00000 0.00000 0.00000 40160.76291 40160.76291 67645.10635
16.90829 0.00000 0.00000 0.00000 40160.76291 40160.76291 67645.10635
16.93827 0.00000 0.00000 0.00000 40160.76291 40160.76291 67645.10635
16.96825 0.00000 0.00000 0.00000 40160.76291 40160.76291 67645.10635
16.99823 0.00000 0.00000 0.00000 40160.76291 40160.76291 67645.10635
17.02821 0.00000 0.00000 0.00000 40160.76291 40160.76291 67645.10635
17.05819 0.00000 0.00000 0.00000 40160.76291 40160.76291 67645.10635
17.08817 0.00000 0.00000 0.00000 40160.76291 40160.76291 67645.10635
17.11815 0.00000 0.00000 0.00000 40160.76291 40160.76291 67645.10635
17.14813 0.00000 0.00000 0.00000 40160.76291 40160.76291 67645.10635
17.17811 0.00000 0.00000 0.00000 40160.76291 40160.76291 67645.10635
17.20809 0.00000 0.00000 0.00000 40160.76291 40160.76291 67645.10635
17.23807 0.00000 0.00000 0.00000 40160.76291 40160.76291 67645.10635
17.26805 0.00000 0.00000 0.00000 40160.76291 40160.76291 67645.10635
17.29802 0.00000 0.00000 0.00000 40160.76291 40160.76291 67645.10635
17.32800 0.00000 0.00000 0.00000 40160.76291 40160.76291 67645.10635
17.35798 0.00000 0.00000 0.00000 40160.76291 40160.76291 67645.10635
17.38796 0.00000 0.00000 0.00000 40160.76291 40160.76291 67645.10635
17.41794 0.00000 0.00000 0.00000 40160.76291 40160.76291 67645.10635
17.44792 0.00000 0.00000 0.00000 40160.76291 40160.76291 67645.10635
17.47790 0.00000 0.00000 0.00000 40160.76291 40160.76291 67645.10635
17.50788 0.00000 0.00000 0.00000 40160.76291 40160.76291 67645.10635
17.53786 0.00000 0.00000 0.00000 40160.76291 40160.76291 67645.10635
17.56784 0.00000 0.00000 0.00000 40160.76291 40160.76291 67645.10635
17.59782 0.00000 0.00000 0.00000 40160.76291 40160.76291 67645.10635
17.62780 0.00000 0.00000 0.00000 40160.76291 40160.76291 67645.10635
17.65778 0.00000 0.00000 0.00000 40160.76291 40160.76291 67645.10635
17.68776 0.00000 0.00000 0.00000 40160.76291 40160.76291 67645.10635
17.71773 0.00000 0.00000 0.00000 40160.76291 40160.76291 67645.10635
17.74771 0.00000 0.00000 0.00000 40160.76291 40160.76291 67645.10635
17.77769 0.00000 0.00000 0.00000 40160.76291 40160.76291 67645.10635
17.80767 0.00000 0.00000 0.00000 40160.76291 40160.76291 67645.10635
17.83765 0.00000 0.00000 0.00000 40160.76291 40160.76291 67645.10635
17.86763 0.00000 0.00000 0.00000 40160.76291 40160.76291 67645.10635
17.89761 0.00000 0.00000 0.00000 40160.76291 40160.76291 67645.10635
17.92759 0.00000 0.00000 0.00000 40160.76291 40160.76291 67645.10635
17.95757 0.00000 0.00000 0.00000 40160.76291 40160.76291 67645.10635
17.98755 0.00000 0.00000 0.00000 40160.76291 40160.76291 67645.10635
18.01753 0.00000 0.00000 0.00000 40160.76291 40160.76291 67645.10635
18.04751 0.00000 0.00000 0.00000 40160.76291 40160.76291 67645.10635
18.07749 0.00000 0.00000 0.00000 40160.76291 40160.76291 67645.10635
18.10746 0.00000 0.00000 0.00000 40160.76291 40160.76291 67645.10635
18.13744 0.00000 0.00000 0.00000 40160.76291 40160.76291 67645.10635
18.16742 0.00000 0.00000 0.00000 40160.76291 40160.76291 67645.10635
18.19740 0.00000 0.00000 0.00000 40160.76291 40160.76291 67645.10635
18.22738 0.00000 0.00000 0.00000 40160.76291 40160.76291 67645.10635
18.25736 0.00000 0.00000 0.00000 40160.76291 40160.76291 67645.10635
18.28734 0.00000 0.00000 0.00000 40160.76291 40160.76291 67645.10635
18.31732 0.00000 0.00000 0.00000 40160.76291 40160.76291 67645.10635
18.34730 0.00000 0.00000 0.00000 40160.76291 40160.76291 67645.10635
18.37728 0.00000 0.00000 0.00000 40160.76291 40160.76291 67645.10635
18.40726 0.00000 0.00000 0.00000 40160.76291 40160.76291 67645.10635
18.43724 0.00000 0.00000 0.00000 40160.76291 40160.76291 67645.10635
18.46722 0.00000 0.00000 0.00000 40160.76291 40160.76291 67645.10635
18.49719 0.00000 0.00000 0.00000 40160.76291 40160.76291 67645.10635
18.52717 0.00000 0.00000 0.00000 40160.76291 40160.76291 67645.10635
18.55715 0.00000 0.00000 0.00000 40160.76291 40160.76291 67645.10635
18.58713 0.00000 0.00000 0.00000 40160.76291 40160.76291 67645.10635
18.61711 0.00000 0.00000 0.00000 40160.76291 40160.76291 67645.10635
18.64709 0.00000 0.00000 0.00000 40160.76291 40160.76291 67645.10635
18.67707 0.00000 0.00000 0.00000 40160.76291 40160.76291 67645.10635
18.70705 0.00000 0.00000 0.00000 40160.76291 40160.76291 67645.10635
18.73703 0.00000 0.00000 0.00000 40160.76291 40160.76291 67645.10635
18.76701 0.00000 0.00000 0.00000 40160.76291 40160.76291 67645.10635
18.79699 0.00000 0.00000 0.00000 40160.76291 40160.76291 67645.10635
18.82697 0.00000 0.00000 0.00000 40160.76291 40160.76291 67645.10635
18.85695 0.00000 0.00000 0.00000 40160.76291 40160.76291 67645.10635
18.88692 0.00000 0.00000 0.00000 40160.76291 40160.76291 67645.10635
18.91690 0.00000 0.00000 0.00000 40160.76291 40160.76291 67645.10635
18.94688 0.00000 0.00000 0.00000 40160.76291 40160.76291 67645.10635
18.97686 0.00000 0.00000 0.00000 40160.76291 40160.76291 67645.10635
19.00684 0.00000 0.00000 0.00000 40160.76291 40160.76291 67645.10635
19.03682 0.00000 0.00000 0.00000 40160.76291 40160.76291 67645.10635
19.06680 0.00000 0.00000 0.00000 40160.76291 40160.76291 67645.10635
19.09678 0.00000 0.00000 0.00000 40160.76291 40160.76291 67645.10635
19.12676 0.00000 0.00000 0.00000 40160.76291 40160.76291 67645.10635
19.15674 0.00000 0.00000 0.00000 40160.76291 40160.76291 67645.10635
19.18672 0.00000 0.00000 0.00000 40160.76291 40160.76291 67645.10635
19.21670 0.00000 0.00000 0.00000 40160.76291 40160.76291 67645.10635
19.24668 0.00000 0.00000 0.00000 40160.76291 40160.76291 67645.10635
19.27666 0.00000 0.00000 0.00000 40160.76291 40160.76291 67645.10635
19.30663 0.00000 0.00000 0.00000 40160.76291 40160.76291 67645.10635
19.33661 0.00000 0.00000 0.00000 40160.76291 40160.76291 67645.10635
19.36659 0.00000 0.00000 0.00000 40160.76291 40160.76291 67645.10635
19.39657 0.00000 0.00000 0.00000 40160.76291 40160.76291 67645.10635
19.42655 0.00000 0.00000 0.00000 40160.76291 40160.76291 67645.10635
19.45653 0.00000 0.00000 0.00000 40160.76291 40160.76291 67645.10635
19.48651 0.00000 0.00000 0.00000 40160.76291 40160.76291 67645.10635
19.51649 0.00000 0.00000 0.00000 40160.76291 40160.76291 67645.10635
19.54647 0.00000 0.00000 0.00000 40160.76291 40160.76291 67645.10635
19.57645 0.00000 0.00000 0.00000 40160.76291 40160.76291 67645.10635
19.60643 0.00000 0.00000 0.00000 40160.76291 40160.76291 67645.10635
19.63641 0.00000 0.00000 0.00000 40160.76291 40160.76291 67645.10635
19.66639 0.00000 0.00000 0.00000 40160.76291 40160.76291 67645.10635
19.69636 0.00000 0.00000 0.00000 40160.76291 40160.76291 67645.10635
19.72634 0.00000 0.00000 0.00000 40160.76291 40160.76291 67645.10635
19.75632 0.00000 0.00000 0.00000 40160.76291 40160.76291 67645.10635
19.78630 0.00000 0.00000 0.00000 40160.76291 40160.76291 67645.10635
19.81628 0.00000 0.00000 0.00000 40160.76291 40160.76291 67645.10635
19.84626 0.00000 0.00000 0.00000 40160.76291 40160.76291 67645.10635
19.87624 0.00000 0.00000 0.00000 40160.76291 40160.76291 67645.10635
19.90622 0.00000 0.00000 0.00000 40160.76291 40160.76291 67645.10635
19.93620 0.00000 0.00000 0.00000 40160.76291 40160.76291 67645.10635
19.96618 0.00000 0.00000 0.00000 40160.76291 40160.76291 67645.10635
19.99616 0.00000 0.00000 0.00000 40160.76291 40160.76291 67645.10635
20.02614 0.00000 0.00000 0.00000 40160.76291 40160.76291 67645.10635
20.05612 0.00000 0.00000 0.00000 40160.76291 40160.76291 67645.10635
20.08609 0.00000 0.00000 0.00000 40160.76291 40160.76291 67645.10635
20.11607 0.00000 0.00000 0.00000 40160.76291 40160.76291 67645.10635
20.14605 0.00000 0.00000 0.00000 40160.76291 40160.76291 67645.10635
20.17603 0.00000 0.00000 0.00000 40160.76291 40160.76291 67645.10635
20.20601 0.00000 0.00000 0.00000 40160.76291 40160.76291 67645.10635
20.23599 0.00000 0.00000 0.00000 40160.76291 40160.76291 67645.10635
20.26597 0.00000 0.00000 0.00000 40160.76291 40160.76291 67645.10635
20.29595 0.00000 0.00000 0.00000 40160.76291 40160.76291 67645.10635
20.32593 0.00000 0.00000 0.00000 40160.76291 40160.76291 67645.10635
20.35591 0.00000 0.00000 0.00000 40160.76291 40160.76291 67645.10635
20.38589 0.00000 0.00000 0.00000 40160.76291 40160.76291 67645.10635
20.41587 0.00000 0.00000 0.00000 40160.76291 40160.76291 67645.10635
20.44585 0.00000 0.00000 0.00000 40160.76291 40160.76291 67645.10635
20.47582 0.00000 0.00000 0.00000 40160.76291 40160.76291 67645.10635
20.50580 0.00000 0.00000 0.00000 40160.76291 40160.76291 67645.10635
20.53578 0.00000 0.00000 0.00000 40160.76291 40160.76291 67645.10635
20.56576 0.00000 0.00000 0.00000 40160.76291 40160.76291 67645.10635
20.59574 0.00000 0.00000 0.00000 40160.76291 40160.76291 67645.10635
20.62572 0.00000 0.00000 0.00000 40160.76291 40160.76291 67645.10635
20.65570 0.00000 0.00000 0.00000 40160.76291 40160.76291 67645.10635
20.68568 0.00000 0.00000 0.00000 40160.76291 40160.76291 67645.10635
20.71566 0.00000 0.00000 0.00000 40160.76291 40160.76291 67645.10635
20.74564 0.00000 0.00000 0.00000 40160.76291 40160.76291 67645.10635
20.77562 0.00000 0.00000 0.00000 40160.76291 40160.76291 67645.10635
20.80560 0.00000 0.00000 0.00000 40160.76291 40160.76291 67645.10635
20.83558 0.00000 0.00000 0.00000 40160.76291 40160.76291 67645.10635
20.86556 0.00000 0.00000 0.00000 40160.76291 40160.76291 67645.10635
20.89553 0.00000 0.00000 0.00000 40160.76291 40160.76291 67645.10635
20.92551 0.00000 0.00000 0.00000 40160.76291 40160.76291 67645.10635
20.95549 0.00000 0.00000 0.00000 40160.76291 40160.76291 67645.10635
20.98547 0.00000 0.00000 0.00000 40160.76291 40160.76291 67645.10635
21.01545 0.00000 0.00000 0.00000 40160.76291 40160.76291 67645.10635
21.04543 0.00000 0.00000 0.00000 40160.76291 40160.76291 67645.10635
21.07541 0.00000 0.00000 0.00000 40160.76291 40160.76291 67645.10635
21.10539 0.00000 0.00000 0.00000 40160.76291 40160.76291 67645.10635
21.13537 0.00000 0.00000 0.00000 40160.76291 40160.76291 67645.10635
21.16535 0.00000 0.00000 0.00000 40160.76291 40160.76291 67645.10635
21.19533 0.00000 0.00000 0.00000 40160.76291 40160.76291 67645.10635
21.22531 0.00000 0.00000 0.00000 40160.76291 40160.76291 67645.10635
21.25529 0.00000 0.00000 0.00000 40160.76291 40160.76291 67645.10635
21.28526 0.00000 0.00000 0.00000 40160.76291 40160.76291 67645.10635
21.31524 0.00000 0.00000 0.00000 40160.76291 40160.76291 67645.10635
21.34522 0.00000 0.00000 0.00000 40160.76291 40160.76291 67645.10635
21.37520 0.00000 0.00000 0.00000 40160.76291 40160.76291 67645.10635
21.40518 0.00000 0.00000 0.00000 40160.76291 40160.76291 67645.10635
21.43516 0.00000 0.00000 0.00000 40160.76291 40160.76291 67645.10635
21.46514 0.00000 0.00000 0.00000 40160.76291 40160.76291 67645.10635
21.49512 0.00000 0.00000 0.00000 40160.76291 40160.76291 67645.10635
21.52510 0.00000 0.00000 0.00000 40160.76291 40160.76291 67645.10635
21.55508 0.00000 0.00000 0.00000 40160.76291 40160.76291 67645.10635
21.58506 0.00000 0.00000 0.00000 40160.76291 40160.76291 67645.10635
21.61504 0.00000 0.00000 0.00000 40160.76291 40160.76291 67645.10635
21.64502 0.00000 0.00000 0.00000 40160.76291 40160.76291 67645.10635
21.67499 0.00000 0.00000 0.00000 40160.76291 40160.76291 67645.10635
21.70497 0.00000 0.00000 0.00000 40160.76291 40160.76291 67645.10635
21.73495 0.00000 0.00000 0.00000 40160.76291 40160.76291 67645.10635
21.76493 0.00000 0.00000 0.00000 40160.76291 40160.76291 67645.10635
21.79491 0.00000 0.00000 0.00000 40160.76291 40160.76291 67645.10635
21.82489 0.00000 0.00000 0.00000 40160.76291 40160.76291 67645.10635
21.85487 0.00000 0.00000 0.00000 40160.76291 40160.76291 67645.10635
21.88485 0.00000 0.00000 0.00000 40160.76291 40160.76291 67645.10635
21.91483 0.00000 0.00000 0.00000 40160.76291 40160.76291 67645.10635
21.94481 0.00000 0.00000 0.00000 40160.76291 40160.76291 67645.10635
21.97479 0.00000 0.00000 0.00000 40160.76291 40160.76291 67645.10635
22.00477 0.00000 0.00000 0.00000 40160.76291 40160.76291 67645.10635
22.03475 0.00000 0.00000 0.00000 40160.76291 40160.76291 67645.10635
22.06472 0.00000 0.00000 0.00000 40160.76291 40160.76291 67645.10635
22.09470 0.00000 0.00000 0.00000 40160.76291 40160.76291 67645.10635
22.12468 0.00000 0.00000 0.00000 40160.76291 40160.76291 67645.10635
22.15466 0.00000 0.00000 0.00000 40160.76291 40160.76291 67645.10635
22.18464 0.00000 0.00000 0.00000 40160.76291 40160.76291 67645.10635
22.21462 0.00000 0.00000 0.00000 40160.76291 40160.76291 67645.10635
22.24460 0.00000 0.00000 0.00000 40160.76291 40160.76291 67645.10635
22.27458 0.00000 0.00000 0.00000 40160.76291 40160.76291 67645.10635
22.30456 0.00000 0.00000 0.00000 40160.76291 40160.76291 67645.10635
22.33454 0.00000 0.00000 0.00000 40160.76291 40160.76291 67645.10635
22.36452 0.00000 0.00000 0.00000 40160.76291 40160.76291 67645.10635
22.39450 0.00000 0.00000 0.00000 40160.76291 40160.76291 67645.10635
22.42448 0.00000 0.00000 0.00000 40160.76291 40160.76291 67645.10635
22.45446 0.00000 0.00000 0.00000 40160.76291 40160.76291 67645.10635
22.48443 0.00000 0.00000 0.00000 40160.76291 40160.76291 67645.10635
22.51441 0.00000 0.00000 0.00000 40160.76291 40160.76291 67645.10635
22.54439 0.00000 0.00000 0.00000 40160.76291 40160.76291 67645.10635
22.57437 0.00000 0.00000 0.00000 40160.76291 40160.76291 67645.10635
22.60435 0.00000 0.00000 0.00000 40160.76291 40160.76291 67645.10635
22.63433 0.00000 0.00000 0.00000 40160.76291 40160.76291 67645.10635
22.66431 0.00000 0.00000 0.00000 40160.76291 40160.76291 67645.10635
22.69429 0.00000 0.00000 0.00000 40160.76291 40160.76291 67645.10635
22.72427 0.00000 0.00000 0.00000 40160.76291 40160.76291 67645.10635
22.75425 0.00000 0.00000 0.00000 40160.76291 40160.76291 67645.10635
22.78423 0.00000 0.00000 0.00000 40160.76291 40160.76291 67645.10635
22.81421 0.00000 0.00000 0.00000 40160.76291 40160.76291 67645.10635
22.84419 0.00000 0.00000 0.00000 40160.76291 40160.76291 67645.10635
22.87416 0.00000 0.00000 0.00000 40160.76291 40160.76291 67645.10635
22.90414 0.00000 0.00000 0.00000 40160.76291 40160.76291 67645.10635
22.93412 0.00000 0.00000 0.00000 40160.76291 40160.76291 67645.10635
22.96410 0.00000 0.00000 0.00000 40160.76291 40160.76291 67645.10635
22.99408 0.00000 0.00000 0.00000 40160.76291 40160.76291 67645.10635
23.02406 0.00000 0.00000 0.00000 40160.76291 40160.76291 67645.10635
23.05404 0.00000 0.00000 0.00000 40160.76291 40160.76291 67645.10635
23.08402 0.00000 0.00000 0.00000 40160.76291 40160.76291 67645.10635
23.11400 0.00000 0.00000 0.00000 40160.76291 40160.76291 67645.10635
23.14398 0.00000 0.00000 0.00000 40160.76291 40160.76291 67645.10635
23.17396 0.00000 0.00000 0.00000 40160.76291 40160.76291 67645.10635
23.20394 0.00000 0.00000 0.00000 40160.76291 40160.76291 67645.10635
23.23392 0.00000 0.00000 0.00000 40160.76291 40160.76291 67645.10635
23.26389 0.00000 0.00000 0.00000 40160.76291 40160.76291 67645.10635
23.29387 0.00000 0.00000 0.00000 40160.76291 40160.76291 67645.10635
23.32385 0.00000 0.00000 0.00000 40160.76291 40160.76291 67645.10635
23.35383 0.00000 0.00000 0.00000 40160.76291 40160.76291 67645.10635
23.38381 0.00000 0.00000 0.00000 40160.76291 40160.76291 67645.10635
23.41379 0.00000 0.00000 0.00000 40160.76291 40160.76291 67645.10635
23.44377 0.00000 0.00000 0.00000 40160.76291 40160.76291 67645.10635
23.47375 0.00000 0.00000 0.00000 40160.76291 40160.76291 67645.10635
23.50373 0.00000 0.00000 0.00000 40160.76291 40160.76291 67645.10635
23.53371 0.00000 0.00000 0.00000 40160.76291 40160.76291 67645.10635
23.56369 0.00000 0.00000 0.00000 40160.76291 40160.76291 67645.10635
23.59367 0.00000 0.00000 0.00000 40160.76291 40160.76291 67645.10635
23.62365 0.00000 0.00000 0.00000 40160.76291 40160.76291 67645.10635
23.65362 0.00000 0.00000 0.00000 40160.76291 40160.76291 67645.10635
23.68360 0.00000 0.00000 0.00000 40160.76291 40160.76291 67645.10635
23.71358 0.00000 0.00000 0.00000 40160.76291 40160.76291 67645.10635
23.74356 0.00000 0.00000 0.00000 40160.76291 40160.76291 67645.10635
23.77354 0.00000 0.00000 0.00000 40160.76291 40160.76291 67645.10635
23.80352 0.00000 0.00000 0.00000 40160.76291 40160.76291 67645.10635
23.83350 0.00000 0.00000 0.00000 40160.76291 40160.76291 67645.10635
23.86348 0.00000 0.00000 0.00000 40160.76291 40160.76291 67645.10635
23.89346 0.00000 0.00000 0.00000 40160.76291 40160.76291 67645.10635
23.92344 0.00000 0.00000 0.00000 40160.76291 40160.76291 67645.10635
23.95342 0.00000 0.00000 0.00000 40160.76291 40160.76291 67645.10635
23.98340 0.00000 0.00000 0.00000 40160.76291 40160.76291 67645.10635
24.01338 0.00000 0.00000 0.00000 40160.76291 40160.76291 67645.10635
24.04336 0.00000 0.00000 0.00000 40160.76291 40160.76291 67645.10635
24.07333 0.00000 0.00000 0.00000 40160.76291 40160.76291 67645.10635
24.10331 0.00000 0.00000 0.00000 40160.76291 40160.76291 67645.10635
24.13329 0.00000 0.00000 0.00000 40160.76291 40160.76291 67645.10635
24.16327 0.00000 0.00000 0.00000 40160.76291 40160.76291 67645.10635
24.19325 0.00000 0.00000 0.00000 40160.76291 40160.76291 67645.10635
24.22323 0.00000 0.00000 0.00000 40160.76291 40160.76291 67645.10635
24.25321 0.00000 0.00000 0.00000 40160.76291 40160.76291 67645.10635
24.28319 0.00000 0.00000 0.00000 40160.76291 40160.76291 67645.10635
24.31317 0.00000 0.00000 0.00000 40160.76291 40160.76291 67645.10635
24.34315 0.00000 0.00000 0.00000 40160.76291 40160.76291 67645.10635
24.37313 0.00000 0.00000 0.00000 40160.76291 40160.76291 67645.10635
24.40311 0.00000 0.00000 0.00000 40160.76291 40160.76291 67645.10635
24.43309 0.00000 0.00000 0.00000 40160.76291 40160.76291 67645.10635
24.46306 0.00000 0.00000 0.00000 40160.76291 40160.76291 67645.10635
24.49304 0.00000 0.00000 0.00000 40160.76291 40160.76291 67645.10635
24.52302 0.00000 0.00000 0.00000 40160.76291 40160.76291 67645.10635
24.55300 0.00000 0.00000 0.00000 40160.76291 40160.76291 67645.10635
24.58298 0.00000 0.00000 0.00000 40160.76291 40160.76291 67645.10635
24.61296 0.00000 0.00000 0.00000 40160.76291 40160.76291 67645.10635
24.64294 0.00000 0.00000 0.00000 40160.76291 40160.76291 67645.10635
24.67292 0.00000 0.00000 0.00000 40160.76291 40160.76291 67645.10635
24.70290 0.00000 0.00000 0.00000 40160.76291 40160.76291 67645.10635
24.73288 0.00000 0.00000 0.00000 40160.76291 40160.76291 67645.10635
24.76286 0.00000 0.00000 0.00000 40160.76291 40160.76291 67645.10635
24.79284 0.00000 0.00000 0.00000 40160.76291 40160.76291 67645.10635
24.82282 0.00000 0.00000 0.00000 40160.76291 40160.76291 67645.10635
24.85279 0.00000 0.00000 0.00000 40160.76291 40160.76291 67645.10635
24.88277 0.00000 0.00000 0.00000 40160.76291 40160.76291 67645.10635
24.91275 0.00000 0.00000 0.00000 40160.76291 40160.76291 67645.10635
24.94273 0.00000 0.00000 0.00000 40160.76291 40160.76291 67645.10635
24.97271 0.00000 0.00000 0.00000 40160.76291 40160.76291 67645.10635
25.00269 0.00000 0.00000 0.00000 40160.76291 40160.76291 67645.10635
25.03267 0.00000 0.00000 0.00000 40160.76291 40160.76291 67645.10635
25.06265 0.00000 0.00000 0.00000 40160.76291 40160.76291 67645.10635
25.09263 0.00000 0.00000 0.00000 40160.76291 40160.76291 67645.10635
25.12261 0.00000 0.00000 0.00000 40160.76291 40160.76291 67645.10635
25.15259 0.00000 0.00000 0.00000 40160.76291 40160.76291 67645.10635
25.18257 0.00000 0.00000 0.00000 40160.76291 40160.76291 67645.10635
25.21255 0.00000 0.00000 0.00000 40160.76291 40160.76291 67645.10635
25.24252 0.00000 0.00000 0.00000 40160.76291 40160.76291 67645.10635
25.27250 0.00000 0.00000 0.00000 40160.76291 40160.76291 67645.10635
25.30248 0.00000 0.00000 0.00000 40160.76291 40160.76291 67645.10635
25.33246 0.00000 0.00000 0.00000 40160.76291 40160.76291 67645.10635
25.36244 0.00000 0.00000 0.00000 40160.76291 40160.76291 67645.10635
25.39242 0.00000 0.00000 0.00000 40160.76291 40160.76291 67645.10635
25.42240 0.00000 0.00000 0.00000 40160.76291 40160.76291 67645.10635
25.45238 0.00000 0.00000 0.00000 40160.76291 40160.76291 67645.10635
25.48236 0.00000 0.00000 0.00000 40160.76291 40160.76291 67645.10635
25.51234 0.00000 0.00000 0.00000 40160.76291 40160.76291 67645.10635
25.54232 0.00000 0.00000 0.00000 40160.76291 40160.76291 67645.10635
25.57230 0.00000 0.00000 0.00000 40160.76291 40160.76291 67645.10635
25.60228 0.00000 0.00000 0.00000 40160.76291 40160.76291 67645.10635
25.63226 0.00000 0.00000 0.00000 40160.76291 40160.76291 67645.10635
25.66223 0.00000 0.00000 0.00000 40160.76291 40160.76291 67645.10635
25.69221 0.00000 0.00000 0.00000 40160.76291 40160.76291 67645.10635
25.72219 0.00000 0.00000 0.00000 40160.76291 40160.76291 67645.10635
25.75217 0.00000 0.00000 0.00000 40160.76291 40160.76291 67645.10635
25.78215 0.00000 0.00000 0.00000 40160.76291 40160.76291 67645.10635
25.81213 0.00000 0.00000 0.00000 40160.76291 40160.76291 67645.10635
25.84211 0.00000 0.00000 0.00000 40160.76291 40160.76291 67645.10635
25.87209 0.00000 0.00000 0.00000 40160.76291 40160.76291 67645.10635
25.90207 0.00000 0.00000 0.00000 40160.76291 40160.76291 67645.10635
25.93205 0.00000 0.00000 0.00000 40160.76291 40160.76291 67645.10635
25.96203 0.00000 0.00000 0.00000 40160.76291 40160.76291 67645.10635
25.99201 0.00000 0.00000 0.00000 40160.76291 40160.76291 67645.10635
26.02199 0.00000 0.00000 0.00000 40160.76291 40160.76291 67645.10635
26.05196 0.00000 0.00000 0.00000 40160.76291 40160.76291 67645.10635
26.08194 0.00000 0.00000 0.00000 40160.76291 40160.76291 67645.10635
26.11192 0.00000 0.00000 0.00000 40160.76291 40160.76291 67645.10635
26.14190 0.00000 0.00000 0.00000 40160.76291 40160.76291 67645.10635
26.17188 0.00000 0.00000 0.00000 40160.76291 40160.76291 67645.10635
26.20186 0.00000 0.00000 0.00000 40160.76291 40160.76291 67645.10635
26.23184 0.00000 0.00000 0.00000 40160.76291 40160.76291 67645.10635
26.26182 0.00000 0.00000 0.00000 40160.76291 40160.76291 67645.10635
26.29180 0.00000 0.00000 0.00000 40160.76291 40160.76291 67645.10635
26.32178 0.00000 0.00000 0.00000 40160.76291 40160.76291 67645.10635
26.35176 0.00000 0.00000 0.00000 40160.76291 40160.76291 67645.10635
26.38174 0.00000 0.00000 0.00000 40160.76291 40160.76291 67645.10635
26.41172 0.00000 0.00000 0.00000 40160.76291 40160.76291 67645.10635
26.44169 0.00000 0.00000 0.00000 40160.76291 40160.76291 67645.10635
26.47167 0.00000 0.00000 0.00000 40160.76291 40160.76291 67645.10635
26.50165 0.00000 0.00000 0.00000 40160.76291 40160.76291 67645.10635
26.53163 0.00000 0.00000 0.00000 40160.76291 40160.76291 67645.10635
26.56161 0.00000 0.00000 0.00000 40160.76291 40160.76291 67645.10635
26.59159 0.00000 0.00000 0.00000 40160.76291 40160.76291 67645.10635
26.62157 0.00000 0.00000 0.00000 40160.76291 40160.76291 67645.10635
26.65155 0.00000 0.00000 0.00000 40160.76291 40160.76291 67645.10635
26.68153 0.00000 0.00000 0.00000 40160.76291 40160.76291 67645.10635
26.71151 0.00000 0.00000 0.00000 40160.76291 40160.76291 67645.10635
26.74149 0.00000 0.00000 0.00000 40160.76291 40160.76291 67645.10635
26.77147 0.00000 0.00000 0.00000 40160.76291 40160.76291 67645.10635
26.80145 0.00000 0.00000 0.00000 40160.76291 40160.76291 67645.10635
26.83142 0.00000 0.00000 0.00000 40160.76291 40160.76291 67645.10635
26.86140 0.00000 0.00000 0.00000 40160.76291 40160.76291 67645.10635
26.89138 0.00000 0.00000 0.00000 40160.76291 40160.76291 67645.10635
26.92136 0.00000 0.00000 0.00000 40160.76291 40160.76291 67645.10635
26.95134 0.00000 0.00000 0.00000 40160.76291 40160.76291 67645.10635
26.98132 0.00000 0.00000 0.00000 40160.76291 40160.76291 67645.10635
27.01130 0.00000 0.00000 0.00000 40160.76291 40160.76291 67645.10635
27.04128 0.00000 0.00000 0.00000 40160.76291 40160.76291 67645.10635
27.07126 0.00000 0.00000 0.00000 40160.76291 40160.76291 67645.10635
27.10124 0.00000 0.00000 0.00000 40160.76291 40160.76291 67645.10635
27.13122 0.00000 0.00000 0.00000 40160.76291 40160.76291 67645.10635
27.16120 0.00000 0.00000 0.00000 40160.76291 40160.76291 67645.10635
27.19118 0.00000 0.00000 0.00000 40160.76291 40160.76291 67645.10635
27.22116 0.00000 0.00000 0.00000 40160.76291 40160.76291 67645.10635
27.25113 0.00000 0.00000 0.00000 40160.76291 40160.76291 67645.10635
27.28111 0.00000 0.00000 0.00000 40160.76291 40160.76291 67645.10635
27.31109 0.00000 0.00000 0.00000 40160.76291 40160.76291 67645.10635
27.34107 0.00000 0.00000 0.00000 40160.76291 40160.76291 67645.10635
27.37105 0.00000 0.00000 0.00000 40160.76291 40160.76291 67645.10635
27.40103 0.00000 0.00000 0.00000 40160.76291 40160.76291 67645.10635
27.43101 0.00000 0.00000 0.00000 40160.76291 40160.76291 67645.10635
27.46099 0.00000 0.00000 0.00000 40160.76291 40160.76291 67645.10635
27.49097 0.00000 0.00000 0.00000 40160.76291 40160.76291 67645.10635
27.52095 0.00000 0.00000 0.00000 40160.76291 40160.76291 67645.10635
27.55093 0.00000 0.00000 0.00000 40160.76291 40160.76291 67645.10635
27.58091 0.00000 0.00000 0.00000 40160.76291 40160.76291 67645.10635
27.61089 0.00000 0.00000 0.00000 40160.76291 40160.76291 67645.10635
27.64086 0.00000 0.00000 0.00000 40160.76291 40160.76291 67645.10635
27.67084 0.00000 0.00000 0.00000 40160.76291 40160.76291 67645.10635
27.70082 0.00000 0.00000 0.00000 40160.76291 40160.76291 67645.10635
27.73080 0.00000 0.00000 0.00000 40160.76291 40160.76291 67645.10635
27.76078 0.00000 0.00000 0.00000 40160.76291 40160.76291 67645.10635
27.79076 0.00000 0.00000 0.00000 40160.76291 40160.76291 67645.10635
27.82074 0.00000 0.00000 0.00000 40160.76291 40160.76291 67645.10635
27.85072 0.00000 0.00000 0.00000 40160.76291 40160.76291 67645.10635
27.88070 0.00000 0.00000 0.00000 40160.76291 40160.76291 67645.10635
27.91068 0.00000 0.00000 0.00000 40160.76291 40160.76291 67645.10635
27.94066 0.00000 0.00000 0.00000 40160.76291 40160.76291 67645.10635
27.97064 0.00000 0.00000 0.00000 40160.76291 40160.76291 67645.10635
28.00062 0.00000 0.00000 0.00000 40160.76291 40160.76291 67645.10635
28.03059 0.00000 0.00000 0.00000 40160.76291 40160.76291 67645.10635
28.06057 0.00000 0.00000 0.00000 40160.76291 40160.76291 67645.10635
28.09055 0.00000 0.00000 0.00000 40160.76291 40160.76291 67645.10635
28.12053 0.00000 0.00000 0.00000 40160.76291 40160.76291 67645.10635
28.15051 0.00000 0.00000 0.00000 40160.76291 40160.76291 67645.10635
28.18049 0.00000 0.00000 0.00000 40160.76291 40160.76291 67645.10635
28.21047 0.00000 0.00000 0.00000 40160.76291 40160.76291 67645.10635
28.24045 0.00000 0.00000 0.00000 40160.76291 40160.76291 67645.10635
28.27043 0.00000 0.00000 0.00000 40160.76291 40160.76291 67645.10635
28.30041 0.00000 0.00000 0.00000 40160.76291 40160.76291 67645.10635
28.33039 0.00000 0.00000 0.00000 40160.76291 40160.76291 67645.10635
28.36037 0.00000 0.00000 0.00000 40160.76291 40160.76291 67645.10635
28.39035 0.00000 0.00000 0.00000 40160.76291 40160.76291 67645.10635
28.42033 0.00000 0.00000 0.00000 40160.76291 40160.76291 67645.10635
28.45030 0.00000 0.00000 0.00000 40160.76291 40160.76291 67645.10635
28.48028 0.00000 0.00000 0.00000 40160.76291 40160.76291 67645.10635
28.51026 0.00000 0.00000 0.00000 40160.76291 40160.76291 67645.10635
28.54024 0.00000 0.00000 0.00000 40160.76291 40160.76291 67645.10635
28.57022 0.00000 0.00000 0.00000 40160.76291 40160.76291 67645.10635
28.60020 0.00000 0.00000 0.00000 40160.76291 40160.76291 67645.10635
28.63018 0.00000 0.00000 0.00000 40160.76291 40160.76291 67645.10635
28.66016 0.00000 0.00000 0.00000 40160.76291 40160.76291 67645.10635
28.69014 0.00000 0.00000 0.00000 40160.76291 40160.76291 67645.10635
28.72012 0.00000 0.00000 0.00000 40160.76291 40160.76291 67645.10635
28.75010 0.00000 0.00000 0.00000 40160.76291 40160.76291 67645.10635
28.78008 0.00000 0.00000 0.00000 40160.76291 40160.76291 67645.10635
28.81006 0.00000 0.00000 0.00000 40160.76291 40160.76291 67645.10635
28.84003 0.00000 0.00000 0.00000 40160.76291 40160.76291 67645.10635
28.87001 0.00000 0.00000 0.00000 40160.76291 40160.76291 67645.10635
28.89999 0.00000 0.00000 0.00000 40160.76291 40160.76291 67645.10635
28.92997 0.00000 0.00000 0.00000 40160.76291 40160.76291 67645.10635
28.95995 0.00000 0.00000 0.00000 40160.76291 40160.76291 67645.10635
28.98993 0.00000 0.00000 0.00000 40160.76291 40160.76291 67645.10635
29.01991 0.00000 0.00000 0.00000 40160.76291 40160.76291 67645.10635
29.04989 0.00000 0.00000 0.00000 40160.76291 40160.76291 67645.10635
29.07987 0.00000 0.00000 0.00000 40160.76291 40160.76291 67645.10635
29.10985 0.00000 0.00000 0.00000 40160.76291 40160.76291 67645.10635
29.13983 0.00000 0.00000 0.00000 40160.76291 40160.76291 67645.10635
29.16981 0.00000 0.00000 0.00000 40160.76291 40160.76291 67645.10635
29.19979 0.00000 0.00000 0.00000 40160.76291 40160.76291 67645.10635
29.22976 0.00000 0.00000 0.00000 40160.76291 40160.76291 67645.10635
29.25974 0.00000 0.00000 0.00000 40160.76291 40160.76291 67645.10635
29.28972 0.00000 0.00000 0.00000 40160.76291 40160.76291 67645.10635
29.31970 0.00000 0.00000 0.00000 40160.76291 40160.76291 67645.10635
29.34968 0.00000 0.00000 0.00000 40160.76291 40160.76291 67645.10635
29.37966 0.00000 0.00000 0.00000 40160.76291 40160.76291 67645.10635
29.40964 0.00000 0.00000 0.00000 40160.76291 40160.76291 67645.10635
29.43962 0.00000 0.00000 0.00000 40160.76291 40160.76291 67645.10635
29.46960 0.00000 0.00000 0.00000 40160.76291 40160.76291 67645.10635
29.49958 0.00000 0.00000 0.00000 40160.76291 40160.76291 67645.10635
29.52956 0.00000 0.00000 0.00000 40160.76291 40160.76291 67645.10635
29.55954 0.00000 0.00000 0.00000 40160.76291 40160.76291 67645.10635
29.58952 0.00000 0.00000 0.00000 40160.76291 40160.76291 67645.10635
29.61949 0.00000 0.00000 0.00000 40160.76291 40160.76291 67645.10635
29.64947 0.00000 0.00000 0.00000 40160.76291 40160.76291 67645.10635
29.67945 0.00000 0.00000 0.00000 40160.76291 40160.76291 67645.10635
29.70943 0.00000 0.00000 0.00000 40160.76291 40160.76291 67645.10635
29.73941 0.00000 0.00000 0.00000 40160.76291 40160.76291 67645.10635
29.76939 0.00000 0.00000 0.00000 40160.76291 40160.76291 67645.10635
29.79937 0.00000 0.00000 0.00000 40160.76291 40160.76291 67645.10635
29.82935 0.00000 0.00000 0.00000 40160.76291 40160.76291 67645.10635
29.85933 0.00000 0.00000 0.00000 40160.76291 40160.76291 67645.10635
29.88931 0.00000 0.00000 0.00000 40160.76291 40160.76291 67645.10635
29.91929 0.00000 0.00000 0.00000 40160.76291 40160.76291 67645.10635
29.94927 0.00000 0.00000 0.00000 40160.76291 40160.76291 67645.10635
29.97925 0.00000 0.00000 0.00000 40160.76291 40160.76291 67645.10635
