0.00	-0.050866	-0.050866	-0.050866	4.138929	7.200607	7.200607	7.200607	8.040309
0.01	-0.051355	-0.050921	-0.050921	4.139722	7.199891	7.201198	7.201198	8.040925
0.02	-0.052819	-0.051085	-0.051084	4.142096	7.197748	7.202970	7.202970	8.041783
0.03	-0.055250	-0.051357	-0.051357	4.146044	7.194186	7.205922	7.205922	8.042425
0.04	-0.058637	-0.051738	-0.051738	4.151553	7.189223	7.210053	7.210053	8.046974
0.05	-0.062963	-0.052227	-0.052227	4.158606	7.182882	7.215362	7.215362	8.048286
0.06	-0.068205	-0.052822	-0.052822	4.167181	7.175190	7.221846	7.221847	8.047128
0.07	-0.074339	-0.053523	-0.053522	4.177248	7.166172	7.229474	7.229474	8.049647
0.08	-0.081336	-0.054327	-0.054327	4.188787	7.155888	7.238300	7.238301	8.064827
0.09	-0.089161	-0.055234	-0.055233	4.201758	7.144371	7.248293	7.248293	8.055550
0.10	-0.097780	-0.056241	-0.056240	4.216126	7.131669	7.259448	7.259448	8.059051
0.11	-0.107152	-0.057346	-0.057346	4.231849	7.117831	7.271761	7.271761	8.064001
0.12	-0.117235	-0.058548	-0.058547	4.248885	7.102910	7.285226	7.285226	8.067205
0.13	-0.127986	-0.059844	-0.059844	4.267188	7.086963	7.299838	7.299838	8.072219
0.14	-0.139358	-0.061233	-0.061232	4.286700	7.069973	7.315555	7.315555	8.076818
0.15	-0.151301	-0.062709	-0.062709	4.307397	7.052141	7.332444	7.332444	8.082974
0.16	-0.163767	-0.064271	-0.064271	4.329218	7.033454	7.350461	7.350461	8.087816
0.17	-0.176705	-0.065916	-0.065915	4.352112	7.013968	7.369600	7.369600	8.093922
0.18	-0.190065	-0.067640	-0.067640	4.376030	6.993742	7.389853	7.389853	8.100272
0.19	-0.203796	-0.069441	-0.069440	4.400920	6.972831	7.411211	7.411211	8.106999
0.20	-0.217847	-0.071314	-0.071314	4.426732	6.951293	7.433667	7.433667	8.114104
0.21	-0.232167	-0.073257	-0.073257	4.453418	6.929180	7.457212	7.457212	8.121535
0.22	-0.246706	-0.075266	-0.075265	4.480949	6.906546	7.481838	7.481838	8.129312
0.23	-0.261422	-0.077338	-0.077337	4.509231	6.883442	7.507531	7.507531	8.137441
0.24	-0.276251	-0.079468	-0.079468	4.538244	6.859918	7.534285	7.534285	8.145858
0.25	-0.291153	-0.081654	-0.081654	4.567940	6.836022	7.562088	7.562088	8.154620
0.26	-0.306082	-0.083892	-0.083892	4.598274	6.811799	7.590931	7.590931	8.163705
0.27	-0.320991	-0.086178	-0.086177	4.629206	6.787293	7.620801	7.620801	8.173107
0.28	-0.335837	-0.088507	-0.088506	4.660693	6.762546	7.651687	7.651687	8.182813
0.29	-0.350578	-0.090876	-0.090876	4.692698	6.737599	7.683578	7.683578	8.192829
0.30	-0.365185	-0.093285	-0.093284	4.725174	6.712486	7.716457	7.716457	8.203085
0.31	-0.379597	-0.095722	-0.095722	4.758105	6.687251	7.750318	7.750318	8.213696
0.32	-0.393789	-0.098188	-0.098188	4.791447	6.661924	7.785146	7.785146	8.224596
0.33	-0.407726	-0.100679	-0.100679	4.825165	6.636539	7.820898	7.820898	8.235777
0.34	-0.421375	-0.103191	-0.103190	4.859237	6.611126	7.857617	7.857617	8.247235
0.35	-0.434704	-0.105720	-0.105719	4.893632	6.585717	7.895259	7.895259	8.258963
0.36	-0.447685	-0.108263	-0.108262	4.928322	6.560338	7.933811	7.933811	8.270953
0.37	-0.460289	-0.110815	-0.110815	4.963283	6.535016	7.973256	7.973256	8.283199
0.38	-0.472492	-0.113374	-0.113374	4.998491	6.509776	8.013579	8.013579	8.295692
0.39	-0.484269	-0.115937	-0.115936	5.033926	6.484643	8.054763	8.054763	8.308425
0.40	-0.495601	-0.118499	-0.118498	5.069566	6.459639	8.096792	8.096792	8.321390
0.41	-0.506468	-0.121057	-0.121057	5.105395	6.434784	8.139647	8.139647	8.334578
0.42	-0.516852	-0.123609	-0.123608	5.141392	6.410100	8.183311	8.183311	8.347979
0.43	-0.526741	-0.126155	-0.126155	5.177535	6.385600	8.227761	8.227761	8.361573
0.44	-0.536115	-0.128685	-0.128685	5.213818	6.361312	8.272960	8.272960	8.375371
0.45	-0.544965	-0.131200	-0.131199	5.250227	6.337249	8.318932	8.318933	8.389359
0.46	-0.553281	-0.133695	-0.133695	5.286744	6.313427	8.365633	8.365634	8.403522
0.47	-0.561056	-0.136171	-0.136170	5.323351	6.289860	8.413034	8.413034	8.417850
0.48	-0.568284	-0.138622	-0.138622	5.360045	6.266563	8.432332	8.461124	8.461125
0.49	-0.574959	-0.141047	-0.141047	5.396810	6.243551	8.446956	8.509873	8.509874
0.50	-0.581081	-0.143445	-0.143444	5.433633	6.220835	8.461710	8.559256	8.559256
0.51	-0.586648	-0.145811	-0.145811	5.470502	6.198429	8.476584	8.609245	8.609245
0.52	-0.591663	-0.148146	-0.148145	5.507407	6.176343	8.491563	8.659812	8.659812
0.53	-0.596126	-0.150445	-0.150445	5.544335	6.154588	8.506636	8.710929	8.710929
0.54	-0.600044	-0.152709	-0.152708	5.581274	6.133176	8.521788	8.762563	8.762563
0.55	-0.603423	-0.154934	-0.154934	5.618212	6.112115	8.537006	8.814682	8.814682
0.56	-0.606260	-0.157120	-0.157119	5.655147	6.091435	8.552278	8.867360	8.867360
0.57	-0.608584	-0.159264	-0.159264	5.692044	6.071105	8.567586	8.920339	8.920386
0.58	-0.610398	-0.161366	-0.161366	5.728901	6.051153	8.582916	8.973691	8.973691
0.59	-0.611714	-0.163424	-0.163424	5.765690	6.031575	8.598251	9.027336	9.027338
0.60	-0.612544	-0.165431	-0.165431	5.802465	6.012403	8.613786	9.081301	9.081304
0.61	-0.612904	-0.167398	-0.167397	5.839110	5.993632	8.629089	9.135502	9.135800
0.62	-0.612811	-0.169318	-0.169317	5.875652	5.975268	8.644352	9.189884	9.190331
0.63	-0.612281	-0.171189	-0.171189	5.912070	5.957318	8.659554	9.244393	9.245797
0.64	-0.611334	-0.173012	-0.173012	5.939787	5.948344	8.674681	9.298966	9.303783
0.65	-0.609990	-0.174786	-0.174785	5.922682	5.984455	8.689715	9.312743	9.353538
0.66	-0.608250	-0.176509	-0.176508	5.906011	6.020394	8.704637	9.301207	9.408125
0.67	-0.606175	-0.178182	-0.178182	5.889772	6.056102	8.719429	9.280471	9.462474
0.68	-0.603771	-0.179805	-0.179804	5.873973	6.091559	8.734072	9.261804	9.516586
0.69	-0.601058	-0.181376	-0.181375	5.858621	6.126755	8.748546	9.241478	9.570381
0.70	-0.598065	-0.182897	-0.182897	5.843718	6.161649	8.762815	9.219958	9.623874
0.71	-0.594812	-0.184365	-0.184365	5.829270	6.196206	8.776896	9.197270	9.676633
0.72	-0.591327	-0.185782	-0.185781	5.815279	6.230390	8.790749	9.173748	9.728890
0.73	-0.587637	-0.187146	-0.187146	5.801750	6.264162	8.804357	9.149580	9.780402
0.74	-0.583768	-0.188458	-0.188458	5.788686	6.297480	8.817698	9.124987	9.835887
0.75	-0.579747	-0.189718	-0.189718	5.776090	6.330297	8.830752	9.100175	9.872376
0.76	-0.575603	-0.190926	-0.190925	5.763966	6.362568	8.843500	9.075355	9.839801
0.77	-0.571362	-0.192082	-0.192082	5.752316	6.394239	8.855921	9.050731	9.762351
0.78	-0.567051	-0.193193	-0.193192	5.741140	6.425213	8.867856	9.026447	9.720281
0.79	-0.562699	-0.194246	-0.194245	5.730447	6.455522	8.879562	9.002793	9.680859
0.80	-0.558329	-0.195247	-0.195246	5.720258	6.485066	8.890882	8.979890	9.631280
0.81	-0.553976	-0.196195	-0.196194	5.710515	6.513771	8.901797	8.957924	9.589962
0.82	-0.549663	-0.197094	-0.197094	5.701275	6.541585	8.912284	8.936988	9.549336
0.83	-0.545415	-0.197943	-0.197942	5.692524	6.568437	8.917242	8.922327	9.509889
0.84	-0.541256	-0.198741	-0.198741	5.684263	6.594258	8.898802	8.931906	9.471502
0.85	-0.537213	-0.199489	-0.199489	5.676494	6.618979	8.881768	8.941005	9.434247
0.86	-0.533308	-0.200187	-0.200187	5.669219	6.642527	8.866222	8.949606	9.398188
0.87	-0.529564	-0.200835	-0.200835	5.662439	6.664833	8.852225	8.957693	9.363416
0.88	-0.526003	-0.201434	-0.201434	5.656156	6.685825	8.839820	8.965249	9.330033
0.89	-0.522636	-0.201984	-0.201984	5.650372	6.705458	8.829040	8.972260	9.298236
0.90	-0.519503	-0.202485	-0.202485	5.645086	6.723619	8.819840	8.978712	9.268011
0.91	-0.516610	-0.202938	-0.202937	5.640301	6.740265	8.812201	8.984590	9.239591
0.92	-0.513975	-0.203342	-0.203341	5.636017	6.755337	8.806054	8.989884	9.213160
0.93	-0.511612	-0.203702	-0.203701	5.632234	6.768767	8.801271	8.994530	9.188921
0.94	-0.509537	-0.204010	-0.204010	5.628955	6.780524	8.797764	8.998621	9.167106
0.95	-0.507760	-0.204271	-0.204271	5.626179	6.790553	8.795335	9.002098	9.147969
0.96	-0.506293	-0.204484	-0.204484	5.623907	6.798813	8.793782	9.004954	9.131779
0.97	-0.505142	-0.204650	-0.204649	5.622140	6.805272	8.792891	9.007181	9.118812
0.98	-0.504316	-0.204768	-0.204768	5.620877	6.809904	8.792446	9.008775	9.109325
0.99	-0.503817	-0.204839	-0.204839	5.620119	6.812691	8.792264	9.009733	9.103536
1.00	-0.503651	-0.204863	-0.204862	5.619867	6.813621	8.792218	9.010053	9.101589