    0.6100085341E+00    0.0000000000E+00    0.0000000000E+00    0.0000000000E+00    0.0000000000E+00    0.0000000000E+00    0.0000000000E+00    0.0000000000E+00    0.0000000000E+00    0.0000000000E+00
    0.1220017068E+01    0.0000000000E+00    0.0000000000E+00    0.0000000000E+00    0.0000000000E+00    0.0000000000E+00    0.0000000000E+00    0.0000000000E+00    0.0000000000E+00    0.0000000000E+00
    0.1830025602E+01    0.1299329887E+01   -0.6893171771E-24    0.6893171771E-24   -0.6893171771E-24    0.1299329887E+01   -0.6893171771E-24    0.6893171771E-24   -0.6893171771E-24    0.1299329887E+01
    0.2440034136E+01    0.2389768152E+01   -0.6893171771E-24    0.6893171771E-24   -0.6893171771E-24    0.2389768152E+01   -0.6893171771E-24    0.6893171771E-24   -0.6893171771E-24    0.2389768152E+01
    0.3050042670E+01    0.3506208393E+01    0.9650440480E-24   -0.9650440480E-24    0.9650440480E-24    0.3506208393E+01    0.9650440480E-24   -0.9650440480E-24    0.9650440480E-24    0.3506208393E+01
    0.3660051205E+01    0.8555993197E+01   -0.5514537417E-24   -0.5514537417E-24    0.5514537417E-24    0.8555993197E+01   -0.5514537417E-24    0.5514537417E-24    0.5514537417E-24    0.8555993197E+01
    0.4270059739E+01    0.1028664962E+02    0.1102907483E-23    0.0000000000E+00    0.0000000000E+00    0.1028664962E+02    0.1102907483E-23   -0.1102907483E-23    0.0000000000E+00    0.1028664962E+02
    0.4880068273E+01    0.1178128658E+02    0.1102907483E-23    0.2205814967E-23   -0.2205814967E-23    0.1178128658E+02    0.1102907483E-23   -0.1102907483E-23   -0.2205814967E-23    0.1178128658E+02
    0.5490076807E+01    0.1472778027E+02    0.1654361225E-23    0.5514537417E-24   -0.5514537417E-24    0.1472778027E+02    0.1654361225E-23   -0.1654361225E-23   -0.5514537417E-24    0.1472778027E+02
    0.6100085341E+01    0.1592254641E+02    0.5514537417E-24    0.1654361225E-23   -0.1654361225E-23    0.1592254641E+02    0.5514537417E-24   -0.5514537417E-24   -0.1654361225E-23    0.1592254641E+02
    0.6710093875E+01    0.1931627110E+02   -0.2205814967E-23    0.1102907483E-23   -0.1102907483E-23    0.1931627110E+02   -0.2205814967E-23    0.2205814967E-23   -0.1102907483E-23    0.1931627110E+02
    0.7320102409E+01    0.2089213388E+02    0.6617444900E-23   -0.3308722450E-23    0.3308722450E-23    0.2089213388E+02    0.6617444900E-23   -0.6617444900E-23    0.3308722450E-23    0.2089213388E+02
    0.7930110943E+01    0.2224267768E+02   -0.4411629934E-23    0.3308722450E-23   -0.3308722450E-23    0.2224267768E+02   -0.4411629934E-23    0.4411629934E-23   -0.3308722450E-23    0.2224267768E+02
    0.8540119477E+01    0.2415707966E+02   -0.5514537417E-23    0.4411629934E-23   -0.4411629934E-23    0.2415707966E+02   -0.5514537417E-23    0.5514537417E-23   -0.4411629934E-23    0.2415707966E+02
    0.9150128011E+01    0.2547052875E+02   -0.1102907483E-23    0.2205814967E-23   -0.2205814967E-23    0.2547052875E+02   -0.1102907483E-23    0.1102907483E-23   -0.2205814967E-23    0.2547052875E+02
    0.9760136546E+01    0.2736293570E+02   -0.3308722450E-23    0.0000000000E+00    0.0000000000E+00    0.2736293570E+02   -0.3308722450E-23    0.3308722450E-23    0.0000000000E+00    0.2736293570E+02
    0.1037014508E+02    0.2857412800E+02   -0.2205814967E-23   -0.3308722450E-23    0.3308722450E-23    0.2857412800E+02   -0.2205814967E-23    0.2205814967E-23    0.3308722450E-23    0.2857412800E+02
    0.1098015361E+02    0.3021338223E+02   -0.2205814967E-23    0.0000000000E+00    0.0000000000E+00    0.3021338223E+02   -0.2205814967E-23    0.2205814967E-23    0.0000000000E+00    0.3021338223E+02
    0.1159016215E+02    0.3229846682E+02   -0.6617444900E-23    0.2205814967E-23   -0.2205814967E-23    0.3229846682E+02   -0.6617444900E-23    0.6617444900E-23   -0.2205814967E-23    0.3229846682E+02
    0.1220017068E+02    0.3401686290E+02   -0.2205814967E-23    0.2205814967E-23   -0.2205814967E-23    0.3401686290E+02   -0.2205814967E-23    0.2205814967E-23   -0.2205814967E-23    0.3401686290E+02
    0.1281017922E+02    0.3627760119E+02   -0.4411629934E-23   -0.2205814967E-23    0.2205814967E-23    0.3627760119E+02   -0.4411629934E-23    0.4411629934E-23    0.2205814967E-23    0.3627760119E+02
    0.1342018775E+02    0.3829718339E+02    0.0000000000E+00    0.8823259867E-23   -0.8823259867E-23    0.3829718339E+02    0.0000000000E+00    0.0000000000E+00   -0.8823259867E-23    0.3829718339E+02
    0.1403019628E+02    0.4073514918E+02    0.1411721579E-21   -0.7058607894E-22    0.7058607894E-22    0.4073514918E+02    0.1411721579E-21   -0.1411721579E-21    0.7058607894E-22    0.4073514918E+02
    0.1464020482E+02    0.4237696009E+02    0.1131583078E-20    0.0000000000E+00    0.0000000000E+00    0.4237696009E+02    0.1131583078E-20   -0.1131583078E-20    0.0000000000E+00    0.4237696009E+02
    0.1525021335E+02    0.4430583343E+02   -0.5646886315E-21   -0.2205814967E-23    0.2205814967E-23    0.4430583343E+02   -0.5646886315E-21    0.5646886315E-21    0.2205814967E-23    0.4430583343E+02
    0.1586022189E+02    0.4576354455E+02    0.2205814967E-23   -0.1131583078E-20    0.1131583078E-20    0.4576354455E+02    0.2205814967E-23   -0.2205814967E-23    0.1131583078E-20    0.4576354455E+02
    0.1647023042E+02    0.4686436721E+02    0.5624828165E-21   -0.5624828165E-21    0.5624828165E-21    0.4686436721E+02    0.5624828165E-21   -0.5624828165E-21    0.5624828165E-21    0.4686436721E+02
    0.1708023895E+02    0.4799714269E+02    0.2260960341E-20   -0.1129377263E-20    0.1129377263E-20    0.4799714269E+02    0.2260960341E-20   -0.2260960341E-20    0.1129377263E-20    0.4799714269E+02
    0.1769024749E+02    0.4884769594E+02   -0.2256548711E-20    0.2205814967E-23   -0.2205814967E-23    0.4884769594E+02   -0.2256548711E-20    0.2256548711E-20   -0.2205814967E-23    0.4884769594E+02
    0.1830025602E+02    0.4971501256E+02    0.0000000000E+00   -0.2205814967E-23    0.2205814967E-23    0.4971501256E+02    0.0000000000E+00    0.0000000000E+00    0.2205814967E-23    0.4971501256E+02
    0.1891026456E+02    0.5008876525E+02    0.2258754526E-20    0.0000000000E+00    0.0000000000E+00    0.5008876525E+02    0.2258754526E-20   -0.2258754526E-20    0.0000000000E+00    0.5008876525E+02
    0.1952027309E+02    0.5087097278E+02    0.2260960341E-20   -0.2205814967E-23    0.2205814967E-23    0.5087097278E+02    0.2260960341E-20   -0.2260960341E-20    0.2205814967E-23    0.5087097278E+02
    0.2013028163E+02    0.5150458690E+02   -0.2205814967E-23    0.2258754526E-20   -0.2258754526E-20    0.5150458690E+02   -0.2205814967E-23    0.2205814967E-23   -0.2258754526E-20    0.5150458690E+02
    0.2074029016E+02    0.5187503664E+02    0.0000000000E+00   -0.2258754526E-20    0.2258754526E-20    0.5187503664E+02    0.0000000000E+00    0.0000000000E+00    0.2258754526E-20    0.5187503664E+02
    0.2135029869E+02    0.5232930760E+02   -0.2205814967E-23   -0.2256548711E-20    0.2256548711E-20    0.5232930760E+02   -0.2205814967E-23    0.2205814967E-23    0.2256548711E-20    0.5232930760E+02
    0.2196030723E+02    0.5254268821E+02    0.2205814967E-23   -0.2258754526E-20    0.2258754526E-20    0.5254268821E+02    0.2205814967E-23   -0.2205814967E-23    0.2258754526E-20    0.5254268821E+02
    0.2257031576E+02    0.5304367157E+02   -0.2205814967E-23   -0.2258754526E-20    0.2258754526E-20    0.5304367157E+02   -0.2205814967E-23    0.2205814967E-23    0.2258754526E-20    0.5304367157E+02
    0.2318032430E+02    0.5338043559E+02    0.0000000000E+00   -0.2256548711E-20    0.2256548711E-20    0.5338043559E+02    0.0000000000E+00    0.0000000000E+00    0.2256548711E-20    0.5338043559E+02
    0.2379033283E+02    0.5351450403E+02    0.0000000000E+00   -0.2258754526E-20    0.2258754526E-20    0.5351450403E+02    0.0000000000E+00    0.0000000000E+00    0.2258754526E-20    0.5351450403E+02
    0.2440034136E+02    0.5394233265E+02    0.0000000000E+00   -0.2260960341E-20    0.2260960341E-20    0.5394233265E+02    0.0000000000E+00    0.0000000000E+00    0.2260960341E-20    0.5394233265E+02
    0.2501034990E+02    0.5422555617E+02   -0.2205814967E-23   -0.2258754526E-20    0.2258754526E-20    0.5422555617E+02   -0.2205814967E-23    0.2205814967E-23    0.2258754526E-20    0.5422555617E+02
    0.2562035843E+02    0.5450271763E+02   -0.2205814967E-23   -0.2256548711E-20    0.2256548711E-20    0.5450271763E+02   -0.2205814967E-23    0.2205814967E-23    0.2256548711E-20    0.5450271763E+02
    0.2623036697E+02    0.5470750233E+02   -0.2205814967E-23   -0.2256548711E-20    0.2256548711E-20    0.5470750233E+02   -0.2205814967E-23    0.2205814967E-23    0.2256548711E-20    0.5470750233E+02
    0.2684037550E+02    0.5487885099E+02    0.0000000000E+00   -0.2260960341E-20    0.2260960341E-20    0.5487885099E+02    0.0000000000E+00    0.0000000000E+00    0.2260960341E-20    0.5487885099E+02
    0.2745038403E+02    0.5511142347E+02    0.0000000000E+00   -0.2260960341E-20    0.2260960341E-20    0.5511142347E+02    0.0000000000E+00    0.0000000000E+00    0.2260960341E-20    0.5511142347E+02
    0.2806039257E+02    0.5523840385E+02    0.2205814967E-23   -0.2256548711E-20    0.2256548711E-20    0.5523840385E+02    0.2205814967E-23   -0.2205814967E-23    0.2256548711E-20    0.5523840385E+02
    0.2867040110E+02    0.5542439543E+02    0.2205814967E-23   -0.2256548711E-20    0.2256548711E-20    0.5542439543E+02    0.2205814967E-23   -0.2205814967E-23    0.2256548711E-20    0.5542439543E+02
    0.2928040964E+02    0.5555777248E+02    0.0000000000E+00   -0.2258754526E-20    0.2258754526E-20    0.5555777248E+02    0.0000000000E+00    0.0000000000E+00    0.2258754526E-20    0.5555777248E+02
    0.2989041817E+02    0.5572886584E+02    0.0000000000E+00   -0.2258754526E-20    0.2258754526E-20    0.5572886584E+02    0.0000000000E+00    0.0000000000E+00    0.2258754526E-20    0.5572886584E+02
    0.3050042670E+02    0.5588420610E+02    0.2205814967E-23   -0.2258754526E-20    0.2258754526E-20    0.5588420610E+02    0.2205814967E-23   -0.2205814967E-23    0.2258754526E-20    0.5588420610E+02
    0.3111043524E+02    0.5602576381E+02   -0.2205814967E-23   -0.2260960341E-20    0.2260960341E-20    0.5602576381E+02   -0.2205814967E-23    0.2205814967E-23    0.2260960341E-20    0.5602576381E+02
    0.3172044377E+02    0.5621683779E+02   -0.2205814967E-23   -0.2260960341E-20    0.2260960341E-20    0.5621683779E+02   -0.2205814967E-23    0.2205814967E-23    0.2260960341E-20    0.5621683779E+02
    0.3233045231E+02    0.5632142466E+02    0.0000000000E+00   -0.2256548711E-20    0.2256548711E-20    0.5632142466E+02    0.0000000000E+00    0.0000000000E+00    0.2256548711E-20    0.5632142466E+02
    0.3294046084E+02    0.5643652110E+02    0.2205814967E-23   -0.2258754526E-20    0.2258754526E-20    0.5643652110E+02    0.2205814967E-23   -0.2205814967E-23    0.2258754526E-20    0.5643652110E+02
    0.3355046938E+02    0.5651323778E+02    0.0000000000E+00   -0.2256548711E-20    0.2256548711E-20    0.5651323778E+02    0.0000000000E+00    0.0000000000E+00    0.2256548711E-20    0.5651323778E+02
    0.3416047791E+02    0.5661662306E+02    0.2205814967E-23   -0.2258754526E-20    0.2258754526E-20    0.5661662306E+02    0.2205814967E-23   -0.2205814967E-23    0.2258754526E-20    0.5661662306E+02
    0.3477048644E+02    0.5669680945E+02   -0.2205814967E-23   -0.2256548711E-20    0.2256548711E-20    0.5669680945E+02   -0.2205814967E-23    0.2205814967E-23    0.2256548711E-20    0.5669680945E+02
    0.3538049498E+02    0.5677009852E+02    0.0000000000E+00   -0.2258754526E-20    0.2258754526E-20    0.5677009852E+02    0.0000000000E+00    0.0000000000E+00    0.2258754526E-20    0.5677009852E+02
    0.3599050351E+02    0.5682915848E+02    0.2205814967E-23   -0.2258754526E-20    0.2258754526E-20    0.5682915848E+02    0.2205814967E-23   -0.2205814967E-23    0.2258754526E-20    0.5682915848E+02
    0.3660051205E+02    0.5688350213E+02    0.0000000000E+00   -0.2258754526E-20    0.2258754526E-20    0.5688350213E+02    0.0000000000E+00    0.0000000000E+00    0.2258754526E-20    0.5688350213E+02
    0.3721052058E+02    0.5692246142E+02   -0.2205814967E-23   -0.2258754526E-20    0.2258754526E-20    0.5692246142E+02   -0.2205814967E-23    0.2205814967E-23    0.2258754526E-20    0.5692246142E+02
    0.3782052911E+02    0.5697020470E+02    0.0000000000E+00   -0.2258754526E-20    0.2258754526E-20    0.5697020470E+02    0.0000000000E+00    0.0000000000E+00    0.2258754526E-20    0.5697020470E+02
    0.3843053765E+02    0.5700391881E+02   -0.2823443158E-21   -0.1976410210E-20    0.1976410210E-20    0.5700391881E+02   -0.2823443158E-21    0.2823443158E-21    0.1976410210E-20    0.5700391881E+02
    0.3904054618E+02    0.5704461018E+02    0.2823443158E-21   -0.2258754526E-20    0.2258754526E-20    0.5704461018E+02    0.2823443158E-21   -0.2823443158E-21    0.2258754526E-20    0.5704461018E+02
    0.3965055472E+02    0.5708163757E+02    0.1129377263E-20   -0.1129377263E-20    0.1129377263E-20    0.5708163757E+02    0.1129377263E-20   -0.1129377263E-20    0.1129377263E-20    0.5708163757E+02
    0.4026056325E+02    0.5712337122E+02   -0.1129377263E-20   -0.2258754526E-20    0.2258754526E-20    0.5712337122E+02   -0.1129377263E-20    0.1129377263E-20    0.2258754526E-20    0.5712337122E+02
    0.4087057178E+02    0.5717891288E+02   -0.5646886315E-21   -0.2258754526E-20    0.2258754526E-20    0.5717891288E+02   -0.5646886315E-21    0.5646886315E-21    0.2258754526E-20    0.5717891288E+02
    0.4148058032E+02    0.5726748765E+02    0.0000000000E+00   -0.2258754526E-20    0.2258754526E-20    0.5726748765E+02    0.0000000000E+00    0.0000000000E+00    0.2258754526E-20    0.5726748765E+02
    0.4209058885E+02    0.5733910490E+02    0.0000000000E+00   -0.2258754526E-20    0.2258754526E-20    0.5733910490E+02    0.0000000000E+00    0.0000000000E+00    0.2258754526E-20    0.5733910490E+02
    0.4270059739E+02    0.5756821944E+02    0.0000000000E+00   -0.1129377263E-20    0.1129377263E-20    0.5756821944E+02    0.0000000000E+00    0.0000000000E+00    0.1129377263E-20    0.5756821944E+02
    0.4331060592E+02    0.5780118435E+02    0.0000000000E+00   -0.2258754526E-20    0.2258754526E-20    0.5780118435E+02    0.0000000000E+00    0.0000000000E+00    0.2258754526E-20    0.5780118435E+02
    0.4392061445E+02    0.5807208421E+02    0.0000000000E+00    0.0000000000E+00    0.0000000000E+00    0.5807208421E+02    0.0000000000E+00    0.0000000000E+00    0.0000000000E+00    0.5807208421E+02
    0.4453062299E+02    0.5833106125E+02   -0.2258754526E-20   -0.6776263578E-20    0.6776263578E-20    0.5833106125E+02   -0.2258754526E-20    0.2258754526E-20    0.6776263578E-20    0.5833106125E+02
    0.4514063152E+02    0.5860579833E+02    0.0000000000E+00   -0.2258754526E-20    0.2258754526E-20    0.5860579833E+02    0.0000000000E+00    0.0000000000E+00    0.2258754526E-20    0.5860579833E+02
    0.4575064006E+02    0.5887616508E+02    0.0000000000E+00   -0.4517509052E-20    0.4517509052E-20    0.5887616508E+02    0.0000000000E+00    0.0000000000E+00    0.4517509052E-20    0.5887616508E+02
    0.4636064859E+02    0.5911995866E+02    0.0000000000E+00   -0.6776263578E-20    0.6776263578E-20    0.5911995866E+02    0.0000000000E+00    0.0000000000E+00    0.6776263578E-20    0.5911995866E+02
    0.4697065713E+02    0.5927525589E+02   -0.4517509052E-20   -0.6776263578E-20    0.6776263578E-20    0.5927525589E+02   -0.4517509052E-20    0.4517509052E-20    0.6776263578E-20    0.5927525589E+02
    0.4758066566E+02    0.5942385289E+02    0.0000000000E+00   -0.4517509052E-20    0.4517509052E-20    0.5942385289E+02    0.0000000000E+00    0.0000000000E+00    0.4517509052E-20    0.5942385289E+02
    0.4819067419E+02    0.5952246165E+02   -0.2258754526E-20   -0.6776263578E-20    0.6776263578E-20    0.5952246165E+02   -0.2258754526E-20    0.2258754526E-20    0.6776263578E-20    0.5952246165E+02
    0.4880068273E+02    0.5961411544E+02    0.0000000000E+00   -0.4517509052E-20    0.4517509052E-20    0.5961411544E+02    0.0000000000E+00    0.0000000000E+00    0.4517509052E-20    0.5961411544E+02
    0.4941069126E+02    0.5967552108E+02   -0.2258754526E-20   -0.4517509052E-20    0.4517509052E-20    0.5967552108E+02   -0.2258754526E-20    0.2258754526E-20    0.4517509052E-20    0.5967552108E+02
    0.5002069980E+02    0.5972019155E+02   -0.2258754526E-20   -0.4517509052E-20    0.4517509052E-20    0.5972019155E+02   -0.2258754526E-20    0.2258754526E-20    0.4517509052E-20    0.5972019155E+02
    0.5063070833E+02    0.5976465573E+02   -0.2258754526E-20   -0.4513097422E-20    0.4513097422E-20    0.5976465573E+02   -0.2258754526E-20    0.2258754526E-20    0.4513097422E-20    0.5976465573E+02
    0.5124071686E+02    0.5980925699E+02    0.0000000000E+00   -0.4517509052E-20    0.4517509052E-20    0.5980925699E+02    0.0000000000E+00    0.0000000000E+00    0.4517509052E-20    0.5980925699E+02
    0.5185072540E+02    0.5988478772E+02    0.0000000000E+00   -0.6778469393E-20    0.6778469393E-20    0.5988478772E+02    0.0000000000E+00    0.0000000000E+00    0.6778469393E-20    0.5988478772E+02
    0.5246073393E+02    0.5995831799E+02   -0.2256548711E-20   -0.2258754526E-20    0.2258754526E-20    0.5995831799E+02   -0.2256548711E-20    0.2256548711E-20    0.2258754526E-20    0.5995831799E+02
    0.5307074247E+02    0.6000975076E+02    0.4411629934E-23   -0.2258754526E-20    0.2258754526E-20    0.6000975076E+02    0.4411629934E-23   -0.4411629934E-23    0.2258754526E-20    0.6000975076E+02
    0.5368075100E+02    0.6003254592E+02    0.2205814967E-23   -0.2258754526E-20    0.2258754526E-20    0.6003254592E+02    0.2205814967E-23   -0.2205814967E-23    0.2258754526E-20    0.6003254592E+02
    0.5429075953E+02    0.6004403495E+02   -0.2256548711E-20   -0.6771851948E-20    0.6771851948E-20    0.6004403495E+02   -0.2256548711E-20    0.2256548711E-20    0.6771851948E-20    0.6004403495E+02
    0.5490076807E+02    0.6004852677E+02   -0.2258754526E-20   -0.6774057763E-20    0.6774057763E-20    0.6004852677E+02   -0.2258754526E-20    0.2258754526E-20    0.6774057763E-20    0.6004852677E+02
    0.5551077660E+02    0.6004955885E+02   -0.2260960341E-20   -0.4519714867E-20    0.4519714867E-20    0.6004955885E+02   -0.2260960341E-20    0.2260960341E-20    0.4519714867E-20    0.6004955885E+02
    0.5612078514E+02    0.6004955885E+02   -0.2260960341E-20   -0.4519714867E-20    0.4519714867E-20    0.6004955885E+02   -0.2260960341E-20    0.2260960341E-20    0.4519714867E-20    0.6004955885E+02
    0.5673079367E+02    0.6004955885E+02   -0.2260960341E-20   -0.4519714867E-20    0.4519714867E-20    0.6004955885E+02   -0.2260960341E-20    0.2260960341E-20    0.4519714867E-20    0.6004955885E+02
    0.5734080220E+02    0.6004955885E+02   -0.2260960341E-20   -0.4519714867E-20    0.4519714867E-20    0.6004955885E+02   -0.2260960341E-20    0.2260960341E-20    0.4519714867E-20    0.6004955885E+02
    0.5795081074E+02    0.6004955885E+02   -0.2260960341E-20   -0.4519714867E-20    0.4519714867E-20    0.6004955885E+02   -0.2260960341E-20    0.2260960341E-20    0.4519714867E-20    0.6004955885E+02
    0.5856081927E+02    0.6004955885E+02   -0.2260960341E-20   -0.4519714867E-20    0.4519714867E-20    0.6004955885E+02   -0.2260960341E-20    0.2260960341E-20    0.4519714867E-20    0.6004955885E+02
    0.5917082781E+02    0.6004955885E+02   -0.2260960341E-20   -0.4519714867E-20    0.4519714867E-20    0.6004955885E+02   -0.2260960341E-20    0.2260960341E-20    0.4519714867E-20    0.6004955885E+02
    0.5978083634E+02    0.6004955885E+02   -0.2260960341E-20   -0.4519714867E-20    0.4519714867E-20    0.6004955885E+02   -0.2260960341E-20    0.2260960341E-20    0.4519714867E-20    0.6004955885E+02
    0.6039084488E+02    0.6004955885E+02   -0.2260960341E-20   -0.4519714867E-20    0.4519714867E-20    0.6004955885E+02   -0.2260960341E-20    0.2260960341E-20    0.4519714867E-20    0.6004955885E+02
    0.6100085341E+02    0.6004955885E+02   -0.2260960341E-20   -0.4519714867E-20    0.4519714867E-20    0.6004955885E+02   -0.2260960341E-20    0.2260960341E-20    0.4519714867E-20    0.6004955885E+02
