0.000    3.292119E-12    3.292119E-12    3.292119E-12    8.817573E+00    8.817573E+00    8.817573E+00
0.015    8.485320E-02    1.027894E-01    1.887663E-01    8.815701E+00    8.815881E+00    8.817066E+00
0.030    1.695685E-01    2.058096E-01    3.771402E-01    8.810124E+00    8.810808E+00    8.815539E+00
0.045    2.540086E-01    3.092772E-01    5.647320E-01    8.800962E+00    8.802354E+00    8.812980E+00
0.060    3.380376E-01    4.133808E-01    7.511574E-01    8.788410E+00    8.790531E+00    8.809371E+00
0.075    4.215213E-01    5.182698E-01    9.360399E-01    8.772738E+00    8.775339E+00    8.804688E+00
0.090    5.043282E-01    6.240432E-01    1.119014E+00    8.754279E+00    8.756796E+00    8.798898E+00
0.105    5.863296E-01    7.307421E-01    1.299728E+00    8.733429E+00    8.734911E+00    8.791971E+00
0.120    6.674004E-01    8.383443E-01    1.477848E+00    8.709708E+00    8.710629E+00    8.783862E+00
0.135    7.474197E-01    9.467616E-01    1.653060E+00    8.681208E+00    8.686353E+00    8.774535E+00
0.150    8.262705E-01    1.055840E+00    1.825076E+00    8.649435E+00    8.661111E+00    8.763948E+00
0.165    9.038406E-01    1.165361E+00    1.993633E+00    8.614425E+00    8.635416E+00    8.752068E+00
0.180    9.800226E-01    1.275048E+00    2.158503E+00    8.576220E+00    8.609784E+00    8.738862E+00
0.195    1.054714E+00    1.384570E+00    2.319491E+00    8.534859E+00    8.584713E+00    8.724297E+00
0.210    1.127818E+00    1.493555E+00    2.476439E+00    8.490396E+00    8.560674E+00    8.708355E+00
0.225    1.199242E+00    1.601592E+00    2.629235E+00    8.442888E+00    8.538090E+00    8.691027E+00
0.240    1.268899E+00    1.708249E+00    2.777805E+00    8.392401E+00    8.517327E+00    8.672310E+00
0.255    1.336707E+00    1.813079E+00    2.922121E+00    8.339007E+00    8.498688E+00    8.652222E+00
0.270    1.402588E+00    1.915636E+00    3.062199E+00    8.282787E+00    8.482398E+00    8.630781E+00
0.285    1.466471E+00    2.015483E+00    3.198099E+00    8.223822E+00    8.468601E+00    8.608035E+00
0.300    1.528288E+00    2.112205E+00    3.329916E+00    8.162205E+00    8.457360E+00    8.584035E+00
0.315    1.587973E+00    2.205426E+00    3.457788E+00    8.098032E+00    8.448648E+00    8.558853E+00
0.330    1.645469E+00    2.294809E+00    3.581874E+00    8.031411E+00    8.442366E+00    8.532582E+00
0.345    1.700718E+00    2.380078E+00    3.702366E+00    7.962447E+00    8.438337E+00    8.505324E+00
0.360    1.753668E+00    2.461016E+00    3.819471E+00    7.891260E+00    8.436324E+00    8.477196E+00
0.375    1.804271E+00    2.537479E+00    3.933399E+00    7.817976E+00    8.436033E+00    8.448339E+00
0.390    1.852481E+00    2.609398E+00    4.044375E+00    7.742730E+00    8.418897E+00    8.437137E+00
0.405    1.898255E+00    2.676778E+00    4.152612E+00    7.665663E+00    8.389038E+00    8.439279E+00
0.420    1.941556E+00    2.739704E+00    4.258323E+00    7.586937E+00    8.358927E+00    8.442090E+00
0.435    1.982347E+00    2.798328E+00    4.361706E+00    7.506735E+00    8.328750E+00    8.445207E+00
0.450    2.020598E+00    2.852867E+00    4.462938E+00    7.425264E+00    8.298696E+00    8.448276E+00
0.465    2.056279E+00    2.903586E+00    4.562190E+00    7.342758E+00    8.268957E+00    8.450967E+00
0.480    2.089370E+00    2.950783E+00    4.659603E+00    7.259496E+00    8.239722E+00    8.452986E+00
0.495    2.119850E+00    2.994766E+00    4.755309E+00    7.175808E+00    8.211186E+00    8.454078E+00
0.510    2.147708E+00    3.035829E+00    4.849419E+00    7.092084E+00    8.183541E+00    8.454030E+00
0.525    2.172936E+00    3.074217E+00    4.942032E+00    7.008783E+00    8.156961E+00    8.452674E+00
0.540    2.195535E+00    3.110103E+00    5.033232E+00    6.926451E+00    8.131620E+00    8.449899E+00
0.555    2.215512E+00    3.143550E+00    5.123091E+00    6.845736E+00    8.107677E+00    8.445636E+00
0.570    2.232884E+00    3.174480E+00    5.211672E+00    6.767379E+00    8.085270E+00    8.439855E+00
0.585    2.247675E+00    3.202644E+00    5.299032E+00    6.692247E+00    8.064522E+00    8.432574E+00
0.600    2.259923E+00    3.227616E+00    5.385222E+00    6.621306E+00    8.045541E+00    8.423838E+00
0.615    2.269674E+00    3.248772E+00    5.470290E+00    6.555636E+00    8.028405E+00    8.413728E+00
0.630    2.276987E+00    3.265317E+00    5.554278E+00    6.496383E+00    8.013174E+00    8.402334E+00
0.645    2.281935E+00    3.276306E+00    5.637219E+00    6.444732E+00    7.999875E+00    8.389773E+00
0.660    2.284604E+00    3.280722E+00    5.719146E+00    6.401838E+00    7.988520E+00    8.376159E+00
0.675    2.285095E+00    3.277551E+00    5.800080E+00    6.368748E+00    7.979088E+00    8.361615E+00
0.690    2.283523E+00    3.265887E+00    5.880039E+00    6.346296E+00    7.971540E+00    8.346246E+00
0.705    2.280019E+00    3.245031E+00    5.959017E+00    6.335025E+00    7.965804E+00    8.330160E+00
0.720    2.274729E+00    3.214587E+00    6.036996E+00    6.335103E+00    7.961796E+00    8.313447E+00
0.735    2.267817E+00    3.174516E+00    6.113940E+00    6.346287E+00    7.959399E+00    8.296176E+00
0.750    2.259458E+00    3.125148E+00    6.189783E+00    6.367929E+00    7.958490E+00    8.278413E+00
0.755    2.256384E+00    3.106737E+00    6.214803E+00    6.377301E+00    7.958493E+00    8.272389E+00
0.760    2.253177E+00    3.087399E+00    6.239685E+00    6.387678E+00    7.958637E+00    8.266320E+00
0.765    2.249846E+00    3.067170E+00    6.264423E+00    6.399015E+00    7.958922E+00    8.260200E+00
0.770    2.246399E+00    3.046092E+00    6.289017E+00    6.411258E+00    7.959336E+00    8.254038E+00
0.775    2.242843E+00    3.024207E+00    6.313455E+00    6.424356E+00    7.959873E+00    8.247828E+00
0.780    2.239186E+00    3.001560E+00    6.337734E+00    6.438249E+00    7.960530E+00    8.241579E+00
0.785    2.235437E+00    2.978199E+00    6.361848E+00    6.452883E+00    7.961301E+00    8.235285E+00
0.790    2.231603E+00    2.954172E+00    6.385785E+00    6.468198E+00    7.962177E+00    8.228952E+00
0.795    2.227695E+00    2.929531E+00    6.409539E+00    6.484134E+00    7.963152E+00    8.222580E+00
0.800    2.223719E+00    2.904330E+00    6.433104E+00    6.500631E+00    7.964217E+00    8.216172E+00
0.805    2.219684E+00    2.878621E+00    6.456468E+00    6.517626E+00    7.965372E+00    8.209725E+00
0.810    2.215600E+00    2.852462E+00    6.479619E+00    6.535062E+00    7.966605E+00    8.203248E+00
0.815    2.211476E+00    2.825908E+00    6.502551E+00    6.552873E+00    7.967907E+00    8.196735E+00
0.820    2.207319E+00    2.799017E+00    6.525249E+00    6.571002E+00    7.969278E+00    8.190198E+00
0.825    2.203140E+00    2.771846E+00    6.547704E+00    6.589386E+00    7.970706E+00    8.183631E+00
0.830    2.198947E+00    2.744455E+00    6.569901E+00    6.607968E+00    7.972188E+00    8.177040E+00
0.835    2.194748E+00    2.716904E+00    6.591825E+00    6.626688E+00    7.973715E+00    8.170431E+00
0.840    2.190554E+00    2.689250E+00    6.613464E+00    6.645489E+00    7.975278E+00    8.163807E+00
0.845    2.186373E+00    2.661556E+00    6.634803E+00    6.664317E+00    7.976874E+00    8.157174E+00
0.850    2.182214E+00    2.633882E+00    6.655824E+00    6.683112E+00    7.978494E+00    8.150535E+00
0.855    2.178086E+00    2.606288E+00    6.676512E+00    6.701823E+00    7.980135E+00    8.143896E+00
0.860    2.173998E+00    2.578836E+00    6.696849E+00    6.720399E+00    7.981788E+00    8.137266E+00
0.865    2.169960E+00    2.551587E+00    6.716814E+00    6.738789E+00    7.983444E+00    8.130654E+00
0.870    2.165979E+00    2.524603E+00    6.736389E+00    6.756942E+00    7.985100E+00    8.124066E+00
0.875    2.162064E+00    2.497945E+00    6.755553E+00    6.774810E+00    7.986753E+00    8.117511E+00
0.880    2.158224E+00    2.471677E+00    6.774285E+00    6.792348E+00    7.988391E+00    8.111001E+00
0.885    2.154468E+00    2.445858E+00    6.792561E+00    6.809514E+00    7.990011E+00    8.104545E+00
0.890    2.150803E+00    2.420552E+00    6.810357E+00    6.826263E+00    7.991607E+00    8.098161E+00
0.895    2.147239E+00    2.395819E+00    6.827652E+00    6.842553E+00    7.993173E+00    8.091858E+00
0.900    2.143781E+00    2.371721E+00    6.844419E+00    6.858348E+00    7.994703E+00    8.085654E+00
0.905    2.140439E+00    2.348319E+00    6.860631E+00    6.873609E+00    7.996194E+00    8.079564E+00
0.910    2.137220E+00    2.325674E+00    6.876261E+00    6.888300E+00    7.997640E+00    8.073603E+00
0.915    2.134131E+00    2.303844E+00    6.891279E+00    6.902391E+00    7.999035E+00    8.067789E+00
0.920    2.131179E+00    2.282889E+00    6.905661E+00    6.915843E+00    8.000376E+00    8.062146E+00
0.925    2.128370E+00    2.262866E+00    6.919374E+00    6.928635E+00    8.001660E+00    8.056689E+00
0.930    2.125711E+00    2.243832E+00    6.932391E+00    6.940731E+00    8.002881E+00    8.051439E+00
0.935    2.123208E+00    2.225840E+00    6.944679E+00    6.952110E+00    8.004033E+00    8.046423E+00
0.940    2.120867E+00    2.208944E+00    6.956208E+00    6.962742E+00    8.005116E+00    8.041656E+00
0.945    2.118693E+00    2.193195E+00    6.966954E+00    6.972609E+00    8.006124E+00    8.037165E+00
0.950    2.116690E+00    2.178639E+00    6.976881E+00    6.981687E+00    8.007057E+00    8.032971E+00
0.955    2.114865E+00    2.165323E+00    6.985962E+00    6.989958E+00    8.007909E+00    8.029098E+00
0.960    2.113220E+00    2.153288E+00    6.994173E+00    6.997407E+00    8.008677E+00    8.025561E+00
0.965    2.111759E+00    2.142572E+00    7.001484E+00    7.004016E+00    8.009361E+00    8.022387E+00
0.970    2.110486E+00    2.133212E+00    7.007874E+00    7.009770E+00    8.009961E+00    8.019594E+00
0.975    2.109404E+00    2.125238E+00    7.013322E+00    7.014660E+00    8.010468E+00    8.017197E+00
0.980    2.108515E+00    2.118676E+00    7.017807E+00    7.018674E+00    8.010888E+00    8.015214E+00
0.985    2.107822E+00    2.113550E+00    7.021311E+00    7.021803E+00    8.011215E+00    8.013657E+00
0.990    2.107325E+00    2.109875E+00    7.023822E+00    7.024044E+00    8.011449E+00    8.012535E+00
0.995    2.107027E+00    2.107665E+00    7.025334E+00    7.025391E+00    8.011590E+00    8.011860E+00
1.000    2.106928E+00    2.106928E+00    7.025841E+00    7.025841E+00    8.011635E+00    8.011635E+00