0.00    3.292119E-12    3.292119E-12    3.292119E-12    8.817573E+00    8.817573E+00    8.817573E+00
0.01    3.723891E-02    3.723891E-02    7.828860E-02    8.817216E+00    8.817414E+00    8.817414E+00
0.02    7.445850E-02    7.445850E-02    1.565727E-01    8.816142E+00    8.816931E+00    8.816931E+00
0.03    1.116394E-01    1.116394E-01    2.348477E-01    8.814354E+00    8.816130E+00    8.816130E+00
0.04    1.487621E-01    1.487621E-01    3.131094E-01    8.811858E+00    8.815008E+00    8.815008E+00
0.05    1.858075E-01    1.858075E-01    3.913527E-01    8.808654E+00    8.813571E+00    8.813571E+00
0.06    2.227559E-01    2.227559E-01    4.695735E-01    8.804748E+00    8.811822E+00    8.811822E+00
0.07    2.595882E-01    2.595882E-01    5.477676E-01    8.800149E+00    8.809758E+00    8.809758E+00
0.08    2.962848E-01    2.962848E-01    6.259299E-01    8.794860E+00    8.807388E+00    8.807388E+00
0.09    3.328263E-01    3.328263E-01    7.040562E-01    8.788893E+00    8.804715E+00    8.804715E+00
0.10    3.691932E-01    3.691932E-01    7.821420E-01    8.782254E+00    8.801742E+00    8.801742E+00
0.11    4.053663E-01    4.053663E-01    8.601828E-01    8.774958E+00    8.798475E+00    8.798475E+00
0.12    4.413261E-01    4.413261E-01    9.381744E-01    8.767011E+00    8.794920E+00    8.794920E+00
0.13    4.770528E-01    4.770528E-01    1.016112E+00    8.758431E+00    8.791083E+00    8.791083E+00
0.14    5.125275E-01    5.125275E-01    1.093991E+00    8.749227E+00    8.786973E+00    8.786973E+00
0.15    5.477304E-01    5.477304E-01    1.171808E+00    8.739417E+00    8.782596E+00    8.782596E+00
0.16    5.826423E-01    5.826423E-01    1.249557E+00    8.729013E+00    8.777958E+00    8.777958E+00
0.17    6.172440E-01    6.172440E-01    1.327234E+00    8.718030E+00    8.773068E+00    8.773068E+00
0.18    6.515160E-01    6.515160E-01    1.404835E+00    8.706486E+00    8.767938E+00    8.767938E+00
0.19    6.854391E-01    6.854391E-01    1.482355E+00    8.694399E+00    8.762574E+00    8.762574E+00
0.20    7.189947E-01    7.189947E-01    1.559790E+00    8.681787E+00    8.756988E+00    8.756988E+00
0.21    7.521639E-01    7.521639E-01    1.637134E+00    8.668665E+00    8.751192E+00    8.751192E+00
0.22    7.849275E-01    7.849275E-01    1.714385E+00    8.655057E+00    8.745192E+00    8.745192E+00
0.23    8.172672E-01    8.172672E-01    1.791535E+00    8.640975E+00    8.739003E+00    8.739003E+00
0.24    8.491650E-01    8.491650E-01    1.868581E+00    8.626443E+00    8.732637E+00    8.732637E+00
0.25    8.806026E-01    8.806026E-01    1.945518E+00    8.611482E+00    8.726103E+00    8.726103E+00
0.26    9.115623E-01    9.115623E-01    2.022340E+00    8.596107E+00    8.719416E+00    8.719416E+00
0.27    9.420270E-01    9.420270E-01    2.099043E+00    8.580342E+00    8.712591E+00    8.712591E+00
0.28    9.719793E-01    9.719793E-01    2.175621E+00    8.564205E+00    8.705640E+00    8.705640E+00
0.29    1.001403E+00    1.001403E+00    2.252069E+00    8.547717E+00    8.698572E+00    8.698572E+00
0.30    1.030282E+00    1.030282E+00    2.328381E+00    8.530899E+00    8.691408E+00    8.691408E+00
0.31    1.058600E+00    1.058600E+00    2.404552E+00    8.513769E+00    8.684157E+00    8.684157E+00
0.32    1.086343E+00    1.086343E+00    2.480574E+00    8.496348E+00    8.676837E+00    8.676837E+00
0.33    1.113497E+00    1.113497E+00    2.556443E+00    8.478654E+00    8.669460E+00    8.669460E+00
0.34    1.140048E+00    1.140048E+00    2.632152E+00    8.460708E+00    8.662041E+00    8.662041E+00
0.35    1.165982E+00    1.165982E+00    2.707693E+00    8.442525E+00    8.654595E+00    8.654595E+00
0.36    1.191288E+00    1.191288E+00    2.783060E+00    8.424123E+00    8.647137E+00    8.647137E+00
0.37    1.215954E+00    1.215954E+00    2.858246E+00    8.405523E+00    8.639679E+00    8.639679E+00
0.38    1.239970E+00    1.239970E+00    2.933243E+00    8.386737E+00    8.632239E+00    8.632239E+00
0.39    1.263326E+00    1.263326E+00    3.008043E+00    8.367786E+00    8.624832E+00    8.624832E+00
0.40    1.286014E+00    1.286014E+00    3.082638E+00    8.348682E+00    8.617467E+00    8.617467E+00
0.41    1.308026E+00    1.308026E+00    3.157020E+00    8.329437E+00    8.610162E+00    8.610162E+00
0.42    1.329356E+00    1.329356E+00    3.231177E+00    8.310069E+00    8.602932E+00    8.602932E+00
0.43    1.349998E+00    1.349998E+00    3.305103E+00    8.290587E+00    8.595786E+00    8.595786E+00
0.44    1.369948E+00    1.369948E+00    3.378789E+00    8.271003E+00    8.588739E+00    8.588739E+00
0.45    1.389204E+00    1.389204E+00    3.452220E+00    8.251329E+00    8.581806E+00    8.581806E+00
0.46    1.407762E+00    1.407762E+00    3.525390E+00    8.231571E+00    8.574993E+00    8.574993E+00
0.47    1.425624E+00    1.425624E+00    3.598287E+00    8.211738E+00    8.568315E+00    8.568315E+00
0.48    1.442788E+00    1.442788E+00    3.670896E+00    8.191839E+00    8.561784E+00    8.561784E+00
0.49    1.459258E+00    1.459258E+00    3.743211E+00    8.171880E+00    8.555409E+00    8.555409E+00
0.50    1.475035E+00    1.475035E+00    3.815214E+00    8.151861E+00    8.549196E+00    8.549196E+00
0.51    1.490126E+00    1.490126E+00    3.886896E+00    8.131788E+00    8.543160E+00    8.543160E+00
0.52    1.504534E+00    1.504534E+00    3.958239E+00    8.111664E+00    8.537304E+00    8.537304E+00
0.53    1.518268E+00    1.518268E+00    4.029237E+00    8.091489E+00    8.531637E+00    8.531637E+00
0.54    1.531336E+00    1.531336E+00    4.099866E+00    8.071260E+00    8.526165E+00    8.526165E+00
0.55    1.543746E+00    1.543746E+00    4.170120E+00    8.050980E+00    8.520894E+00    8.520894E+00
0.56    1.555510E+00    1.555510E+00    4.239978E+00    8.030643E+00    8.515827E+00    8.515827E+00
0.57    1.566639E+00    1.566639E+00    4.309428E+00    8.010246E+00    8.510970E+00    8.510970E+00
0.58    1.577146E+00    1.577146E+00    4.378452E+00    7.989786E+00    8.506326E+00    8.506326E+00
0.59    1.587044E+00    1.587044E+00    4.447035E+00    7.969254E+00    8.501898E+00    8.501898E+00
0.60    1.596350E+00    1.596350E+00    4.515156E+00    7.948641E+00    8.497683E+00    8.497683E+00
0.61    1.605078E+00    1.605078E+00    4.582800E+00    7.927947E+00    8.493687E+00    8.493687E+00
0.62    1.613246E+00    1.613246E+00    4.649949E+00    7.907154E+00    8.489907E+00    8.489907E+00
0.63    1.620870E+00    1.620870E+00    4.716585E+00    7.886259E+00    8.486340E+00    8.486340E+00
0.64    1.627970E+00    1.627970E+00    4.782690E+00    7.865247E+00    8.482986E+00    8.482986E+00
0.65    1.634563E+00    1.634563E+00    4.848243E+00    7.844109E+00    8.479842E+00    8.479842E+00
0.66    1.640670E+00    1.640670E+00    4.913223E+00    7.822833E+00    8.476905E+00    8.476905E+00
0.67    1.646310E+00    1.646310E+00    4.977612E+00    7.801404E+00    8.474169E+00    8.474169E+00
0.68    1.651503E+00    1.651503E+00    5.041389E+00    7.779816E+00    8.471634E+00    8.471634E+00
0.69    1.656271E+00    1.656271E+00    5.104530E+00    7.758051E+00    8.469288E+00    8.469288E+00
0.70    1.660633E+00    1.660633E+00    5.167017E+00    7.736097E+00    8.467131E+00    8.467131E+00
0.71    1.664612E+00    1.664612E+00    5.228823E+00    7.713942E+00    8.465154E+00    8.465154E+00
0.72    1.668227E+00    1.668227E+00    5.289927E+00    7.691577E+00    8.463348E+00    8.463348E+00
0.73    1.671500E+00    1.671500E+00    5.350305E+00    7.668987E+00    8.461710E+00    8.461710E+00
0.74    1.674451E+00    1.674451E+00    5.409930E+00    7.646163E+00    8.460228E+00    8.460228E+00
0.75    1.677101E+00    1.677101E+00    5.468778E+00    7.623096E+00    8.458899E+00    8.458899E+00
0.76    1.679471E+00    1.679471E+00    5.526819E+00    7.599774E+00    8.457711E+00    8.457711E+00
0.77    1.681579E+00    1.681579E+00    5.584023E+00    7.576197E+00    8.456658E+00    8.456658E+00
0.78    1.683446E+00    1.683446E+00    5.640360E+00    7.552356E+00    8.455728E+00    8.455728E+00
0.79    1.685090E+00    1.685090E+00    5.695794E+00    7.528254E+00    8.454918E+00    8.454918E+00
0.80    1.686530E+00    1.686530E+00    5.750292E+00    7.503891E+00    8.454213E+00    8.454213E+00
0.81    1.687783E+00    1.687783E+00    5.803809E+00    7.479279E+00    8.453607E+00    8.453607E+00
0.82    1.688866E+00    1.688866E+00    5.856300E+00    7.454424E+00    8.453094E+00    8.453094E+00
0.83    1.689796E+00    1.689796E+00    5.907714E+00    7.429353E+00    8.452665E+00    8.452665E+00
0.84    1.690589E+00    1.690589E+00    5.957994E+00    7.404087E+00    8.452308E+00    8.452308E+00
0.85    1.691258E+00    1.691258E+00    6.007068E+00    7.378671E+00    8.452017E+00    8.452017E+00
0.86    1.691819E+00    1.691819E+00    6.054861E+00    7.353150E+00    8.451786E+00    8.451786E+00
0.87    1.692283E+00    1.692283E+00    6.101277E+00    7.327599E+00    8.451603E+00    8.451603E+00
0.88    1.692664E+00    1.692664E+00    6.146199E+00    7.302099E+00    8.451468E+00    8.451468E+00
0.89    1.692973E+00    1.692973E+00    6.189492E+00    7.276767E+00    8.451366E+00    8.451366E+00
0.90    1.693219E+00    1.693219E+00    6.230991E+00    7.251747E+00    8.451300E+00    8.451300E+00
0.91    1.693414E+00    1.693414E+00    6.270483E+00    7.227228E+00    8.451255E+00    8.451255E+00
0.92    1.693564E+00    1.693564E+00    6.307716E+00    7.203444E+00    8.451231E+00    8.451231E+00
0.93    1.693679E+00    1.693679E+00    6.342378E+00    7.180689E+00    8.451222E+00    8.451222E+00
0.94    1.693765E+00    1.693765E+00    6.374085E+00    7.159335E+00    8.451222E+00    8.451222E+00
0.95    1.693827E+00    1.693827E+00    6.402381E+00    7.139820E+00    8.451231E+00    8.451231E+00
0.96    1.693872E+00    1.693872E+00    6.426735E+00    7.122669E+00    8.451240E+00    8.451240E+00
0.97    1.693902E+00    1.693902E+00    6.446565E+00    7.108449E+00    8.451252E+00    8.451252E+00
0.98    1.693921E+00    1.693921E+00    6.461280E+00    7.097745E+00    8.451261E+00    8.451261E+00
0.99    1.693932E+00    1.693932E+00    6.470358E+00    7.091079E+00    8.451267E+00    8.451267E+00
1.00    1.693935E+00    1.693935E+00    6.473427E+00    7.088814E+00    8.451270E+00    8.451270E+00