0.00    3.292119E-12    3.292119E-12    3.292119E-12    8.817573E+00    8.817573E+00    8.817573E+00
0.01    4.843410E-02    4.843410E-02    8.472483E-02    8.817156E+00    8.817156E+00    8.817501E+00
0.02    9.685068E-02    9.685068E-02    1.694385E-01    8.815908E+00    8.815908E+00    8.817285E+00
0.03    1.452321E-01    1.452321E-01    2.541300E-01    8.813826E+00    8.813826E+00    8.816925E+00
0.04    1.935607E-01    1.935607E-01    3.387879E-01    8.810922E+00    8.810922E+00    8.816418E+00
0.05    2.418186E-01    2.418186E-01    4.234017E-01    8.807193E+00    8.807193E+00    8.815764E+00
0.06    2.899879E-01    2.899879E-01    5.079597E-01    8.802654E+00    8.802654E+00    8.814960E+00
0.07    3.380505E-01    3.380505E-01    5.924511E-01    8.797311E+00    8.797311E+00    8.814003E+00
0.08    3.859875E-01    3.859875E-01    6.768651E-01    8.791173E+00    8.791173E+00    8.812893E+00
0.09    4.337808E-01    4.337808E-01    7.611906E-01    8.784252E+00    8.784252E+00    8.811621E+00
0.10    4.814106E-01    4.814106E-01    8.454165E-01    8.776566E+00    8.776566E+00    8.810187E+00
0.11    5.288580E-01    5.288580E-01    9.295326E-01    8.768127E+00    8.768127E+00    8.808585E+00
0.12    5.761029E-01    5.761029E-01    1.013528E+00    8.758950E+00    8.758950E+00    8.806812E+00
0.13    6.231249E-01    6.231249E-01    1.097392E+00    8.749056E+00    8.749056E+00    8.804859E+00
0.14    6.699036E-01    6.699036E-01    1.181114E+00    8.738466E+00    8.738466E+00    8.802723E+00
0.15    7.164174E-01    7.164174E-01    1.264684E+00    8.727198E+00    8.727198E+00    8.800398E+00
0.16    7.626444E-01    7.626444E-01    1.348091E+00    8.715279E+00    8.715279E+00    8.797875E+00
0.17    8.085630E-01    8.085630E-01    1.431325E+00    8.702727E+00    8.702727E+00    8.795151E+00
0.18    8.541501E-01    8.541501E-01    1.514376E+00    8.689575E+00    8.689575E+00    8.792214E+00
0.19    8.993820E-01    8.993820E-01    1.597234E+00    8.675844E+00    8.675844E+00    8.789061E+00
0.20    9.442353E-01    9.442353E-01    1.679889E+00    8.661564E+00    8.661564E+00    8.785683E+00
0.21    9.886854E-01    9.886854E-01    1.762332E+00    8.646768E+00    8.646768E+00    8.782071E+00
0.22    1.032707E+00    1.032707E+00    1.844553E+00    8.631480E+00    8.631480E+00    8.778213E+00
0.23    1.076275E+00    1.076275E+00    1.926542E+00    8.615736E+00    8.615736E+00    8.774109E+00
0.24    1.119364E+00    1.119364E+00    2.008291E+00    8.599569E+00    8.599569E+00    8.769741E+00
0.25    1.161947E+00    1.161947E+00    2.089789E+00    8.583012E+00    8.583012E+00    8.765106E+00
0.26    1.203996E+00    1.203996E+00    2.171029E+00    8.566101E+00    8.566101E+00    8.760189E+00
0.27    1.245485E+00    1.245485E+00    2.252001E+00    8.548872E+00    8.548872E+00    8.754987E+00
0.28    1.286387E+00    1.286387E+00    2.332697E+00    8.531361E+00    8.531361E+00    8.749485E+00
0.29    1.326672E+00    1.326672E+00    2.413108E+00    8.513604E+00    8.513604E+00    8.743677E+00
0.30    1.366313E+00    1.366313E+00    2.493226E+00    8.495643E+00    8.495643E+00    8.737548E+00
0.31    1.405280E+00    1.405280E+00    2.573042E+00    8.477514E+00    8.477514E+00    8.731092E+00
0.32    1.443547E+00    1.443547E+00    2.652548E+00    8.459253E+00    8.459253E+00    8.724297E+00
0.33    1.481084E+00    1.481084E+00    2.731738E+00    8.440908E+00    8.440908E+00    8.717154E+00
0.34    1.517863E+00    1.517863E+00    2.810603E+00    8.422512E+00    8.422512E+00    8.709651E+00
0.35    1.553854E+00    1.553854E+00    2.889135E+00    8.404104E+00    8.404104E+00    8.701779E+00
0.36    1.589031E+00    1.589031E+00    2.967328E+00    8.385729E+00    8.385729E+00    8.693529E+00
0.37    1.623364E+00    1.623364E+00    3.045174E+00    8.367426E+00    8.367426E+00    8.684886E+00
0.38    1.656829E+00    1.656829E+00    3.122667E+00    8.349231E+00    8.349231E+00    8.675841E+00
0.39    1.689396E+00    1.689396E+00    3.199797E+00    8.331186E+00    8.331186E+00    8.666385E+00
0.40    1.721041E+00    1.721041E+00    3.276561E+00    8.313330E+00    8.313330E+00    8.656509E+00
0.41    1.751739E+00    1.751739E+00    3.352950E+00    8.295696E+00    8.295696E+00    8.646201E+00
0.42    1.781466E+00    1.781466E+00    3.428961E+00    8.278326E+00    8.278326E+00    8.635452E+00
0.43    1.810199E+00    1.810199E+00    3.504585E+00    8.261256E+00    8.261256E+00    8.624250E+00
0.44    1.837916E+00    1.837916E+00    3.579816E+00    8.244519E+00    8.244519E+00    8.612586E+00
0.45    1.864599E+00    1.864599E+00    3.654648E+00    8.228148E+00    8.228148E+00    8.600451E+00
0.46    1.890229E+00    1.890229E+00    3.729075E+00    8.212176E+00    8.212176E+00    8.587836E+00
0.47    1.914788E+00    1.914788E+00    3.803094E+00    8.196636E+00    8.196636E+00    8.574729E+00
0.48    1.938264E+00    1.938264E+00    3.876699E+00    8.181552E+00    8.181552E+00    8.561124E+00
0.49    1.960643E+00    1.960643E+00    3.949881E+00    8.166954E+00    8.166954E+00    8.547009E+00
0.50    1.981916E+00    1.981916E+00    4.022640E+00    8.152866E+00    8.152866E+00    8.532378E+00
0.51    2.002075E+00    2.002075E+00    4.094967E+00    8.139309E+00    8.139309E+00    8.517219E+00
0.52    2.021113E+00    2.021113E+00    4.166856E+00    8.126307E+00    8.126307E+00    8.501529E+00
0.53    2.039030E+00    2.039030E+00    4.238307E+00    8.113875E+00    8.113875E+00    8.485293E+00
0.54    2.055824E+00    2.055824E+00    4.309314E+00    8.102028E+00    8.102028E+00    8.468508E+00
0.55    2.071499E+00    2.071499E+00    4.379868E+00    8.090778E+00    8.090778E+00    8.451165E+00
0.56    2.086061E+00    2.086061E+00    4.449969E+00    8.080140E+00    8.080140E+00    8.433258E+00
0.57    2.099517E+00    2.099517E+00    4.519614E+00    8.070120E+00    8.070120E+00    8.414778E+00
0.58    2.111879E+00    2.111879E+00    4.588791E+00    8.060721E+00    8.060721E+00    8.395719E+00
0.59    2.123163E+00    2.123163E+00    4.657503E+00    8.051943E+00    8.051943E+00    8.376075E+00
0.60    2.133384E+00    2.133384E+00    4.725744E+00    8.043792E+00    8.043792E+00    8.355840E+00
0.61    2.142564E+00    2.142564E+00    4.793511E+00    8.036259E+00    8.036259E+00    8.335005E+00
0.62    2.150726E+00    2.150726E+00    4.860795E+00    8.029341E+00    8.029341E+00    8.313570E+00
0.63    2.157896E+00    2.157896E+00    4.927596E+00    8.023029E+00    8.023029E+00    8.291523E+00
0.64    2.164103E+00    2.164103E+00    4.993911E+00    8.017311E+00    8.017311E+00    8.268864E+00
0.65    2.169377E+00    2.169377E+00    5.059734E+00    8.012178E+00    8.012178E+00    8.245587E+00
0.66    2.173754E+00    2.173754E+00    5.125062E+00    8.007609E+00    8.007609E+00    8.221689E+00
0.67    2.177270E+00    2.177270E+00    5.189892E+00    8.003589E+00    8.003589E+00    8.197164E+00
0.68    2.179963E+00    2.179963E+00    5.254218E+00    8.000100E+00    8.000100E+00    8.172006E+00
0.69    2.181874E+00    2.181874E+00    5.318037E+00    7.997121E+00    7.997121E+00    8.146215E+00
0.70    2.183046E+00    2.183046E+00    5.381349E+00    7.994625E+00    7.994625E+00    8.119788E+00
0.71    2.183524E+00    2.183524E+00    5.444145E+00    7.992591E+00    7.992591E+00    8.092719E+00
0.72    2.183353E+00    2.183353E+00    5.506425E+00    7.990992E+00    7.990992E+00    8.065011E+00
0.73    2.182580E+00    2.182580E+00    5.568183E+00    7.989798E+00    7.989798E+00    8.036655E+00
0.74    2.181255E+00    2.181255E+00    5.629416E+00    7.988988E+00    7.988988E+00    8.007654E+00
0.75    2.179427E+00    2.179427E+00    5.690124E+00    7.978002E+00    7.988529E+00    7.988529E+00
0.76    2.177146E+00    2.177146E+00    5.750298E+00    7.947702E+00    7.988391E+00    7.988391E+00
0.77    2.174462E+00    2.174462E+00    5.809938E+00    7.916748E+00    7.988547E+00    7.988547E+00
0.78    2.171426E+00    2.171426E+00    5.869038E+00    7.885146E+00    7.988964E+00    7.988964E+00
0.79    2.168089E+00    2.168089E+00    5.927598E+00    7.852887E+00    7.989615E+00    7.989615E+00
0.80    2.164502E+00    2.164502E+00    5.985609E+00    7.819977E+00    7.990470E+00    7.990470E+00
0.81    2.160715E+00    2.160715E+00    6.043074E+00    7.786413E+00    7.991499E+00    7.991499E+00
0.82    2.156777E+00    2.156777E+00    6.099984E+00    7.752195E+00    7.992672E+00    7.992672E+00
0.83    2.152737E+00    2.152737E+00    6.156339E+00    7.717326E+00    7.993962E+00    7.993962E+00
0.84    2.148643E+00    2.148643E+00    6.212136E+00    7.681803E+00    7.995342E+00    7.995342E+00
0.85    2.144540E+00    2.144540E+00    6.267366E+00    7.645626E+00    7.996782E+00    7.996782E+00
0.86    2.140472E+00    2.140472E+00    6.322029E+00    7.608801E+00    7.998261E+00    7.998261E+00
0.87    2.136484E+00    2.136484E+00    6.376125E+00    7.571325E+00    7.999749E+00    7.999749E+00
0.88    2.132615E+00    2.132615E+00    6.429645E+00    7.533201E+00    8.001228E+00    8.001228E+00
0.89    2.128905E+00    2.128905E+00    6.482586E+00    7.494429E+00    8.002671E+00    8.002671E+00
0.90    2.125389E+00    2.125389E+00    6.534948E+00    7.455015E+00    8.004063E+00    8.004063E+00
0.91    2.122102E+00    2.122102E+00    6.586722E+00    7.414956E+00    8.005380E+00    8.005380E+00
0.92    2.119073E+00    2.119073E+00    6.637911E+00    7.374255E+00    8.006604E+00    8.006604E+00
0.93    2.116333E+00    2.116333E+00    6.688509E+00    7.332912E+00    8.007726E+00    8.007726E+00
0.94    2.113906E+00    2.113906E+00    6.738510E+00    7.290936E+00    8.008725E+00    8.008725E+00
0.95    2.111814E+00    2.111814E+00    6.787914E+00    7.248324E+00    8.009592E+00    8.009592E+00
0.96    2.110076E+00    2.110076E+00    6.836715E+00    7.205079E+00    8.010315E+00    8.010315E+00
0.97    2.108708E+00    2.108708E+00    6.884913E+00    7.161207E+00    8.010888E+00    8.010888E+00
0.98    2.107722E+00    2.107722E+00    6.932502E+00    7.116708E+00    8.011302E+00    8.011302E+00
0.99    2.107126E+00    2.107126E+00    6.979476E+00    7.071585E+00    8.011551E+00    8.011551E+00
1.00    2.106928E+00    2.106928E+00    7.025841E+00    7.025841E+00    8.011635E+00    8.011635E+00