# Filename: vasprun1.xml, Snapshot: 1, E_pot (eV): -1057.32911508
      0.0188971       0.0000000       0.0000000      -4.24665168E-03  0.00000000E+00  0.00000000E+00
      0.0000000       0.0000000       0.0000000       7.67997159E-06 -3.50044284E-09  1.24460190E-08
      0.0000000       0.0000000       0.0000000       7.67997159E-06  3.50044284E-09 -1.24460190E-08
      0.0000000       0.0000000       0.0000000       7.67997159E-06  1.24460190E-08 -3.50044284E-09
      0.0000000       0.0000000       0.0000000      -4.23273548E-05 -6.43653650E-06 -6.43653650E-06
      0.0000000       0.0000000       0.0000000      -4.21764468E-05  6.46026173E-06 -6.46026173E-06
      0.0000000       0.0000000       0.0000000       7.67997159E-06 -1.24460190E-08  3.50044284E-09
      0.0000000       0.0000000       0.0000000      -4.21764468E-05 -6.46026173E-06  6.46026173E-06
      0.0000000       0.0000000       0.0000000      -4.23273548E-05  6.43653650E-06  6.43653650E-06
      0.0000000       0.0000000       0.0000000       2.15860642E-06  0.00000000E+00  0.00000000E+00
      0.0000000       0.0000000       0.0000000      -2.01080994E-07  6.50265598E-06  4.20403185E-06
      0.0000000       0.0000000       0.0000000      -2.01080994E-07 -6.50265598E-06 -4.20403185E-06
      0.0000000       0.0000000       0.0000000      -2.01080994E-07  4.20403185E-06  6.50265598E-06
      0.0000000       0.0000000       0.0000000       1.10964038E-06 -2.02442277E-06 -2.02442277E-06
      0.0000000       0.0000000       0.0000000       1.13025410E-06 -2.00925419E-06  2.00925419E-06
      0.0000000       0.0000000       0.0000000      -2.01080994E-07 -4.20403185E-06 -6.50265598E-06
      0.0000000       0.0000000       0.0000000       1.13025410E-06  2.00925419E-06 -2.00925419E-06
      0.0000000       0.0000000       0.0000000       1.10964038E-06  2.02442277E-06  2.02442277E-06
      0.0000000       0.0000000       0.0000000       2.15393916E-06  0.00000000E+00  0.00000000E+00
      0.0000000       0.0000000       0.0000000      -2.61366399E-07  6.39803163E-06 -4.17913981E-06
      0.0000000       0.0000000       0.0000000      -2.61366399E-07 -6.39803163E-06  4.17913981E-06
      0.0000000       0.0000000       0.0000000      -2.61366399E-07 -4.17913981E-06  6.39803163E-06
      0.0000000       0.0000000       0.0000000       1.10613994E-06  2.02947897E-06  2.02947897E-06
      0.0000000       0.0000000       0.0000000       1.12636472E-06  2.01353251E-06 -2.01353251E-06
      0.0000000       0.0000000       0.0000000      -2.61366399E-07  4.17913981E-06 -6.39803163E-06
      0.0000000       0.0000000       0.0000000       1.12636472E-06 -2.01353251E-06  2.01353251E-06
      0.0000000       0.0000000       0.0000000       1.10613994E-06 -2.02947897E-06 -2.02947897E-06
      0.0000000       0.0000000       0.0000000       6.68102299E-05 -1.52743768E-05 -1.52743768E-05
      0.0000000       0.0000000       0.0000000      -4.73765491E-06  5.21527089E-06  5.17326558E-06
      0.0000000       0.0000000       0.0000000      -1.18692238E-05 -8.24470970E-06 -2.07766840E-05
      0.0000000       0.0000000       0.0000000      -4.73765491E-06  5.17326558E-06  5.21527089E-06
      0.0000000       0.0000000       0.0000000       2.84193175E-05 -7.02033258E-07 -7.02033258E-07
      0.0000000       0.0000000       0.0000000      -5.33817533E-06 -1.08085896E-06  7.47927953E-07
      0.0000000       0.0000000       0.0000000      -1.18692238E-05 -2.07766840E-05 -8.24470970E-06
      0.0000000       0.0000000       0.0000000      -5.33817533E-06  7.47927953E-07 -1.08085896E-06
      0.0000000       0.0000000       0.0000000       1.05322219E-03 -7.73273493E-04 -7.73273493E-04
      0.0000000       0.0000000       0.0000000      -8.24548757E-08 -1.53358290E-06 -1.53358290E-06
      0.0000000       0.0000000       0.0000000      -1.51841432E-06  2.71401001E-06 -2.76885028E-06
      0.0000000       0.0000000       0.0000000      -1.95985905E-06 -1.39706563E-06  5.19193460E-06
      0.0000000       0.0000000       0.0000000      -1.51841432E-06 -2.76885028E-06  2.71401001E-06
      0.0000000       0.0000000       0.0000000      -8.19492562E-07 -9.37340804E-08 -9.37340804E-08
      0.0000000       0.0000000       0.0000000       1.19092844E-06  1.48340989E-06 -6.30857587E-07
      0.0000000       0.0000000       0.0000000      -1.95985905E-06  5.19193460E-06 -1.39706563E-06
      0.0000000       0.0000000       0.0000000       1.19092844E-06 -6.30857587E-07  1.48340989E-06
      0.0000000       0.0000000       0.0000000      -8.48273981E-07 -1.09291604E-06 -1.09291604E-06
      0.0000000       0.0000000       0.0000000      -4.27131814E-06 -7.77876186E-10 -7.77876186E-10
      0.0000000       0.0000000       0.0000000      -5.11453592E-07 -9.63594126E-06 -1.53513865E-06
      0.0000000       0.0000000       0.0000000       1.14970100E-06 -4.06595883E-06 -1.52576525E-05
      0.0000000       0.0000000       0.0000000      -5.11453592E-07 -1.53513865E-06 -9.63594126E-06
      0.0000000       0.0000000       0.0000000      -1.21076428E-06  2.72412240E-06  2.72412240E-06
      0.0000000       0.0000000       0.0000000      -6.56527501E-07 -1.41690147E-06  5.23782930E-06
      0.0000000       0.0000000       0.0000000       1.14970100E-06 -1.52576525E-05 -4.06595883E-06
      0.0000000       0.0000000       0.0000000      -6.56527501E-07  5.23782930E-06 -1.41690147E-06
      0.0000000       0.0000000       0.0000000      -5.27088904E-06 -8.18753580E-06 -8.18753580E-06
      0.0000000       0.0000000       0.0000000      -1.31664490E-04 -2.97607650E-05 -2.97607650E-05
      0.0000000       0.0000000       0.0000000       4.73337659E-06 -8.16769996E-09  1.05791161E-06
      0.0000000       0.0000000       0.0000000      -1.31222656E-04  2.95464601E-05 -2.95464601E-05
      0.0000000       0.0000000       0.0000000       4.73337659E-06  1.05791161E-06 -8.16769996E-09
      0.0000000       0.0000000       0.0000000      -5.12562066E-05  0.00000000E+00  0.00000000E+00
      0.0000000       0.0000000       0.0000000       4.73337659E-06 -1.05791161E-06  8.16769996E-09
      0.0000000       0.0000000       0.0000000      -1.31222656E-04 -2.95464601E-05  2.95464601E-05
      0.0000000       0.0000000       0.0000000       4.73337659E-06  8.16769996E-09 -1.05791161E-06
      0.0000000       0.0000000       0.0000000      -1.31664490E-04  2.97607650E-05  2.97607650E-05
      0.0000000       0.0000000       0.0000000       9.99959837E-07  3.06988837E-06  3.06988837E-06
      0.0000000       0.0000000       0.0000000       3.42265522E-07 -8.11363756E-06 -4.14996945E-07
      0.0000000       0.0000000       0.0000000       1.03263064E-06  5.26933329E-06 -5.26933329E-06
      0.0000000       0.0000000       0.0000000       3.42265522E-07 -4.14996945E-07 -8.11363756E-06
      0.0000000       0.0000000       0.0000000       1.67671212E-06  0.00000000E+00  0.00000000E+00
      0.0000000       0.0000000       0.0000000       3.42265522E-07  4.14996945E-07  8.11363756E-06
      0.0000000       0.0000000       0.0000000       1.03263064E-06 -5.26933329E-06  5.26933329E-06
      0.0000000       0.0000000       0.0000000       3.42265522E-07  8.11363756E-06  4.14996945E-07
      0.0000000       0.0000000       0.0000000       9.99959837E-07 -3.06988837E-06 -3.06988837E-06
      0.0000000       0.0000000       0.0000000       9.97237271E-07 -5.22888372E-06 -5.22888372E-06
      0.0000000       0.0000000       0.0000000       3.58600922E-07  8.14825305E-06 -3.88938093E-07
      0.0000000       0.0000000       0.0000000       1.03652002E-06 -3.04810784E-06  3.04810784E-06
      0.0000000       0.0000000       0.0000000       3.58600922E-07 -3.88938093E-07  8.14825305E-06
      0.0000000       0.0000000       0.0000000       1.66582185E-06  0.00000000E+00  0.00000000E+00
      0.0000000       0.0000000       0.0000000       3.58600922E-07  3.88938093E-07 -8.14825305E-06
      0.0000000       0.0000000       0.0000000       1.03652002E-06  3.04810784E-06 -3.04810784E-06
      0.0000000       0.0000000       0.0000000       3.58600922E-07 -8.14825305E-06  3.88938093E-07
      0.0000000       0.0000000       0.0000000       9.97237271E-07  5.22888372E-06  5.22888372E-06
      0.0000000       0.0000000       0.0000000       1.05322219E-03  7.73273493E-04  7.73273493E-04
      0.0000000       0.0000000       0.0000000      -5.33817533E-06 -7.47927953E-07  1.08085896E-06
      0.0000000       0.0000000       0.0000000      -1.18692238E-05  2.07766840E-05  8.24470970E-06
      0.0000000       0.0000000       0.0000000      -5.33817533E-06  1.08085896E-06 -7.47927953E-07
      0.0000000       0.0000000       0.0000000       2.84193175E-05  7.02033258E-07  7.02033258E-07
      0.0000000       0.0000000       0.0000000      -4.73765491E-06 -5.17326558E-06 -5.21527089E-06
      0.0000000       0.0000000       0.0000000      -1.18692238E-05  8.24470970E-06  2.07766840E-05
      0.0000000       0.0000000       0.0000000      -4.73765491E-06 -5.21527089E-06 -5.17326558E-06
      0.0000000       0.0000000       0.0000000       6.68102299E-05  1.52743768E-05  1.52743768E-05
      0.0000000       0.0000000       0.0000000      -8.48273981E-07  1.09291604E-06  1.09291604E-06
      0.0000000       0.0000000       0.0000000       1.19092844E-06  6.30857587E-07 -1.48340989E-06
      0.0000000       0.0000000       0.0000000      -1.95985905E-06 -5.19193460E-06  1.39706563E-06
      0.0000000       0.0000000       0.0000000       1.19092844E-06 -1.48340989E-06  6.30857587E-07
      0.0000000       0.0000000       0.0000000      -8.19492562E-07  9.37340804E-08  9.37340804E-08
      0.0000000       0.0000000       0.0000000      -1.51841432E-06  2.76885028E-06 -2.71401001E-06
      0.0000000       0.0000000       0.0000000      -1.95985905E-06  1.39706563E-06 -5.19193460E-06
      0.0000000       0.0000000       0.0000000      -1.51841432E-06 -2.71401001E-06  2.76885028E-06
      0.0000000       0.0000000       0.0000000      -8.24548757E-08  1.53358290E-06  1.53358290E-06
      0.0000000       0.0000000       0.0000000      -5.27088904E-06  8.18753580E-06  8.18753580E-06
      0.0000000       0.0000000       0.0000000      -6.56527501E-07 -5.23782930E-06  1.41690147E-06
      0.0000000       0.0000000       0.0000000       1.14970100E-06  1.52576525E-05  4.06595883E-06
      0.0000000       0.0000000       0.0000000      -6.56527501E-07  1.41690147E-06 -5.23782930E-06
      0.0000000       0.0000000       0.0000000      -1.21076428E-06 -2.72412240E-06 -2.72412240E-06
      0.0000000       0.0000000       0.0000000      -5.11453592E-07  1.53513865E-06  9.63594126E-06
      0.0000000       0.0000000       0.0000000       1.14970100E-06  4.06595883E-06  1.52576525E-05
      0.0000000       0.0000000       0.0000000      -5.11453592E-07  9.63594126E-06  1.53513865E-06
      0.0000000       0.0000000       0.0000000      -4.27131814E-06  7.77876186E-10  7.77876186E-10
      0.0000000       0.0000000       0.0000000       5.44816702E-05  2.97658212E-05  4.68779305E-05
      0.0000000       0.0000000       0.0000000       5.18143328E-06  0.00000000E+00  0.00000000E+00
      0.0000000       0.0000000       0.0000000       5.44816702E-05 -2.97658212E-05 -4.68779305E-05
      0.0000000       0.0000000       0.0000000       6.94837903E-06  5.24132974E-06 -1.18112720E-05
      0.0000000       0.0000000       0.0000000       1.89218382E-06 -8.13269553E-06  8.70054514E-07
      0.0000000       0.0000000       0.0000000       6.90715160E-06  3.05277509E-06  1.17443747E-05
      0.0000000       0.0000000       0.0000000       6.90715160E-06 -3.05277509E-06 -1.17443747E-05
      0.0000000       0.0000000       0.0000000       1.89218382E-06  8.13269553E-06 -8.70054514E-07
      0.0000000       0.0000000       0.0000000       6.94837903E-06 -5.24132974E-06  1.18112720E-05
      0.0000000       0.0000000       0.0000000       1.64754176E-06 -1.05596692E-06 -9.72345233E-09
      0.0000000       0.0000000       0.0000000      -2.41608343E-06  0.00000000E+00  0.00000000E+00
      0.0000000       0.0000000       0.0000000       1.64754176E-06  1.05596692E-06  9.72345233E-09
      0.0000000       0.0000000       0.0000000      -2.21694713E-07  4.07218183E-07 -8.61108938E-07
      0.0000000       0.0000000       0.0000000       1.51685856E-06  4.27831902E-09  7.77876186E-10
      0.0000000       0.0000000       0.0000000      -1.85912409E-07 -4.02939864E-07 -8.94168676E-07
      0.0000000       0.0000000       0.0000000      -1.85912409E-07  4.02939864E-07  8.94168676E-07
      0.0000000       0.0000000       0.0000000       1.51685856E-06 -4.27831902E-09 -7.77876186E-10
      0.0000000       0.0000000       0.0000000      -2.21694713E-07 -4.07218183E-07  8.61108938E-07
      0.0000000       0.0000000       0.0000000       5.36551768E-05  2.95262353E-05 -4.61475047E-05
      0.0000000       0.0000000       0.0000000       5.20476956E-06  0.00000000E+00  0.00000000E+00
      0.0000000       0.0000000       0.0000000       5.36551768E-05 -2.95262353E-05  4.61475047E-05
      0.0000000       0.0000000       0.0000000       6.93943346E-06 -3.06483217E-06  1.18478322E-05
      0.0000000       0.0000000       0.0000000       1.86962541E-06  8.13502916E-06  8.88334605E-07
      0.0000000       0.0000000       0.0000000       6.90598478E-06 -5.26894435E-06 -1.17875468E-05
      0.0000000       0.0000000       0.0000000       6.90598478E-06  5.26894435E-06  1.17875468E-05
      0.0000000       0.0000000       0.0000000       1.86962541E-06 -8.13502916E-06 -8.88334605E-07
      0.0000000       0.0000000       0.0000000       6.93943346E-06  3.06483217E-06 -1.18478322E-05
      0.0000000       0.0000000       0.0000000       1.32588996E-06  4.25809424E-06 -1.53377737E-05
      0.0000000       0.0000000       0.0000000      -5.04452707E-07  9.64255320E-06 -1.51452493E-06
      0.0000000       0.0000000       0.0000000      -4.28104159E-06 -1.36128333E-08  1.36128333E-08
      0.0000000       0.0000000       0.0000000      -6.16855816E-07  1.41962404E-06  5.17404345E-06
      0.0000000       0.0000000       0.0000000      -1.23604526E-06 -2.72256665E-06  2.72256665E-06
      0.0000000       0.0000000       0.0000000      -5.04452707E-07  1.51452493E-06 -9.64255320E-06
      0.0000000       0.0000000       0.0000000      -5.34128683E-06  8.20698270E-06 -8.20698270E-06
      0.0000000       0.0000000       0.0000000      -6.16855816E-07 -5.17404345E-06 -1.41962404E-06
      0.0000000       0.0000000       0.0000000       1.32588996E-06  1.53377737E-05 -4.25809424E-06
      0.0000000       0.0000000       0.0000000      -1.93418914E-06  1.43518156E-06  5.14992929E-06
      0.0000000       0.0000000       0.0000000      -1.50674617E-06 -2.73617948E-06 -2.78051843E-06
      0.0000000       0.0000000       0.0000000      -1.02679657E-07  1.52152582E-06 -1.52152582E-06
      0.0000000       0.0000000       0.0000000       1.14814525E-06 -1.52152582E-06 -7.44038572E-07
      0.0000000       0.0000000       0.0000000      -8.15214243E-07  9.56787709E-08 -9.56787709E-08
      0.0000000       0.0000000       0.0000000      -1.50674617E-06  2.78051843E-06  2.73617948E-06
      0.0000000       0.0000000       0.0000000      -8.39717343E-07  1.07346914E-06 -1.07346914E-06
      0.0000000       0.0000000       0.0000000       1.14814525E-06  7.44038572E-07  1.52152582E-06
      0.0000000       0.0000000       0.0000000      -1.93418914E-06 -5.14992929E-06 -1.43518156E-06
      0.0000000       0.0000000       0.0000000      -1.17548760E-05  8.17120040E-06 -2.09513172E-05
      0.0000000       0.0000000       0.0000000      -4.72559783E-06 -5.20010230E-06  5.17054301E-06
      0.0000000       0.0000000       0.0000000       6.64520179E-05  1.53043250E-05 -1.53043250E-05
      0.0000000       0.0000000       0.0000000      -5.35373285E-06  1.08863772E-06  7.66596982E-07
      0.0000000       0.0000000       0.0000000       2.83726450E-05  6.74418653E-07 -6.74418653E-07
      0.0000000       0.0000000       0.0000000      -4.72559783E-06 -5.17054301E-06  5.20010230E-06
      0.0000000       0.0000000       0.0000000       1.04418365E-03  7.54905502E-04 -7.54905502E-04
      0.0000000       0.0000000       0.0000000      -5.35373285E-06 -7.66596982E-07 -1.08863772E-06
      0.0000000       0.0000000       0.0000000      -1.17548760E-05  2.09513172E-05 -8.17120040E-06
      0.0000000       0.0000000       0.0000000       5.44816702E-05  4.68779305E-05  2.97658212E-05
      0.0000000       0.0000000       0.0000000       6.94837903E-06 -1.18112720E-05  5.24132974E-06
      0.0000000       0.0000000       0.0000000       6.90715160E-06 -1.17443747E-05 -3.05277509E-06
      0.0000000       0.0000000       0.0000000       5.18143328E-06  0.00000000E+00  0.00000000E+00
      0.0000000       0.0000000       0.0000000       1.89218382E-06  8.70054514E-07 -8.13269553E-06
      0.0000000       0.0000000       0.0000000       1.89218382E-06 -8.70054514E-07  8.13269553E-06
      0.0000000       0.0000000       0.0000000       5.44816702E-05 -4.68779305E-05 -2.97658212E-05
      0.0000000       0.0000000       0.0000000       6.90715160E-06  1.17443747E-05  3.05277509E-06
      0.0000000       0.0000000       0.0000000       6.94837903E-06  1.18112720E-05 -5.24132974E-06
      0.0000000       0.0000000       0.0000000       1.64754176E-06 -9.72345233E-09 -1.05596692E-06
      0.0000000       0.0000000       0.0000000      -2.21694713E-07 -8.61108938E-07  4.07218183E-07
      0.0000000       0.0000000       0.0000000      -1.85912409E-07  8.94168676E-07  4.02939864E-07
      0.0000000       0.0000000       0.0000000      -2.41608343E-06  0.00000000E+00  0.00000000E+00
      0.0000000       0.0000000       0.0000000       1.51685856E-06  7.77876186E-10  4.27831902E-09
      0.0000000       0.0000000       0.0000000       1.51685856E-06 -7.77876186E-10 -4.27831902E-09
      0.0000000       0.0000000       0.0000000       1.64754176E-06  9.72345233E-09  1.05596692E-06
      0.0000000       0.0000000       0.0000000      -1.85912409E-07 -8.94168676E-07 -4.02939864E-07
      0.0000000       0.0000000       0.0000000      -2.21694713E-07  8.61108938E-07 -4.07218183E-07
      0.0000000       0.0000000       0.0000000       5.36551768E-05 -4.61475047E-05  2.95262353E-05
      0.0000000       0.0000000       0.0000000       6.93943346E-06  1.18478322E-05 -3.06483217E-06
      0.0000000       0.0000000       0.0000000       6.90598478E-06  1.17875468E-05  5.26894435E-06
      0.0000000       0.0000000       0.0000000       5.20476956E-06  0.00000000E+00  0.00000000E+00
      0.0000000       0.0000000       0.0000000       1.86962541E-06  8.88334605E-07  8.13502916E-06
      0.0000000       0.0000000       0.0000000       1.86962541E-06 -8.88334605E-07 -8.13502916E-06
      0.0000000       0.0000000       0.0000000       5.36551768E-05  4.61475047E-05 -2.95262353E-05
      0.0000000       0.0000000       0.0000000       6.90598478E-06 -1.17875468E-05 -5.26894435E-06
      0.0000000       0.0000000       0.0000000       6.93943346E-06 -1.18478322E-05  3.06483217E-06
      0.0000000       0.0000000       0.0000000       1.32588996E-06 -1.53377737E-05  4.25809424E-06
      0.0000000       0.0000000       0.0000000      -6.16855816E-07  5.17404345E-06  1.41962404E-06
      0.0000000       0.0000000       0.0000000      -5.34128683E-06 -8.20698270E-06  8.20698270E-06
      0.0000000       0.0000000       0.0000000      -5.04452707E-07 -1.51452493E-06  9.64255320E-06
      0.0000000       0.0000000       0.0000000      -1.23604526E-06  2.72256665E-06 -2.72256665E-06
      0.0000000       0.0000000       0.0000000      -6.16855816E-07 -1.41962404E-06 -5.17404345E-06
      0.0000000       0.0000000       0.0000000      -4.28104159E-06  1.36128333E-08 -1.36128333E-08
      0.0000000       0.0000000       0.0000000      -5.04452707E-07 -9.64255320E-06  1.51452493E-06
      0.0000000       0.0000000       0.0000000       1.32588996E-06 -4.25809424E-06  1.53377737E-05
      0.0000000       0.0000000       0.0000000      -1.93418914E-06  5.14992929E-06  1.43518156E-06
      0.0000000       0.0000000       0.0000000       1.14814525E-06 -7.44038572E-07 -1.52152582E-06
      0.0000000       0.0000000       0.0000000      -8.39717343E-07 -1.07346914E-06  1.07346914E-06
      0.0000000       0.0000000       0.0000000      -1.50674617E-06 -2.78051843E-06 -2.73617948E-06
      0.0000000       0.0000000       0.0000000      -8.15214243E-07 -9.56787709E-08  9.56787709E-08
      0.0000000       0.0000000       0.0000000       1.14814525E-06  1.52152582E-06  7.44038572E-07
      0.0000000       0.0000000       0.0000000      -1.02679657E-07 -1.52152582E-06  1.52152582E-06
      0.0000000       0.0000000       0.0000000      -1.50674617E-06  2.73617948E-06  2.78051843E-06
      0.0000000       0.0000000       0.0000000      -1.93418914E-06 -1.43518156E-06 -5.14992929E-06
      0.0000000       0.0000000       0.0000000      -1.17548760E-05 -2.09513172E-05  8.17120040E-06
      0.0000000       0.0000000       0.0000000      -5.35373285E-06  7.66596982E-07  1.08863772E-06
      0.0000000       0.0000000       0.0000000       1.04418365E-03 -7.54905502E-04  7.54905502E-04
      0.0000000       0.0000000       0.0000000      -4.72559783E-06  5.17054301E-06 -5.20010230E-06
      0.0000000       0.0000000       0.0000000       2.83726450E-05 -6.74418653E-07  6.74418653E-07
      0.0000000       0.0000000       0.0000000      -5.35373285E-06 -1.08863772E-06 -7.66596982E-07
      0.0000000       0.0000000       0.0000000       6.64520179E-05 -1.53043250E-05  1.53043250E-05
      0.0000000       0.0000000       0.0000000      -4.72559783E-06  5.20010230E-06 -5.17054301E-06
      0.0000000       0.0000000       0.0000000      -1.17548760E-05 -8.17120040E-06  2.09513172E-05
