  50     618.1509     816.3252
  75     352.4192     406.6349
 100     240.6411     264.9570
 125     182.4068     196.1910
 150     147.1895     156.0915
 175     123.6544     129.8862
 200     106.8000     111.4028
 225      94.1125      97.6433
 250      84.1985      86.9842
 275      76.2263      78.4730
 300      69.6686      71.5110
 400      51.9635      52.9008
 500      41.5147      42.0482
 600      34.5941      34.9168
 700      29.6643      29.8652
 800      25.9709      26.0958
 900      23.0986      23.1740
1000      20.8006      20.8420