k,E1,E2,E3,E4,E5,E6
0.0,0.0,0.0,0.0,2.2919324859095815,2.2919324859095815,3.476433025542631
0.01,0.019900467681976255,0.019900467681976255,0.041758604149178556,2.2919924451373066,2.2919924451373066,3.476154215133709
0.02,0.039782947595634964,0.039782947595634964,0.08350821441419834,2.2921753207818685,2.2921753207818685,3.475320781868329
0.03,0.05962045808849981,0.05962045808849981,0.12524283487228685,2.2924751169204938,2.2924751169204938,3.473929727785106
0.04,0.07939800935363953,0.07939800935363953,0.16694747571651275,2.2928888355917976,2.2928888355917976,3.4719780549226527
0.05,0.09909161769996401,0.09909161769996401,0.20861913898548987,2.2934134788343923,2.2934134788343923,3.4694627653195824
0.06,0.11867729943638326,0.11867729943638326,0.2502428348722868,2.29404005276412,2.29404005276412,3.466383858975896
0.07,0.1381340688331934,0.1381340688331934,0.2918095694927449,2.294759563496822,2.294759563496822,3.4627323420074347
0.08,0.1574409401606907,0.1574409401606907,0.33331034896270534,2.295566015109725,2.295566015109725,3.4585022184914256
0.09,0.17657692768917135,0.17657692768917135,0.3747301834752368,2.296447415757285,2.296447415757285,3.453693488427869
0.1,0.19551205180477274,0.19551205180477274,0.4160600791461806,2.2973947715553424,2.2973947715553424,3.448294159971219
0.11,0.21422532677779108,0.21422532677779108,0.45728204820721907,2.2983900947355798,2.2983900947355798,3.4423042331214773
0.12,0.23269276891713633,0.2326957668785226,0.49838709677419346,2.299424391413839,2.299424391413839,3.4357117160330977
0.13,0.25089339249310466,0.25089339249310466,0.5393542391174001,2.3004856697445737,2.3004856697445737,3.4285106127833074
0.14,0.26880021585321984,0.26880021585321984,0.5801714833912939,2.3015589399208536,2.3015589399208536,3.4206979254107206
0.15,0.28638925530639164,0.28638925530639164,0.6208238397889435,2.3026292121357477,2.3026292121357477,3.412267657992565
0.16,0.30363952512291636,0.30363952512291636,0.6612903225806451,2.30368449454371,2.30368449454371,3.4032138146060675
0.17,0.32052704161170403,0.32052704161170403,0.7015589399208537,2.3047097973378103,2.3047097973378103,3.3935333972898425
0.18,0.33703381700443696,0.3370368149658232,0.7416057081184794,2.305696126633889,2.305696126633889,3.3832204101211176
0.19,0.3531418635327977,0.35314486149418395,0.781418635327977,2.3066254946636287,2.3066254946636287,3.372271855138506
0.2,0.36883619138985485,0.36883619138985485,0.8209767358196426,2.307491905504257,2.307491905504257,3.3606907303033933
0.21,0.38409581484590477,0.38409581484590477,0.8602650197865451,2.3082833673102288,2.3082833673102288,3.3484740376543947
0.22,0.39891473797817484,0.39891473797817484,0.8992654994603668,2.308993884158772,2.308993884158772,3.33562177719151
0.23,0.4132839669025063,0.4132839669025063,0.9379571891114042,2.3096144621657273,2.3096144621657273,3.3221399448375104
0.24,0.4271975056961266,0.4271975056961266,0.9763310948554982,2.3101421033697087,2.3101421033697087,3.3080345365151693
0.25,0.4406553543590358,0.4406553543590358,1.0143632330015588,2.3105678138865566,2.3105678138865566,3.293305552224487
0.26,0.4536575128912339,0.4536575128912339,1.0520446096654275,2.3108975896390453,2.3108975896390453,3.277967981772395
0.27,0.4662129751768797,0.4662129751768797,1.0893572370787863,2.3111314306271735,2.3111314306271735,3.2620278210816642
0.28,0.47833073510013185,0.47833073510013185,1.1262891233960906,2.311269336850941,2.311269336850941,3.2454940640364547
0.29,0.4900287804293081,0.4900287804293081,1.1628252788104088,2.311317304233121,2.311317304233121,3.2283876963664704
0.3,0.5013221009713394,0.5013221009713394,1.1989597073989686,2.311281328696486,2.311281328696486,3.2107147139944834
0.31,0.5122406763400887,0.5122406763400887,1.2346744213934524,2.3111704041251944,2.3111704041251944,3.192496102650198
0.32,0.5228084902266459,0.5228084902266459,1.2699664228324739,2.310999520326178,2.310999520326178,3.1737498501019306
0.33,0.5330585202062597,0.5330585202062597,1.3048207219091017,2.310777671183595,2.310777671183595,3.154490946156613
0.34,0.5430267418155653,0.5430267418155653,1.3392313227005634,2.310519846504377,2.310519846504377,3.1347433745053364
0.35,0.5527551265139704,0.5527551265139704,1.3731922292840868,2.3102440340568413,2.3102440340568413,3.114528120877803
0.36,0.5622826477994963,0.5622826477994963,1.4066974457368988,2.3099562297637606,2.3099562297637606,3.093866171003717
0.37,0.5716542750929368,0.5716542750929368,1.439737978174841,2.309683415277611,2.309683415277611,3.0727815085741694
0.38,0.5809149778150857,0.5809149778150857,1.472307830675141,2.3094375824439384,2.3094375824439384,3.051295119318863
0.39,0.5901127233481233,0.5901127233481233,1.504404005276412,2.3092367190310585,2.3092367190310585,3.0294279889675018
0.4,0.5992924811128432,0.5992924811128432,1.536020506055882,2.309098812807291,2.309098812807291,3.007207099172563
0.41,0.6084992205300396,0.6084992205300396,1.5671543350521644,2.309038853579566,2.309038853579566,2.9846534356637484
0.42,0.6177749130591198,0.6177749130591198,1.5977964983811008,2.3090688331934284,2.3090688331934284,2.9617879841707637
0.43,0.6271585321981052,0.6271585321981052,1.6279469960426909,2.3092097373785823,2.3092097373785823,2.938637726346084
0.44,0.6366860534836312,0.6366860534836312,1.657596834152776,2.3094675620578005,2.3094675620578005,2.915214654035256
0.45,0.6463874565295599,0.6463874565295599,1.6867520086341288,2.309854299076628,2.309854299076628,2.8915487468521404
0.46,0.6562837270655953,0.6562837270655953,1.7153915337570451,2.3103789423192227,2.3103789423192227,2.867654994603669
0.47,0.6663988487828276,0.6663988487828276,1.7435184074829115,2.311047487708358,2.311047487708358,2.843548387096774
0.48,0.6767448135268017,0.6767448135268017,1.7711266338889555,2.3118629332054206,2.3118629332054206,2.8192529080225444
0.49,0.6873216212975177,0.6873216212975177,1.7982132150137906,2.312831274733181,2.312831274733181,2.794780549226526
0.5,0.6981322700563616,0.6981322700563616,1.824769156973258,2.3139495143302553,2.3139495143302553,2.7701463005156493
0.51,0.709167765919175,0.709167765919175,1.8507884638445857,2.315217651996642,2.315217651996642,2.7453711476196188
0.52,0.7204131190790263,0.7204131190790263,1.876271135627773,2.3166266938481828,2.3166266938481828,2.7204610864612064
0.53,0.7318473438062117,0.7318473438062117,1.9012051804772754,2.318173641923492,2.318173641923492,2.69543410480873
0.54,0.7434464564096415,0.7434464564096415,1.9255876004317063,2.3198495023384096,2.3198495023384096,2.670305192469121
0.55,0.7551744813526801,0.7551744813526801,1.9494153975296795,2.321642283247392,2.321642283247392,2.645086341287924
0.56,0.7670014390214653,0.7670014390214653,1.972679577887037,2.3235399928048928,2.3235399928048928,2.619792541072071
0.57,0.7788823599952032,0.7788823599952032,1.9953711476196183,2.325530639165368,2.325530639165368,2.5944357836671066
0.58,0.7907932605828036,0.7907932605828036,2.017499100611584,2.327599232521885,2.327599232521885,2.569034056841348
0.59,0.8026801774793141,0.8026801774793141,2.0390484470560017,2.3297337810289003,2.3297337810289003,2.543605348363113
0.6,0.8145071351480992,0.8145071351480992,2.0600161889914856,2.331910300995323,2.331910300995323,2.518167646000719
0.61,0.8262321621297517,0.8262321621297517,2.080396330495263,2.3341257944597675,2.3341257944597675,2.4927479314066434
0.62,0.8378132869648639,0.8378132869648639,2.100176879721789,2.336353279769756,2.336353279769756,2.4673761841947472
0.63,0.8492145341168005,0.8492145341168005,2.119351840748291,2.338583763041132,2.338583763041132,2.442079386017508
0.64,0.8603969300875405,0.8603969300875405,2.1378942319222927,2.3408022544669627,2.3408022544669627,2.416908502218491
0.65,0.8713274973018347,0.8713274973018347,2.155777071591318,2.34299076627893,2.34299076627893,2.3919234920254224
0.66,0.8819762561458208,0.8819762561458208,2.172931406643482,2.345140304592877,2.345140304592877,2.3672232881640483
0.67,0.8923162249670223,0.8923162249670223,2.189225326777791,2.3429697805492267,2.3472358796018704,2.3472358796018704
0.68,0.9023234200743494,0.9023234200743494,2.2043530399328457,2.319516728624535,2.349268497421753,2.349268497421753
0.69,0.911976855738098,0.911976855738098,2.2174361434224723,2.297775512651397,2.351229164168365,2.351229164168365
0.7,0.9212555462285644,0.9212555462285644,2.225593596354479,2.280672142942799,2.3531118839189347,2.3531118839189347
0.71,0.9301534956229763,0.9301534956229763,2.2220110324979014,2.275068953111884,2.354904664827917,2.354904664827917
0.72,0.9386557141144022,0.9386557141144022,2.206403645521046,2.2812987168725267,2.356610504856697,2.356610504856697
0.73,0.9467562057800695,0.9467562057800695,2.186131430627173,2.292046408442259,2.3582174121597315,2.3582174121597315
0.74,0.9544549706199784,0.9544549706199784,2.164573090298597,2.303987288643722,2.3597313826597914,2.3597343806211772
0.75,0.9617460127113562,0.9617460127113562,2.1427719150977333,2.3161320302194506,2.361149418395491,2.361149418395491
0.76,0.9686353279769757,0.9686353279769757,2.121120637966183,2.328132869648639,2.362474517328217,2.362474517328217
0.77,0.9751259143782227,0.9751259143782227,2.099817124355438,2.339845904784746,2.363703681496582,2.363703681496582
0.78,0.9812267657992564,0.9812267657992564,2.07898129272095,2.351202182515889,2.36484290682336,2.36484290682336
0.79,0.986940880201463,0.986940880201463,2.0586970859815326,2.3621597313826594,2.36589219330855,2.36589219330855
0.8,0.9922832473917734,0.9922832473917734,2.0390334572490705,2.366860534836311,2.366860534836311,2.3727035615781267
0.81,0.9972628612543469,0.9972628612543469,2.0200443698285167,2.3677509293680297,2.3677509293680297,2.3828186832953593
0.82,1.001888715673342,1.001888715673342,2.001783787024823,2.3685663748650914,2.3685663748650914,2.392490106727425
0.83,1.006184794339849,1.006184794339849,1.9842966782587839,2.3693128672502697,2.3693128672502697,2.401714833912939
0.84,1.010148099292481,1.010148099292481,1.9676220170284207,2.3699964024463362,2.3699964024463362,2.4104838709677416
0.85,1.0137966182995564,1.0137966182995564,1.9518017747931404,2.3706169804532915,2.3706169804532915,2.4187852260462885
0.86,1.0171453411680058,1.0171453411680058,1.9368659311668064,2.371183595155294,2.371183595155294,2.426612903225806
0.87,1.0202092577047606,1.0202092577047606,1.9228474637246669,2.3716992445137306,2.3716992445137306,2.4339609065835233
0.88,1.0229943638325938,1.0229943638325938,1.9097733541191988,2.372166926489987,2.372166926489987,2.4408172442738936
0.89,1.02551265139705,1.02551265139705,1.8976705840028778,2.372586641084063,2.372586641084063,2.447172922412759
0.9,1.0277791102050606,1.0277791102050606,1.8865571411440218,2.372964384218731,2.372964384218731,2.453021945077347
0.91,1.029799736179398,1.029799736179398,1.8764540112723347,2.373303153855378,2.373303153855378,2.4583493224607262
0.92,1.0315865211656072,1.0315865211656072,1.8673761841947476,2.373602949994004,2.373602949994004,2.4631460606787385
0.93,1.033142463125075,1.033142463125075,1.8593386497181916,2.3738637726346083,2.3738637726346083,2.46740616380861
0.94,1.0344765559419595,1.0344765559419595,1.852353399688212,2.374091617699964,2.374091617699964,2.471120637966183
0.95,1.0355977935004197,1.0355977935004197,1.846426430027581,2.374280489267298,2.374280489267298,2.474277491305912
0.96,1.0365061758004557,1.0365061758004557,1.8415697325818443,2.3744363832593836,2.3744363832593836,2.476870727905024
0.97,1.0372106967262262,1.0372106967262262,1.8377833073510013,2.3745563017148337,2.3745563017148337,2.4788943518407485
0.98,1.0377083583163447,1.0377083583163447,1.835079146180597,2.374640244633649,2.374640244633649,2.4803453651516967
0.99,1.0380081544549706,1.0380081544549706,1.8334542511092455,2.3746942079386018,2.3746942079386018,2.4812147739537114
1.0,1.038107087180717,1.038107087180717,1.8329116200983329,2.374709197745533,2.374709197745533,2.4815055762081784
