k,E1,E2,E3,E4,E5,E6
0.0,0.0,0.0,0.0,2.2919324859095815,2.2919324859095815,3.476433025542631
0.009999901005081267,0.028138865571411438,0.039354239117400165,0.05225146900107926,2.291683655114522,2.2920524043650317,3.47612123755846
0.019999802010162535,0.056214773953711474,0.07868749250509652,0.10445796858136468,2.2909341647679575,2.2924151576927687,3.475188871567334
0.029999703015243802,0.0841647679577887,0.11797577647199904,0.1565715313586761,2.289693008754047,2.293008754047248,3.4736329296078665
0.04000031112688744,0.11193188631730423,0.15720110324979014,0.20854718791221968,2.287963185034177,2.29382419954431,3.4714504137186712
0.05000021213196871,0.13945317184314665,0.19634248710876603,0.26033996882120153,2.2857506895311186,2.294840508454251,3.468641323899748
0.060000113137049976,0.16668665307590835,0.23537594435783668,0.3119109005876004,2.283073510013191,2.296039693008754,3.4651966662669382
0.07000001414213124,0.19357836671063675,0.27428348722868445,0.36321801175200863,2.2799376424031657,2.2973977695167287,3.461116440820242
0.07999991514721251,0.22009533517208296,0.31304712795299194,0.4142253267777911,2.2763580765079743,2.2988817604029257,3.4563916536755004
0.08999981615229379,0.24620458088499822,0.3516488787624415,0.46489986808969896,2.2723468041731625,2.300470679937642,3.4510193068713275
0.09999971715737505,0.27188212015829233,0.3900737498501019,0.5152116560738698,2.2679248111284327,2.302131550545629,3.4449934044849497
0.10999961816245632,0.29710996522364785,0.42830075548626934,0.565133709077827,2.263107087180717,2.303834392613023,3.4383109485549825
0.12000022627409995,0.3218881160810649,0.4663179038253987,0.6146390454490945,2.2579026262141744,2.305549226525962,3.4309599472358796
0.13000012727918123,0.3462105768077707,0.5041102050605588,0.6637126753807411,2.252332413958508,2.3072520685933564,3.4229433984890276
0.14000002828426247,0.370095335172083,0.5416716632689771,0.7123336131430626,2.2464084422592636,2.308915937162729,3.4142523084302674
0.14999992928934375,0.39356037894231916,0.5789842906823359,0.7604898668905145,2.2401397050005993,2.3105228444657633,3.404883679098213
0.15999983029442502,0.4166296918095695,0.616042091377863,0.8081694447775513,2.2335441899508335,2.3120518047727545,3.3948375104928648
0.16999973129950627,0.4393422472718551,0.6528360714713994,0.8553603549586282,2.2266248950713514,2.313493824199544,3.3841108046528356
0.17999963230458757,0.4617370188271975,0.6893602350401726,0.9020625974337451,2.2193938122076986,2.3148369109005875,3.3727005636167404
0.1900002404162312,0.48386197385777674,0.7256115841227964,0.9482641803573569,2.2118539393212613,2.3160810648758843,3.360609785345965
0.20000014142131248,0.5057680777071591,0.7615811248351121,0.9939651037294639,2.204011272334812,2.3172292840868205,3.3478414678018944
0.21000004242639372,0.5275062957189112,0.7972718551385058,1.0391653675500658,2.195862813286965,2.318281568533397,3.334392613023144
0.219999943431475,0.5491395850821441,0.8326807770715913,1.083855977935004,2.1874115601391053,2.319258903945317,3.320269216932486
0.22999984443655624,0.5707189111404245,0.8678048926729823,1.1280369348842787,2.1786575128912338,2.320170284206739,3.305477275452692
0.23999974544163755,0.5923042331214774,0.9026471999040652,1.1717082383978894,2.1695946756205777,2.3210336970859813,3.290019786545149
0.2499996464467188,0.6139495143302554,0.9372076987648399,1.2148608945916777,2.160220050365751,2.3218761242355197,3.2738997481712433
0.26000025455836245,0.6356997241875524,0.9714863892553063,1.257491905504257,2.150524643242595,2.322718551385058,3.2571261542151335
0.2700001555634437,0.6576058280369348,1.0054892672982372,1.299592277251469,2.140508454251109,2.323587960187073,3.239702002638206
0.28000005656852495,0.6797008034536515,1.039213334932246,1.341159011871927,2.130159491545749,2.324505336371267,3.221633289363233
0.28999995757360625,0.7020176280129511,1.0726645880801056,1.3821741215973138,2.119477755126514,2.325503657512891,3.202926010312987
0.2999998585786875,0.7245802854059239,1.1058400287804293,1.4226286125434704,2.1084542511092454,2.3266039093416477,3.1835861614102408
0.3099997595837688,0.7474007674781148,1.1387396570332173,1.4625104928648518,2.0970859815325578,2.3278270775872407,3.1636167406163804
0.31999966058885004,0.7704880681136826,1.1713664707998561,1.5017987768317544,2.0853669504736776,2.329194147979374,3.143020745892793
0.3299995615939313,0.7938361913898548,1.2037174721189592,1.5404754766758602,2.0732971579326054,2.330720110324979,3.1218041731622495
0.34000016970557495,0.8174361434224727,1.23578966302914,1.5785226046288523,2.0608766039093416,2.3324229523923727,3.0999700203861376
0.3500000707106562,0.8412609425590598,1.2675740496462404,1.6159191749610264,2.0481082863652715,2.3343056721429427,3.0775182875644562
0.3599999717157375,0.8652926010312987,1.2990646360474878,1.6526382060199063,2.0349922053003957,2.3363742654994604,3.054448974697206
0.36999987272081875,0.8894891473797817,1.3302524283487227,1.6886617100371746,2.0215343566374866,2.3386287324619257,3.030768077707159
0.37999977372590005,0.9138116081064875,1.3611284326657873,1.7239597073989685,2.0077467322220888,2.341066075068953,3.0064696006715432
0.3899996747309813,0.9382210097133948,1.391671663268977,1.7585172082983571,1.9936323300155894,2.343674301474997,2.9815565415517447
0.39999957573606254,0.9626663868569373,1.4218611344285885,1.792301235160091,1.9792151337090775,2.3464444177958987,2.9560289003477633
0.4100001838477062,0.9870937762321621,1.4516758604149178,1.8252938002158532,1.9645011392253267,2.349352440340568,2.9298836790982135
0.42000008485278745,1.0114612063796617,1.481082863652716,1.8574709197745531,1.9495173282168123,2.3523863772634606,2.90312387576448
0.4299999858578687,1.0357057201103248,1.5100461686053483,1.8888116081064874,1.9342906823360115,2.3555162489507135,2.875746492385178
0.43999988686295,1.0597943398489027,1.538514809929248,1.9188601750809449,1.9193038733661112,2.3587240676340087,2.847751528960307
0.44999978786803124,1.0836731022904424,1.5664228324739178,1.9032797697565653,1.9489267298237196,2.3619798536994843,2.8191449814126393
0.4599996888731125,1.1072970380141505,1.5936772994363833,1.8876304113203022,1.9776651876723828,2.36525962345605,2.789926849742175
0.46999958987819385,1.130630171483391,1.6201343086701043,1.8720380141503776,2.0055072550665547,2.368539393212615,2.760100131910301
0.4800001979898374,1.1536335292001438,1.6455570212255666,1.8567214294279888,2.032443938122077,2.3717921813167044,2.729673821801175
0.49000009899491875,1.1762801295119318,1.6695167286245354,1.8420973737858255,2.0584662429547906,2.374994004077227,2.6986539153375704
0.5,1.1985399928048925,1.6911769996402446,1.8289812927209497,2.08357117160331,2.3781268737258663,2.6670494064036454
0.5099999010050813,1.2203951313107086,1.708808010552824,1.8190850221849142,2.107749730183475,2.3811728024943037,2.634875284806332
0.5199998020101625,1.241833553183835,1.7193428468641323,1.8154574889075428,2.131001918695287,2.3841197985369944,2.602143542391174
0.5299997030152438,1.2628402686173401,1.720038373905744,1.8208208418275573,2.1533277371387456,2.3869498740856216,2.5688691689651035
0.539999604020325,1.283412279649838,1.7121057680777072,1.8339579086221367,2.1747211895910783,2.3896600311787983,2.535079146180597
0.5499995050254063,1.303552584242715,1.6989806931286724,1.8514180357356995,2.195182276052284,2.392250269816525,2.5007914618059717
0.5600001131370499,1.3232581844345843,1.6830585202062596,1.8707908622136946,2.2147020026382056,2.3947205899988004,2.466045089339249
0.5700000141421312,1.3425440700323779,1.6655234440580404,1.8908861973857776,2.2332623815805253,2.3970739896870126,2.430882000239837
0.5799999151472125,1.361419234920254,1.6469540712315625,1.9111284326657871,2.250806451612903,2.3953831394651637,2.3993194627653196
0.5899998161522937,1.3798956709437582,1.6276471999040651,1.9312177719150976,2.2671543350521643,2.3597673581964265,2.40146600311788
0.599999717157375,1.3979943638325938,1.6077737138745654,1.9509953231802373,2.2812267657992567,2.325140904185154,2.403528600551625
0.6099996181624563,1.4157303033936923,1.5874355438301953,1.9703711476196184,2.2781328696486387,2.3064186353279768,2.405522244873486
0.6199995191675376,1.4331214773953709,1.566707638805612,1.9892882839669022,2.2453021945077345,2.3162099772154936,2.407461925890394
0.6300001272791812,1.4501888715673341,1.5456469600671543,2.0077227485309987,2.208553183834992,2.3287234680417317,2.409368629332054
0.6400000282842625,1.4669534716392851,1.5243104688811608,2.0256625494663627,2.170991725626574,2.340877203501619,2.4112573450053962
0.6499999292893437,1.4834302674181554,1.5027401367070392,2.0430896990046765,2.133004556901307,2.3523234200743492,2.4131490586401245
0.659999830294425,1.480986928888356,1.499637246672263,2.0600161889914856,2.0947026022304835,2.362969180956949,2.4150557620817845
0.6699997312995063,1.4591048087300635,1.5155864012471518,2.056148818803214,2.076448015349562,2.3727875044969418,2.4169984410600787
0.6799996323045875,1.4371447415757284,1.5312897229883677,2.01738218011752,2.0923941719630648,2.3817634008873965,2.418986089459168
0.6899995333096688,1.4151726825758484,1.5467562057800694,1.9784326657872644,2.1078666506775394,2.3898908742055402,2.421027701163209
0.6999994343147501,1.3932485909581482,1.5619858496222567,1.9393362513490826,2.122880441299916,2.3971699244513727,2.423138265979134
0.7100000424263937,1.3714414198345126,1.5769876483990883,1.9001199184554503,2.1374565295598993,2.4036065475476676,2.4253237798297156
0.719999943431475,1.349823120278211,1.5917586041491785,1.8608076507974576,2.1516039093416475,2.4092007434944236,2.4275812447535676
0.7299998444365562,1.3284776352080585,1.6062867250269817,1.8214324259503536,2.1653405684134786,2.4139645041371867,2.429916656673462
0.7399997454416375,1.3074739177359394,1.6205630171483392,1.7820302194507733,2.178681496582324,2.417909821321501,2.4323240196666265
0.7499996464467187,1.2868989087420555,1.6345784866290922,1.7426310109125793,2.191635687732342,2.4210516848542993,2.4348033337330612
0.7599995474518001,1.2668275572610626,1.6483091497781508,1.7032737738337929,2.2042151337090776,2.4234080825038973,2.4373426070272215
0.7699994484568813,1.2473378102890034,1.6617430147499699,1.664003477635208,2.2164318263580762,2.4250059959227723,2.439935843626334
0.7800000565685249,1.2285106127833074,1.6248710876603907,1.6748530998920732,2.2282857656793382,2.4258724067634008,2.442568053723468
0.7899999575736062,1.210414917855858,1.5859305672142943,1.6876184194747572,2.239782947595635,2.4260432905624176,2.4452302434344646
0.7999998585786874,1.193113682695767,1.547250869408802,1.7000089938841587,2.2509233721069672,2.42556061877923,2.447904424991006
0.8099997595837688,1.176666866530759,1.5089039453171844,1.7120038373905744,2.261701043290562,2.4244663628732464,2.450575608586161
0.8199996605888501,1.1611224367430149,1.4709797337810289,1.7235699724187552,2.2721099652236476,2.4228144861494183,2.453228804412999
0.8299995615939313,1.1465223647919414,1.433574169564696,1.7346834152776112,2.282138146060679,2.4206589519126993,2.4558490226645877
0.8399994625990126,1.1328966302914016,1.3968011752008633,1.745317184314666,2.291776591917496,2.4180627173522002,2.4584152776112242
0.8500000707106563,1.1202602230483272,1.3607866650677538,1.7554442978774432,2.301007315025782,2.415094735579806,2.460912579445977
0.8599999717157374,1.1086281328696486,1.3256745413119078,1.7650377743134669,2.309809329655834,2.411823959707399,2.463325938361914
0.8699998727208188,1.0979913658712075,1.2916236958867968,1.7740766278930327,2.318161650077947,2.4083193428468643,2.465637366590718
0.8799997737259,1.0883439261302312,1.2588050125914378,1.7825338769636645,2.3260432905624175,2.4046618299556304,2.467834872286845
0.8899996747309813,1.0796648279170165,1.2274163568773233,1.7903945317184313,2.3334272694567693,2.400923372106967,2.4699034656433625
0.8999995757360625,1.0719240916177,1.1976555941959466,1.7976316105048564,2.3402866051085263,2.3971879122196906,2.471834152776112
0.9099994767411438,1.065085741695647,1.169747571651277,1.8042331214773955,2.3465943158652114,2.3935303993284567,2.4736089459167765
0.919999377746225,1.059119798536995,1.1439141383858975,1.8101780789063435,2.352326418035736,2.3900257824679216,2.475224847103969
0.9299999858578687,1.0539782947595635,1.1203921333493223,1.815460486868929,2.357455929967622,2.3867430147499697,2.476666866530759
0.93999988686295,1.0496252548267178,1.0994094016069074,1.8200593596354477,2.3619558700083942,2.3837480513250986,2.4779350041971457
0.9499997878680312,1.04601870727905,1.0812027821081664,1.8239687012831274,2.3658082503897346,2.381106847343806,2.4790142702961986
0.9599996888731125,1.0431256745413118,1.065970140304593,1.827179517927809,2.368989087420554,2.378867370188272,2.4799076627893033
0.9699995898781938,1.0409101810768675,1.0539093416476797,1.829682815685334,2.3714803933325337,2.3770775872406764,2.480603189830915
0.979999490883275,1.0393452452332412,1.0451702842067392,1.8314755965943157,2.3732701762801294,2.375770476076268,2.4811038493824196
0.9899993918883564,1.0384158772035015,1.0398818803213814,1.8325518647319823,2.374349442379182,2.37497601630891,2.481406643482432
1.0,1.038107087180717,1.038107087180717,1.8329116200983329,2.374709197745533,2.374709197745533,2.4815055762081784
