k,E1,E2,E3,E4,E5,E6
0.0,0.0,0.0,0.0,2.2919324859095815,2.2919324859095815,3.476433025542631
0.00999971132473081,0.022050005995922772,0.022050005995922772,0.030486269336850936,2.291884518527401,2.291884518527401,3.476346084662429
0.020000577350538378,0.04409401606907303,0.04409401606907303,0.06096354478954311,2.291743614342247,2.291743614342247,3.4760882599832112
0.030000288675269188,0.06611704041251948,0.06611704041251948,0.09141983451253147,2.291506775392733,2.291506775392733,3.4756595515049766
0.039999999999999994,0.08811608106487588,0.08811608106487588,0.12184014869888475,2.2911769996402445,2.2911769996402445,3.475056961266339
0.04999971132473081,0.11007914618059719,0.11007914618059719,0.15221849142583044,2.290751289123396,2.290751289123396,3.4742864851900706
0.060000577350538375,0.13199724187552464,0.13199724187552464,0.18254287084782347,2.2902326418035734,2.2902326418035734,3.4733421273533995
0.0700002886752692,0.15386737018827196,0.15386737018827196,0.21280429308070511,2.2896180597193907,2.2896180597193907,3.4722268857177117
0.07999999999999999,0.17567454131190788,0.17567454131190788,0.24299376424031657,2.288910540832234,2.288910540832234,3.4709407602830074
0.08999971132473081,0.19741575728504615,0.19741575728504615,0.27309929248111287,2.2881100851421032,2.2881100851421032,3.469483751049286
0.10000057735053837,0.219082024223528,0.219082024223528,0.3031148818803214,2.2872136946876123,2.2872136946876123,3.4678558580165486
0.11000028867526919,0.24066734620458086,0.24066734620458086,0.33303153855378337,2.2862243674301475,2.2862243674301475,3.466054083223408
0.12,0.2621657273054323,0.2621657273054323,0.36284326657872645,2.285142103369709,2.285142103369709,3.4640874205540233
0.12999971132473082,0.28357117160330975,0.28357117160330975,0.3925410720709917,2.283963904544909,2.283963904544909,3.461946876124235
0.1400005773505384,0.3048776831754407,0.3048776831754407,0.4221219570691929,2.282692768917136,2.282692768917136,3.459635447895431
0.15000028867526918,0.3260822640604389,0.3260822640604389,0.45158292361194385,2.281325698525003,2.281325698525003,3.45715313586761
0.15999999999999998,0.3471759203741455,0.3471759203741455,0.48091197985369943,2.279868689291282,2.279868689291282,3.4545029380021584
0.1699997113247308,0.368161650077947,0.368161650077947,0.5101151217172323,2.2783157452932006,2.2783157452932006,3.4516848542990766
0.18000057735053837,0.38903045928768437,0.38903045928768437,0.5391833553183835,2.276666866530759,2.276666866530759,3.4486928888355917
0.19000028867526916,0.40978234800335767,0.40978234800335767,0.5681136826957668,2.2749250509653436,2.2749250509653436,3.4455300395730903
0.19999999999999998,0.430417316224967,0.430417316224967,0.5969120997721549,2.273087300635568,2.273087300635568,3.4421963065115717
0.2099997113247308,0.4509263700683535,0.4509263700683535,0.6255726106247751,2.271153615541432,2.271153615541432,3.438691689651037
0.22000057735053838,0.47131850341767595,0.47131850341767595,0.6540982132150138,2.2691269936443215,2.2691269936443215,3.4350161889914856
0.23000028867526917,0.49158472238877565,0.49158472238877565,0.6824889075428708,2.2670014390214654,2.2670014390214654,3.431166806571531
0.24,0.5117280249430387,0.5117280249430387,0.7107446936083462,2.2647829475956347,2.2647829475956347,3.42714654035256
0.2499997113247308,0.5317514090418516,0.5317514090418516,0.738874565295599,2.262462525482672,2.262462525482672,3.4229553903345726
0.2600005773505384,0.551654874685214,0.551654874685214,0.7668755246432425,2.2600461686053483,2.2600461686053483,3.4185873605947954
0.2700002886752692,0.57143542391174,0.57143542391174,0.7947535675740496,2.257530879002278,2.257530879002278,3.4140484470560017
0.27999999999999997,0.5910990526442019,0.5910990526442019,0.8225146900107926,2.2549196546348482,2.2549196546348482,3.4093326537954187
0.2899997113247308,0.6106487588439861,0.6106487588439861,0.8501588919534716,2.252203501618899,2.252203501618899,3.404442978774433
0.30000057735053837,0.6300845425110924,0.6300845425110924,0.8776981652476316,2.2493884158772035,2.2493884158772035,3.3993764240316584
0.31000028867526913,0.6494094016069073,0.6494094016069073,0.9051325098932725,2.246471399448375,2.246471399448375,3.394129991605708
0.31999999999999995,0.6686263340928169,0.6686263340928169,0.9324679218131671,2.2434524523324137,2.2434524523324137,3.388709677419355
0.32999971132473077,0.6877383379302074,0.6877383379302074,0.9597133948914738,2.2403285765679337,2.2403285765679337,3.383109485549826
0.3400005773505384,0.7067514090418515,0.7067514090418515,0.9868719270895792,2.2370997721549344,2.2370997721549344,3.3773294159971217
0.35000028867526917,0.7256655474277491,0.7256655474277491,1.0139525122916415,2.2337720350161887,2.2337720350161887,3.3713694687612423
0.36,0.7444867490106728,0.7444867490106728,1.0409581484590478,2.230330375344766,2.230330375344766,3.3652296438421874
0.3699997113247308,0.7632180117520085,0.7632180117520085,1.06789483151457,2.2267837870248233,2.2267837870248233,3.35890694327857
0.3800005773505383,0.781862333613143,0.781862333613143,1.0947715553423671,2.2231292720949756,2.2231292720949756,3.3523983691090056
0.39000028867526915,0.8004227125554622,0.8004227125554622,1.1215913179038253,2.2193668305552223,2.2193668305552223,3.345709917256266
0.39999999999999997,0.8189051445017388,0.8189051445017388,1.148360115121717,2.215496462405564,2.215496462405564,3.3388355917975776
0.4099997113247308,0.8373096294519726,0.8373096294519726,1.1750779469960426,2.211512171723228,2.211512171723228,3.3317783906943275
0.42000057735053836,0.8556421633289363,0.8556421633289363,1.2017568053723466,2.207419954430987,2.207419954430987,3.3245353159851296
0.4300002886752692,0.8739027461326297,0.8739027461326297,1.2283936922892433,2.203213814606068,2.203213814606068,3.317106367669984
0.43999999999999995,0.8920943758244393,0.8920943758244393,1.2549976016308908,2.1988967502098573,2.1988967502098573,3.3094885477875042
0.44999971132473077,0.9102230483271375,0.9102230483271375,1.2815685333972897,2.194468761242355,2.194468761242355,3.301690850221849
0.46000057735053834,0.928285765679338,0.928285765679338,1.3081064875884398,2.189926849742175,2.189926849742175,3.2937042810888593
0.47000028867526916,0.9462885238038133,0.9462885238038133,1.3346144621657272,2.1852710157093176,2.1852710157093176,3.285531838349922
0.48,0.9642283247391772,0.9642283247391772,1.361092457129152,2.1805042571051683,2.1805042571051683,3.2771735220050364
0.4899997113247308,0.9821111644082025,0.9821111644082025,1.3875434704401006,2.1756235759683413,2.1756235759683413,3.268629332054203
0.5000005773505384,0.9999340448495023,0.9999340448495023,1.4139645041371867,2.1706289722988363,2.1706289722988363,3.259902266458808
0.5100002886752691,1.017696966063077,1.017696966063077,1.4403465643362512,2.165520446096654,2.165520446096654,3.250989327257465
0.5199999999999999,1.035402926010313,1.035405923971699,1.466704640844226,2.1602979973617935,2.1602979973617935,3.24189351241156
0.5299997113247308,1.0530519246912098,1.0530519246912098,1.493023743854179,2.154964624055642,2.154964624055642,3.2326148219210937
0.5400005773505384,1.0706379661829957,1.0706379661829957,1.5193008754047246,2.1495173282168123,2.1495173282168123,3.223153255786065
0.5500002886752692,1.0881640484470558,1.0881640484470558,1.545539033457249,2.1439591078066917,2.1439591078066917,3.2135118119678614
0.5599999999999999,1.1056241755606186,1.1056241755606186,1.5717262261662068,2.1382869648638927,2.1382869648638927,3.203690490466483
0.5699997113247308,1.1230213454850702,1.1230213454850702,1.5978594555702121,2.132503897349802,2.132503897349802,3.1936892912819284
0.5800005773505384,1.1403525602590237,1.1403525602590237,1.6239327257464924,2.12660990526442,2.12660990526442,3.1835142103369707
0.5900002886752692,1.1576118239597075,1.1576118239597075,1.6499370428108886,2.1206049886077465,2.1206049886077465,3.173162249670224
0.6,1.1747961386257346,1.1747961386257346,1.6758724067634008,2.1144891473797816,2.1144891473797816,3.162636407243075
0.6099997113247309,1.191905504257105,1.191905504257105,1.7017238277970979,2.1082653795419115,2.1082653795419115,3.151936683055522
0.6200005773505383,1.208933924931047,1.208933924931047,1.7274883079505936,2.1019276891713634,2.1019276891713634,3.141069073030339
0.6300002886752691,1.2258814006475598,1.2258814006475598,1.7531568533397288,2.0954850701522965,2.0954850701522965,3.1300305792061396
0.6399999999999999,1.2427359395610984,1.2427359395610984,1.778717472118959,2.0889315265619377,2.0889315265619377,3.118827197505696
0.6500008660258075,1.2595005396330494,1.2595005396330494,1.8041671663268977,2.08227305432306,2.08227305432306,3.107458927929008
0.6600005773505383,1.2761692049406403,1.2761692049406403,1.8294939441179996,2.075503657512891,2.075503657512891,3.095925770476076
0.6700002886752692,1.2927359395610984,1.2927359395610984,1.8546858136467201,2.068629332054203,2.068629332054203,3.0842337210696726
0.6799999999999999,1.309191749610265,1.309191749610265,1.8797367789902863,2.0616470799856095,2.0616470799856095,3.0723797817484106
0.6900008660258076,1.3255396330495264,1.3255396330495264,1.9046378462645401,2.054556901307111,2.054556901307111,3.060369948435064
0.7000005773505383,1.3417705959947237,1.3417705959947237,1.9293800215853216,2.047361793980093,2.047361793980093,3.0482042211296316
0.7100002886752692,1.3578786425230842,1.3578786425230842,1.9539513131070871,2.0400587600431703,2.0400587600431703,3.0358855977935004
0.72,1.3738607746732223,1.3738607746732223,1.9783427269456768,2.0326507974577286,2.0326507974577286,3.02341407842667
0.7300008660258075,1.3897109965223648,1.3897109965223648,2.0025452692169323,2.0251379062237675,2.0251379062237675,3.0107926609905262
0.7400005773505383,1.4054233121477395,1.4054233121477395,2.017517088379902,2.017517088379902,2.026549946036695,2.998024343446456
0.7500002886752691,1.42099472358796,1.42099472358796,2.0097913418875164,2.0097913418875164,2.0503447655594194,2.9851091257944593
0.7599999999999999,1.436416236958868,1.436416236958868,2.001957668785226,2.001957668785226,2.0739237318623336,2.972053003957309
0.7700008660258075,1.4516848542990766,1.4516848542990766,1.9940190670344167,1.9940190670344167,2.0972748530998917,2.958855977935004
0.7800005773505383,1.4667945796858135,1.4667945796858135,1.9859755366350882,1.9859755366350882,2.1203861374265496,2.945518047727545
0.7900002886752692,1.48173641923492,1.48173641923492,1.9778270775872404,1.9778270775872404,2.1432515889195347,2.9320482072190908
0.7999999999999999,1.4965103729463964,1.4965103729463964,1.9695736898908742,1.9695736898908742,2.165859215733301,2.9184464564096415
0.8100008660258076,1.5111044489746972,1.5111044489746972,1.961218371507375,1.961218371507375,2.188197026022305,2.904721789183355
0.8200005773505383,1.5255156493584363,1.5255156493584363,1.9527611224367432,1.9527611224367432,2.210253027941,2.8908742055402326
0.8300002886752692,1.5397349802134548,1.5397349802134548,1.9442049406403643,1.9442049406403643,2.2320122316824555,2.876912699364432
0.84,1.5537564456169803,1.5537564456169803,1.9355528240796256,1.9355528240796256,2.2534656433625133,2.862849262501499
0.8500008660258076,1.567568053723468,1.567568053723468,1.9268107686772995,1.9268107686772995,2.274589279290083,2.8486898908742053
0.8600005773505384,1.5811608106487587,1.5811608106487587,1.9179817723947714,1.9179817723947714,2.2953711476196186,2.8344555702122554
0.8700002886752691,1.5945227245473077,1.5945227245473077,1.9090748291162007,1.9090748291162007,2.3157812687372585,2.820158292361194
0.8799999999999999,1.6076358076507973,1.6076358076507973,1.900104928648519,1.900104928648519,2.3357926609905264,2.805828036934884
0.8900008660258075,1.6204820721909101,1.6204820721909101,1.8910870607986567,1.8910870607986567,2.3553663508814005,2.7914977815085744
0.9000005773505383,1.6330345365151695,1.6330345365151695,1.8820422112963184,1.8820422112963184,2.374451373066315,2.7772094975416715
0.9100002886752692,1.6452572250869406,1.6452572250869406,1.8730003597553662,1.8730003597553662,2.3929907662789303,2.763026142223288
0.9199999999999999,1.6571051684854299,1.6571051684854299,1.8640064755965944,1.8640064755965944,2.4108885957548862,2.749031658472239
0.9300008660258076,1.6685124115601389,1.6685124115601389,1.8551265139705,1.8551265139705,2.428030938961506,2.7353429667825875
0.9400005773505383,1.679380021585322,1.679380021585322,1.8464564096414438,1.8464564096414438,2.4442439141383856,2.7221279529919653
0.9500002886752692,1.6895640964144383,1.6895640964144383,1.8381340688331935,1.8381340688331935,2.4592936802973977,2.7096204580884997
0.96,1.6988487828276773,1.6988487828276773,1.830372346804173,1.830372346804173,2.4728414678018944,2.698156253747452
0.9700008660258076,1.7069252908022543,1.7069252908022543,1.82348602949994,1.82348602949994,2.484422592637007,2.688191030099532
0.9800005773505384,1.713340928168845,1.713340928168845,1.81791881520566,1.81791881520566,2.4934494543710275,2.6803243794219926
0.9900002886752692,1.7175440700323779,1.7175440700323779,1.814225326777791,1.814225326777791,2.4992535076148217,2.6752158532198105
1.0,1.7190160690730303,1.7190160690730303,1.8129182156133827,1.8129182156133827,2.5012621417436143,2.67343806211776
