# 8x8x1 supercell for harmonic, 6x6x1 supercell for cubic ifcs
# 100x100x1 k points for kappa
# cubic ifcs up to 8NN shell trained with ordinary least squares by 200 configurations.
# Temperature = 300 K
"temperature (K)" "frequency (THz)" "kappa spec (W/mK/THz)" "cumulative kappa (W/mK)"
300.00000 0.00000 0.00000 0.00000
300.00000 0.02998 31.10114 0.93239
300.00000 0.05996 28.49783 1.78673
300.00000 0.08994 28.02956 2.62704
300.00000 0.11992 29.49829 3.51137
300.00000 0.14990 29.10541 4.38393
300.00000 0.17988 29.45658 5.26702
300.00000 0.20985 29.58152 6.15385
300.00000 0.23983 28.04829 6.99472
300.00000 0.26981 26.85507 7.79981
300.00000 0.29979 26.27388 8.58748
300.00000 0.32977 28.60158 9.44494
300.00000 0.35975 30.79025 10.36800
300.00000 0.38973 31.03209 11.29832
300.00000 0.41971 29.83670 12.19281
300.00000 0.44969 28.25580 13.03989
300.00000 0.47967 26.65759 13.83907
300.00000 0.50965 25.08113 14.59098
300.00000 0.53963 23.63094 15.29942
300.00000 0.56961 22.50639 15.97414
300.00000 0.59958 21.96407 16.63261
300.00000 0.62956 21.72412 17.28388
300.00000 0.65954 21.96218 17.94229
300.00000 0.68952 22.05174 18.60339
300.00000 0.71950 22.68675 19.28352
300.00000 0.74948 23.45238 19.98660
300.00000 0.77946 24.14366 20.71041
300.00000 0.80944 24.95932 21.45867
300.00000 0.83942 25.25119 22.21568
300.00000 0.86940 25.17893 22.97053
300.00000 0.89938 24.91827 23.71756
300.00000 0.92936 24.48453 24.45159
300.00000 0.95934 24.34048 25.18130
300.00000 0.98932 24.18537 25.90636
300.00000 1.01929 24.06932 26.62794
300.00000 1.04927 23.84280 27.34273
300.00000 1.07925 23.49673 28.04714
300.00000 1.10923 23.24392 28.74398
300.00000 1.13921 22.73291 29.42549
300.00000 1.16919 22.25386 30.09264
300.00000 1.19917 21.80442 30.74632
300.00000 1.22915 21.28366 31.38439
300.00000 1.25913 20.88312 32.01045
300.00000 1.28911 20.32784 32.61987
300.00000 1.31909 19.78060 33.21287
300.00000 1.34907 19.27469 33.79071
300.00000 1.37905 18.82393 34.35504
300.00000 1.40902 18.65822 34.91440
300.00000 1.43900 18.24018 35.46123
300.00000 1.46898 17.74837 35.99331
300.00000 1.49896 17.13398 36.50697
300.00000 1.52894 16.47173 37.00078
300.00000 1.55892 15.90822 37.47770
300.00000 1.58890 15.34727 37.93780
300.00000 1.61888 14.84817 38.38294
300.00000 1.64886 14.42341 38.81534
300.00000 1.67884 14.13286 39.23903
300.00000 1.70882 14.10780 39.66197
300.00000 1.73880 14.37792 40.09301
300.00000 1.76878 14.96082 40.54153
300.00000 1.79875 15.66458 41.01114
300.00000 1.82873 16.33336 41.50080
300.00000 1.85871 16.89942 42.00743
300.00000 1.88869 17.31859 42.52663
300.00000 1.91867 17.74449 43.05860
300.00000 1.94865 18.04345 43.59953
300.00000 1.97863 18.16035 44.14396
300.00000 2.00861 17.94254 44.68186
300.00000 2.03859 17.57812 45.20884
300.00000 2.06857 17.11288 45.72188
300.00000 2.09855 16.31160 46.21088
300.00000 2.12853 15.33337 46.67057
300.00000 2.15851 14.16549 47.09524
300.00000 2.18848 13.21733 47.49148
300.00000 2.21846 12.60256 47.86930
300.00000 2.24844 12.15114 48.23358
300.00000 2.27842 11.66452 48.58327
300.00000 2.30840 11.09440 48.91588
300.00000 2.33838 10.60050 49.23367
300.00000 2.36836 10.22927 49.54034
300.00000 2.39834 9.79128 49.83387
300.00000 2.42832 9.36226 50.11455
300.00000 2.45830 9.00343 50.38446
300.00000 2.48828 8.77681 50.64758
300.00000 2.51826 8.67278 50.90759
300.00000 2.54824 8.71004 51.16871
300.00000 2.57822 8.76726 51.43154
300.00000 2.60819 8.72612 51.69315
300.00000 2.63817 8.63182 51.95192
300.00000 2.66815 8.46007 52.20555
300.00000 2.69813 8.16507 52.45033
300.00000 2.72811 7.80775 52.68440
300.00000 2.75809 7.51484 52.90969
300.00000 2.78807 7.30194 53.12860
300.00000 2.81805 7.14096 53.34268
300.00000 2.84803 6.92437 53.55026
300.00000 2.87801 6.72273 53.75181
300.00000 2.90799 6.57963 53.94906
300.00000 2.93797 6.56507 54.14588
300.00000 2.96795 6.64045 54.34495
300.00000 2.99792 6.70656 54.54601
300.00000 3.02790 6.80284 54.74995
300.00000 3.05788 6.86403 54.95573
300.00000 3.08786 6.89212 55.16235
300.00000 3.11784 6.96589 55.37118
300.00000 3.14782 7.06246 55.58291
300.00000 3.17780 7.21029 55.79907
300.00000 3.20778 7.39008 56.02062
300.00000 3.23776 7.64403 56.24978
300.00000 3.26774 7.84851 56.48507
300.00000 3.29772 7.93297 56.72290
300.00000 3.32770 7.99766 56.96266
300.00000 3.35768 7.92758 57.20033
300.00000 3.38765 7.85958 57.43595
300.00000 3.41763 7.60620 57.66398
300.00000 3.44761 7.41335 57.88622
300.00000 3.47759 7.14200 58.10034
300.00000 3.50757 6.95871 58.30895
300.00000 3.53755 6.74704 58.51122
300.00000 3.56753 6.53092 58.70702
300.00000 3.59751 6.27442 58.89512
300.00000 3.62749 6.03409 59.07602
300.00000 3.65747 5.78648 59.24949
300.00000 3.68745 5.62362 59.41808
300.00000 3.71743 5.39615 59.57985
300.00000 3.74741 5.07619 59.73204
300.00000 3.77738 4.57984 59.86934
300.00000 3.80736 3.91957 59.98684
300.00000 3.83734 3.99836 60.10671
300.00000 3.86732 3.19065 60.20236
300.00000 3.89730 2.70489 60.28345
300.00000 3.92728 2.34879 60.35387
300.00000 3.95726 2.20882 60.42009
300.00000 3.98724 2.03942 60.48123
300.00000 4.01722 1.78273 60.53467
300.00000 4.04720 1.65883 60.58440
300.00000 4.07718 1.58298 60.63186
300.00000 4.10716 1.47280 60.67601
300.00000 4.13714 1.36791 60.71702
300.00000 4.16712 1.29659 60.75589
300.00000 4.19709 1.26831 60.79391
300.00000 4.22707 1.33925 60.83406
300.00000 4.25705 1.40347 60.87614
300.00000 4.28703 1.42560 60.91888
300.00000 4.31701 1.44508 60.96220
300.00000 4.34699 1.45728 61.00589
300.00000 4.37697 1.44546 61.04922
300.00000 4.40695 1.44092 61.09242
300.00000 4.43693 1.45700 61.13610
300.00000 4.46691 1.44556 61.17944
300.00000 4.49689 1.56955 61.22649
300.00000 4.52687 1.54231 61.27273
300.00000 4.55685 1.42399 61.31542
300.00000 4.58682 1.28610 61.35397
300.00000 4.61680 1.10573 61.38712
300.00000 4.64678 0.90343 61.41421
300.00000 4.67676 0.62546 61.43296
300.00000 4.70674 0.41227 61.44532
300.00000 4.73672 0.13506 61.44937
300.00000 4.76670 0.00132 61.44941
300.00000 4.79668 0.00000 61.44941
300.00000 4.82666 0.00000 61.44941
300.00000 4.85664 0.00000 61.44941
300.00000 4.88662 0.00000 61.44941
300.00000 4.91660 0.00000 61.44941
300.00000 4.94658 0.00000 61.44941
300.00000 4.97655 0.00000 61.44941
300.00000 5.00653 0.00000 61.44941
300.00000 5.03651 0.00889 61.44967
300.00000 5.06649 0.04918 61.45115
300.00000 5.09647 0.08966 61.45384
300.00000 5.12645 0.12939 61.45771
300.00000 5.15643 0.17374 61.46292
300.00000 5.18641 0.21460 61.46936
300.00000 5.21639 0.25083 61.47688
300.00000 5.24637 0.29433 61.48570
300.00000 5.27635 0.33453 61.49573
300.00000 5.30633 0.37283 61.50691
300.00000 5.33631 0.40925 61.51918
300.00000 5.36628 0.44188 61.53242
300.00000 5.39626 0.47384 61.54663
300.00000 5.42624 0.50023 61.56162
300.00000 5.45622 0.51376 61.57703
300.00000 5.48620 0.58185 61.59447
300.00000 5.51618 0.67908 61.61483
300.00000 5.54616 0.73659 61.63691
300.00000 5.57614 0.76827 61.65994
300.00000 5.60612 0.78454 61.68346
300.00000 5.63610 0.79050 61.70716
300.00000 5.66608 0.78577 61.73072
300.00000 5.69606 0.77092 61.75383
300.00000 5.72604 0.74973 61.77631
300.00000 5.75602 0.73167 61.79824
300.00000 5.78599 0.70575 61.81940
300.00000 5.81597 0.67804 61.83973
300.00000 5.84595 0.64295 61.85900
300.00000 5.87593 0.60124 61.87703
300.00000 5.90591 0.54714 61.89343
300.00000 5.93589 0.41577 61.90589
300.00000 5.96587 0.36092 61.91671
300.00000 5.99585 0.38258 61.92818
300.00000 6.02583 0.33065 61.93810
300.00000 6.05581 0.30322 61.94719
300.00000 6.08579 0.27579 61.95545
300.00000 6.11577 0.21611 61.96193
300.00000 6.14575 0.13307 61.96592
300.00000 6.17572 0.09562 61.96879
300.00000 6.20570 0.12598 61.97257
300.00000 6.23568 0.14840 61.97702
300.00000 6.26566 0.16504 61.98196
300.00000 6.29564 0.17649 61.98725
300.00000 6.32562 0.18055 61.99267
300.00000 6.35560 0.18708 61.99828
300.00000 6.38558 0.19587 62.00415
300.00000 6.41556 0.20032 62.01015
300.00000 6.44554 0.17885 62.01551
300.00000 6.47552 0.23077 62.02243
300.00000 6.50550 0.24307 62.02972
300.00000 6.53548 0.30256 62.03879
300.00000 6.56545 0.32242 62.04846
300.00000 6.59543 0.33273 62.05843
300.00000 6.62541 0.33510 62.06848
300.00000 6.65539 0.33462 62.07851
300.00000 6.68537 0.33160 62.08845
300.00000 6.71535 0.32327 62.09814
300.00000 6.74533 0.31126 62.10747
300.00000 6.77531 0.29698 62.11638
300.00000 6.80529 0.28062 62.12479
300.00000 6.83527 0.26284 62.13267
300.00000 6.86525 0.24354 62.13997
300.00000 6.89523 0.22359 62.14667
300.00000 6.92521 0.20628 62.15286
300.00000 6.95519 0.18935 62.15853
300.00000 6.98516 0.17015 62.16363
300.00000 7.01514 0.15057 62.16815
300.00000 7.04512 0.13118 62.17208
300.00000 7.07510 0.11198 62.17544
300.00000 7.10508 0.09401 62.17826
300.00000 7.13506 0.07425 62.18048
300.00000 7.16504 0.05618 62.18217
300.00000 7.19502 0.03632 62.18326
300.00000 7.22500 0.01447 62.18369
300.00000 7.25498 0.00000 62.18369
300.00000 7.28496 0.00000 62.18369
300.00000 7.31494 0.00000 62.18369
300.00000 7.34492 0.00000 62.18369
300.00000 7.37489 0.00000 62.18369
300.00000 7.40487 0.00000 62.18369
300.00000 7.43485 0.00000 62.18369
300.00000 7.46483 0.00000 62.18369
300.00000 7.49481 0.00000 62.18369
300.00000 7.52479 0.00000 62.18369
300.00000 7.55477 0.00000 62.18369
300.00000 7.58475 0.00000 62.18369
300.00000 7.61473 0.00000 62.18369
300.00000 7.64471 0.00000 62.18369
300.00000 7.67469 0.00000 62.18369
300.00000 7.70467 0.00000 62.18369
300.00000 7.73465 0.00000 62.18369
300.00000 7.76462 0.00000 62.18369
300.00000 7.79460 0.00000 62.18369
300.00000 7.82458 0.00000 62.18369
300.00000 7.85456 0.00000 62.18369
300.00000 7.88454 0.00000 62.18369
300.00000 7.91452 0.00000 62.18369
300.00000 7.94450 0.00000 62.18369
300.00000 7.97448 0.00000 62.18369
300.00000 8.00446 0.00000 62.18369
300.00000 8.03444 0.00000 62.18369
300.00000 8.06442 0.00000 62.18369
300.00000 8.09440 0.00000 62.18369
300.00000 8.12438 0.00000 62.18369
300.00000 8.15435 0.00000 62.18369
300.00000 8.18433 0.00000 62.18369
300.00000 8.21431 0.00000 62.18369
300.00000 8.24429 0.00000 62.18369
300.00000 8.27427 0.00000 62.18369
300.00000 8.30425 0.00000 62.18369
300.00000 8.33423 0.00000 62.18369
300.00000 8.36421 0.00000 62.18369
300.00000 8.39419 0.00000 62.18369
300.00000 8.42417 0.01078 62.18401
300.00000 8.45415 0.02582 62.18479
300.00000 8.48413 0.03055 62.18570
300.00000 8.51411 0.03301 62.18669
300.00000 8.54409 0.04389 62.18801
300.00000 8.57406 0.04275 62.18929
300.00000 8.60404 0.02998 62.19019
300.00000 8.63402 0.00917 62.19046
300.00000 8.66400 0.00274 62.19055
300.00000 8.69398 0.03670 62.19165
300.00000 8.72396 0.06517 62.19360
300.00000 8.75394 0.07774 62.19593
300.00000 8.78392 0.06554 62.19790
300.00000 8.81390 0.03008 62.19880
300.00000 8.84388 0.00993 62.19909
300.00000 8.87386 0.01769 62.19962
300.00000 8.90384 0.03603 62.20071
300.00000 8.93382 0.04464 62.20204
300.00000 8.96379 0.05438 62.20367
300.00000 8.99377 0.08342 62.20617
300.00000 9.02375 0.07784 62.20851
300.00000 9.05373 0.10451 62.21164
300.00000 9.08371 0.12503 62.21539
300.00000 9.11369 0.13487 62.21943
300.00000 9.14367 0.13988 62.22363
300.00000 9.17365 0.15558 62.22829
300.00000 9.20363 0.16693 62.23330
300.00000 9.23361 0.17573 62.23856
300.00000 9.26359 0.18377 62.24407
300.00000 9.29357 0.19502 62.24992
300.00000 9.32355 0.20354 62.25602
300.00000 9.35352 0.21035 62.26233
300.00000 9.38350 0.21706 62.26883
300.00000 9.41348 0.22482 62.27557
300.00000 9.44346 0.22973 62.28246
300.00000 9.47344 0.23267 62.28944
300.00000 9.50342 0.23494 62.29648
300.00000 9.53340 0.23598 62.30355
300.00000 9.56338 0.23635 62.31064
300.00000 9.59336 0.23635 62.31773
300.00000 9.62334 0.23427 62.32475
300.00000 9.65332 0.22992 62.33164
300.00000 9.68330 0.22415 62.33836
300.00000 9.71328 0.21734 62.34488
300.00000 9.74325 0.21016 62.35118
300.00000 9.77323 0.20250 62.35725
300.00000 9.80321 0.19039 62.36296
300.00000 9.83319 0.17232 62.36812
300.00000 9.86317 0.15549 62.37278
300.00000 9.89315 0.14537 62.37714
300.00000 9.92313 0.13951 62.38132
300.00000 9.95311 0.13601 62.38540
300.00000 9.98309 0.13572 62.38947
300.00000 10.01307 0.13894 62.39364
300.00000 10.04305 0.14575 62.39801
300.00000 10.07303 0.14858 62.40246
300.00000 10.10301 0.14509 62.40681
300.00000 10.13299 0.13705 62.41092
300.00000 10.16296 0.12863 62.41477
300.00000 10.19294 0.12068 62.41839
300.00000 10.22292 0.11066 62.42171
300.00000 10.25290 0.10120 62.42474
300.00000 10.28288 0.09108 62.42747
300.00000 10.31286 0.08181 62.42993
300.00000 10.34284 0.07235 62.43210
300.00000 10.37282 0.06384 62.43401
300.00000 10.40280 0.05760 62.43574
300.00000 10.43278 0.05202 62.43730
300.00000 10.46276 0.04549 62.43866
300.00000 10.49274 0.03812 62.43980
300.00000 10.52272 0.03121 62.44074
300.00000 10.55269 0.02591 62.44152
300.00000 10.58267 0.01778 62.44205
300.00000 10.61265 0.01003 62.44235
300.00000 10.64263 0.00132 62.44239
300.00000 10.67261 0.00000 62.44239
300.00000 10.70259 0.00000 62.44239
300.00000 10.73257 0.00000 62.44239
300.00000 10.76255 0.00000 62.44239
300.00000 10.79253 0.00000 62.44239
300.00000 10.82251 0.00000 62.44239
300.00000 10.85249 0.00000 62.44239
300.00000 10.88247 0.00000 62.44239
300.00000 10.91245 0.00000 62.44239
300.00000 10.94242 0.00000 62.44239
300.00000 10.97240 0.00000 62.44239
300.00000 11.00238 0.00000 62.44239
300.00000 11.03236 0.00000 62.44239
300.00000 11.06234 0.00000 62.44239
300.00000 11.09232 0.00000 62.44239
300.00000 11.12230 0.00000 62.44239
300.00000 11.15228 0.00000 62.44239
300.00000 11.18226 0.00000 62.44239
300.00000 11.21224 0.00000 62.44239
300.00000 11.24222 0.00000 62.44239
300.00000 11.27220 0.00000 62.44239
300.00000 11.30218 0.00000 62.44239
300.00000 11.33215 0.00000 62.44239
300.00000 11.36213 0.00000 62.44239
300.00000 11.39211 0.00000 62.44239
300.00000 11.42209 0.00000 62.44239
300.00000 11.45207 0.00000 62.44239
300.00000 11.48205 0.00000 62.44239
300.00000 11.51203 0.00000 62.44239
300.00000 11.54201 0.00000 62.44239
300.00000 11.57199 0.00000 62.44239
300.00000 11.60197 0.00000 62.44239
300.00000 11.63195 0.00000 62.44239
300.00000 11.66193 0.00000 62.44239
300.00000 11.69191 0.00000 62.44239
300.00000 11.72189 0.00000 62.44239
300.00000 11.75186 0.00000 62.44239
300.00000 11.78184 0.00000 62.44239
300.00000 11.81182 0.00000 62.44239
300.00000 11.84180 0.00000 62.44239
300.00000 11.87178 0.00000 62.44239
300.00000 11.90176 0.00000 62.44239
300.00000 11.93174 0.00000 62.44239
300.00000 11.96172 0.00000 62.44239
