# 8x8x1 supercell
"q (normalized)" f1 f2 f3 f4 f5 f6 f7 f8 f9
0.00000 0.00000 0.00000 0.00000 5.03041 5.03041 7.24374 8.60680 8.74439 10.64646
0.01000 0.00863 0.05641 0.09155 5.03054 5.03128 7.24342 8.60683 8.74513 10.64603
0.02000 0.01773 0.11281 0.18303 5.03096 5.03387 7.24244 8.60692 8.74729 10.64478
0.03000 0.02771 0.16917 0.27438 5.03166 5.03814 7.24081 8.60708 8.75071 10.64269
0.04000 0.03892 0.22549 0.36554 5.03263 5.04400 7.23854 8.60729 8.75514 10.63978
0.05000 0.05157 0.28173 0.45644 5.03388 5.05136 7.23562 8.60757 8.76027 10.63606
0.06000 0.06583 0.33789 0.54706 5.03540 5.06010 7.23206 8.60792 8.76578 10.63156
0.07000 0.08177 0.39395 0.63733 5.03720 5.07011 7.22786 8.60833 8.77137 10.62628
0.08000 0.09944 0.44988 0.72722 5.03927 5.08129 7.22302 8.60881 8.77676 10.62026
0.09000 0.11885 0.50568 0.81671 5.04162 5.09353 7.21755 8.60936 8.78174 10.61349
0.10000 0.13997 0.56131 0.90575 5.04423 5.10674 7.21146 8.60998 8.78614 10.60601
0.11000 0.16281 0.61677 0.99433 5.04711 5.12086 7.20473 8.61067 8.78987 10.59783
0.12000 0.18734 0.67203 1.08243 5.05025 5.13580 7.19738 8.61144 8.79287 10.58895
0.13000 0.21353 0.72708 1.17001 5.05366 5.15150 7.18941 8.61228 8.79515 10.57941
0.14000 0.24136 0.78189 1.25705 5.05731 5.16793 7.18083 8.61318 8.79672 10.56920
0.15000 0.27080 0.83644 1.34355 5.06122 5.18503 7.17163 8.61416 8.79764 10.55835
0.16000 0.30183 0.89071 1.42947 5.06537 5.20277 7.16184 8.61520 8.79801 10.54686
0.17000 0.33442 0.94468 1.51480 5.06976 5.22110 7.15145 8.61631 8.79790 10.53476
0.18000 0.36854 0.99833 1.59951 5.07438 5.23999 7.14049 8.61747 8.79741 10.52205
0.19000 0.40417 1.05164 1.68359 5.07923 5.25941 7.12897 8.61868 8.79665 10.50874
0.20000 0.44128 1.10459 1.76702 5.08429 5.27933 7.11690 8.61993 8.79571 10.49486
0.21000 0.47982 1.15715 1.84977 5.08956 5.29971 7.10430 8.62121 8.79471 10.48041
0.22000 0.51978 1.20930 1.93183 5.09502 5.32052 7.09121 8.62252 8.79372 10.46541
0.23000 0.56110 1.26103 2.01317 5.10067 5.34173 7.07764 8.62384 8.79283 10.44986
0.24000 0.60374 1.31232 2.09377 5.10650 5.36330 7.06362 8.62515 8.79212 10.43379
0.25000 0.64767 1.36313 2.17361 5.11250 5.38519 7.04918 8.62645 8.79164 10.41720
0.26000 0.69284 1.41346 2.25268 5.11864 5.40738 7.03434 8.62772 8.79147 10.40011
0.27000 0.73920 1.46328 2.33093 5.12493 5.42982 7.01915 8.62895 8.79164 10.38252
0.28000 0.78669 1.51258 2.40836 5.13134 5.45248 7.00364 8.63012 8.79218 10.36446
0.29000 0.83527 1.56134 2.48494 5.13787 5.47532 6.98783 8.63120 8.79312 10.34594
0.30000 0.88488 1.60953 2.56064 5.14450 5.49829 6.97177 8.63220 8.79448 10.32696
0.31000 0.93547 1.65715 2.63545 5.15123 5.52136 6.95548 8.63309 8.79626 10.30754
0.32000 0.98697 1.70417 2.70933 5.15803 5.54448 6.93901 8.63386 8.79846 10.28770
0.33000 1.03932 1.75059 2.78225 5.16490 5.56763 6.92239 8.63448 8.80106 10.26743
0.34000 1.09248 1.79638 2.85421 5.17182 5.59075 6.90564 8.63496 8.80405 10.24677
0.35000 1.14637 1.84153 2.92516 5.17879 5.61382 6.88880 8.63527 8.80741 10.22571
0.36000 1.20094 1.88603 2.99509 5.18579 5.63678 6.87191 8.63540 8.81110 10.20427
0.37000 1.25612 1.92987 3.06396 5.19280 5.65960 6.85499 8.63534 8.81510 10.18247
0.38000 1.31186 1.97303 3.13175 5.19983 5.68225 6.83807 8.63509 8.81937 10.16031
0.39000 1.36809 2.01550 3.19844 5.20686 5.70468 6.82117 8.63463 8.82388 10.13781
0.40000 1.42477 2.05727 3.26399 5.21388 5.72688 6.80434 8.63397 8.82857 10.11498
0.41000 1.48182 2.09833 3.32839 5.22088 5.74878 6.78758 8.63309 8.83341 10.09184
0.42000 1.53920 2.13868 3.39159 5.22786 5.77038 6.77094 8.63200 8.83837 10.06840
0.43000 1.59684 2.17829 3.45358 5.23480 5.79164 6.75442 8.63069 8.84340 10.04468
0.44000 1.65470 2.21717 3.51433 5.24171 5.81252 6.73806 8.62918 8.84846 10.02068
0.45000 1.71273 2.25530 3.57380 5.24858 5.83301 6.72188 8.62745 8.85352 9.99644
0.46000 1.77086 2.29268 3.63197 5.25540 5.85308 6.70590 8.62553 8.85855 9.97196
0.47000 1.82906 2.32929 3.68881 5.26217 5.87269 6.69016 8.62341 8.86351 9.94727
0.48000 1.88727 2.36514 3.74429 5.26888 5.89184 6.67467 8.62111 8.86838 9.92238
0.49000 1.94545 2.40021 3.79839 5.27553 5.91049 6.65946 8.61863 8.87313 9.89731
0.50000 2.00356 2.43451 3.85107 5.28212 5.92863 6.64456 8.61600 8.87774 9.87209
0.51000 2.06154 2.46802 3.90230 5.28865 5.94625 6.63000 8.61322 8.88220 9.84674
0.52000 2.11938 2.50074 3.95206 5.29511 5.96331 6.61580 8.61031 8.88648 9.82128
0.53000 2.17701 2.53266 4.00032 5.30151 5.97982 6.60199 8.60727 8.89058 9.79573
0.54000 2.23440 2.56379 4.04705 5.30783 5.99574 6.58861 8.60414 8.89449 9.77014
0.55000 2.29153 2.59412 4.09222 5.31409 6.01108 6.57568 8.60091 8.89820 9.74451
0.56000 2.34834 2.62365 4.13581 5.32027 6.02582 6.56323 8.59761 8.90172 9.71888
0.57000 2.40481 2.65238 4.17780 5.32637 6.03993 6.55130 8.59426 8.90504 9.69329
0.58000 2.46090 2.68030 4.21816 5.33240 6.05342 6.53992 8.59086 8.90818 9.66775
0.59000 2.51658 2.70742 4.25688 5.33835 6.06628 6.52912 8.58743 8.91112 9.64231
0.60000 2.57181 2.73375 4.29393 5.34422 6.07849 6.51892 8.58398 8.91388 9.61700
0.61000 2.62656 2.75927 4.32931 5.35001 6.09004 6.50936 8.58052 8.91647 9.59184
0.62000 2.68081 2.78400 4.36301 5.35571 6.10093 6.50045 8.57707 8.91890 9.56689
0.63000 2.73451 2.80795 4.39502 5.36132 6.11115 6.49223 8.57363 8.92117 9.54216
0.64000 2.78763 2.83111 4.42533 5.36684 6.12069 6.48472 8.57021 8.92330 9.51770
0.65000 2.84015 2.85349 4.45396 5.37226 6.12954 6.47792 8.56682 8.92530 9.49355
0.66000 2.87511 2.89202 4.48092 5.37759 6.13772 6.47186 8.56347 8.92718 9.46973
0.67000 2.89596 2.94321 4.50621 5.38281 6.14520 6.46654 8.56016 8.92895 9.44628
0.68000 2.91606 2.99369 4.52987 5.38792 6.15200 6.46195 8.55689 8.93062 9.42324
0.69000 2.93542 3.04343 4.55191 5.39292 6.15810 6.45811 8.55366 8.93219 9.40065
0.70000 2.95405 3.09237 4.57238 5.39781 6.16351 6.45499 8.55049 8.93368 9.37854
0.71000 2.97196 3.14050 4.59131 5.40257 6.16825 6.45259 8.54736 8.93510 9.35694
0.72000 2.98916 3.18776 4.60875 5.40721 6.17231 6.45088 8.54428 8.93644 9.33588
0.73000 3.00566 3.23411 4.62476 5.41172 6.17570 6.44984 8.54125 8.93773 9.31539
0.74000 3.02147 3.27951 4.63938 5.41609 6.17845 6.44943 8.53828 8.93896 9.29551
0.75000 3.03661 3.32392 4.65267 5.42032 6.18055 6.44962 8.53535 8.94013 9.27625
0.76000 3.05109 3.36729 4.66472 5.42441 6.18204 6.45036 8.53247 8.94126 9.25765
0.77000 3.06491 3.40957 4.67557 5.42835 6.18293 6.45162 8.52964 8.94234 9.23973
0.78000 3.07810 3.45070 4.68530 5.43213 6.18326 6.45334 8.52687 8.94337 9.22251
0.79000 3.09064 3.49064 4.69399 5.43576 6.18304 6.45548 8.52415 8.94436 9.20600
0.80000 3.10257 3.52933 4.70170 5.43924 6.18232 6.45797 8.52148 8.94531 9.19022
0.81000 3.11388 3.56671 4.70851 5.44255 6.18114 6.46077 8.51888 8.94621 9.17519
0.82000 3.12459 3.60272 4.71449 5.44570 6.17953 6.46382 8.51635 8.94708 9.16093
0.83000 3.13469 3.63730 4.71972 5.44868 6.17755 6.46706 8.51387 8.94789 9.14742
0.84000 3.14421 3.67039 4.72425 5.45149 6.17524 6.47044 8.51148 8.94867 9.13470
0.85000 3.15313 3.70193 4.72816 5.45414 6.17265 6.47392 8.50917 8.94940 9.12275
0.86000 3.16147 3.73184 4.73151 5.45661 6.16984 6.47742 8.50695 8.95009 9.11159
0.87000 3.16923 3.76007 4.73436 5.45891 6.16687 6.48092 8.50483 8.95073 9.10121
0.88000 3.17642 3.78655 4.73677 5.46104 6.16380 6.48436 8.50281 8.95133 9.09162
0.89000 3.18303 3.81121 4.73879 5.46300 6.16068 6.48769 8.50091 8.95188 9.08282
0.90000 3.18906 3.83398 4.74047 5.46478 6.15757 6.49087 8.49913 8.95238 9.07480
0.91000 3.19452 3.85481 4.74186 5.46640 6.15455 6.49387 8.49749 8.95284 9.06756
0.92000 3.19941 3.87363 4.74299 5.46784 6.15165 6.49666 8.49600 8.95324 9.06109
0.93000 3.20372 3.89039 4.74390 5.46911 6.14895 6.49918 8.49465 8.95360 9.05540
0.94000 3.20746 3.90503 4.74462 5.47021 6.14649 6.50143 8.49347 8.95391 9.05048
0.95000 3.21063 3.91750 4.74519 5.47114 6.14433 6.50338 8.49245 8.95418 9.04632
0.96000 3.21322 3.92777 4.74562 5.47190 6.14249 6.50500 8.49161 8.95439 9.04292
0.97000 3.21524 3.93580 4.74594 5.47249 6.14103 6.50628 8.49094 8.95456 9.04029
0.98000 3.21668 3.94155 4.74616 5.47291 6.13996 6.50720 8.49047 8.95468 9.03840
0.99000 3.21755 3.94501 4.74628 5.47316 6.13931 6.50776 8.49018 8.95475 9.03728
1.00000 3.21784 3.94616 4.74632 5.47325 6.13909 6.50794 8.49009 8.95478 9.03690
