&general
 PREFIX = cubic661_9nn
 MODE = opt
 NAT = 108
 NKD = 2; KD = Mo Se 
 TOLERANCE = 1.0e-3
 PERIODIC = 1 1 0
/

&optimize
 DFSET = DFSET_random
 FC2XML = harmonic661.xml

 LMODEL = ols
 NDATA = 200
/

&interaction
 NORDER = 2
/

&cutoff
 *-* None 12.4288
/

&cell
    1.88972612545783
    19.6204642202870     0.0000000000000     0.0000000000000
    -9.8102321101435    16.9918204488122     0.0000000000000
     0.0000000000000     0.0000000000000    18.3452318200640
/

&position
   1     0.00000000000000     0.00000000000000     0.50000000000000
   1     0.00000000000000     0.16666666666667     0.50000000000000
   1     0.00000000000000     0.33333333333333     0.50000000000000
   1     0.00000000000000     0.50000000000000     0.50000000000000
   1     0.00000000000000     0.66666666666667     0.50000000000000
   1     1.00000000000000     0.83333333333333     0.50000000000000
   1     0.16666666666667     0.00000000000000     0.50000000000000
   1     0.16666666666667     0.16666666666667     0.50000000000000
   1     0.16666666666667     0.33333333333333     0.50000000000000
   1     0.16666666666667     0.50000000000000     0.50000000000000
   1     0.16666666666667     0.66666666666667     0.50000000000000
   1     0.16666666666667     0.83333333333333     0.50000000000000
   1     0.33333333333333     0.00000000000000     0.50000000000000
   1     0.33333333333333     0.16666666666667     0.50000000000000
   1     0.33333333333333     0.33333333333333     0.50000000000000
   1     0.33333333333333     0.50000000000000     0.50000000000000
   1     0.33333333333333     0.66666666666667     0.50000000000000
   1     0.33333333333333     0.83333333333333     0.50000000000000
   1     0.50000000000000     0.00000000000000     0.50000000000000
   1     0.50000000000000     0.16666666666667     0.50000000000000
   1     0.50000000000000     0.33333333333333     0.50000000000000
   1     0.50000000000000     0.50000000000000     0.50000000000000
   1     0.50000000000000     0.66666666666667     0.50000000000000
   1     0.50000000000000     0.83333333333333     0.50000000000000
   1     0.66666666666667     0.00000000000000     0.50000000000000
   1     0.66666666666667     0.16666666666667     0.50000000000000
   1     0.66666666666667     0.33333333333333     0.50000000000000
   1     0.66666666666667     0.50000000000000     0.50000000000000
   1     0.66666666666667     0.66666666666667     0.50000000000000
   1     0.66666666666667     0.83333333333333     0.50000000000000
   1     0.83333333333333     0.00000000000000     0.50000000000000
   1     0.83333333333333     0.16666666666667     0.50000000000000
   1     0.83333333333333     0.33333333333333     0.50000000000000
   1     0.83333333333333     0.50000000000000     0.50000000000000
   1     0.83333333333333     0.66666666666667     0.50000000000000
   1     0.83333333333333     0.83333333333333     0.50000000000000
   2     0.05555555555555     0.11111111111111     0.59076650096830
   2     0.05555555555555     0.27777777777778     0.59076650096830
   2     0.05555555555555     0.44444444444444     0.59076650096830
   2     0.05555555555555     0.61111111111111     0.59076650096830
   2     0.05555555555555     0.77777777777778     0.59076650096830
   2     0.05555555555555     0.94444444444444     0.59076650096830
   2     0.22222222222222     0.11111111111111     0.59076650096830
   2     0.22222222222222     0.27777777777778     0.59076650096830
   2     0.22222222222222     0.44444444444444     0.59076650096830
   2     0.22222222222222     0.61111111111111     0.59076650096830
   2     0.22222222222222     0.77777777777778     0.59076650096830
   2     0.22222222222222     0.94444444444444     0.59076650096830
   2     0.38888888888889     0.11111111111111     0.59076650096830
   2     0.38888888888889     0.27777777777778     0.59076650096830
   2     0.38888888888889     0.44444444444444     0.59076650096830
   2     0.38888888888889     0.61111111111111     0.59076650096830
   2     0.38888888888889     0.77777777777778     0.59076650096830
   2     0.38888888888889     0.94444444444444     0.59076650096830
   2     0.55555555555556     0.11111111111111     0.59076650096830
   2     0.55555555555556     0.27777777777778     0.59076650096830
   2     0.55555555555556     0.44444444444444     0.59076650096830
   2     0.55555555555556     0.61111111111111     0.59076650096830
   2     0.55555555555556     0.77777777777778     0.59076650096830
   2     0.55555555555556     0.94444444444444     0.59076650096830
   2     0.72222222222222     0.11111111111111     0.59076650096830
   2     0.72222222222222     0.27777777777778     0.59076650096830
   2     0.72222222222222     0.44444444444444     0.59076650096830
   2     0.72222222222222     0.61111111111111     0.59076650096830
   2     0.72222222222222     0.77777777777778     0.59076650096830
   2     0.72222222222222     0.94444444444444     0.59076650096830
   2     0.88888888888889     0.11111111111111     0.59076650096830
   2     0.88888888888889     0.27777777777778     0.59076650096830
   2     0.88888888888889     0.44444444444444     0.59076650096830
   2     0.88888888888889     0.61111111111111     0.59076650096830
   2     0.88888888888889     0.77777777777778     0.59076650096830
   2     0.88888888888889     0.94444444444444     0.59076650096830
   2     0.05555555555555     0.11111111111111     0.40923349903170
   2     0.05555555555555     0.27777777777778     0.40923349903170
   2     0.05555555555555     0.44444444444444     0.40923349903170
   2     0.05555555555555     0.61111111111111     0.40923349903170
   2     0.05555555555555     0.77777777777778     0.40923349903170
   2     0.05555555555555     0.94444444444444     0.40923349903170
   2     0.22222222222222     0.11111111111111     0.40923349903170
   2     0.22222222222222     0.27777777777778     0.40923349903170
   2     0.22222222222222     0.44444444444444     0.40923349903170
   2     0.22222222222222     0.61111111111111     0.40923349903170
   2     0.22222222222222     0.77777777777778     0.40923349903170
   2     0.22222222222222     0.94444444444444     0.40923349903170
   2     0.38888888888889     0.11111111111111     0.40923349903170
   2     0.38888888888889     0.27777777777778     0.40923349903170
   2     0.38888888888889     0.44444444444444     0.40923349903170
   2     0.38888888888889     0.61111111111111     0.40923349903170
   2     0.38888888888889     0.77777777777778     0.40923349903170
   2     0.38888888888889     0.94444444444444     0.40923349903170
   2     0.55555555555556     0.11111111111111     0.40923349903170
   2     0.55555555555556     0.27777777777778     0.40923349903170
   2     0.55555555555556     0.44444444444444     0.40923349903170
   2     0.55555555555556     0.61111111111111     0.40923349903170
   2     0.55555555555556     0.77777777777778     0.40923349903170
   2     0.55555555555556     0.94444444444444     0.40923349903170
   2     0.72222222222222     0.11111111111111     0.40923349903170
   2     0.72222222222222     0.27777777777778     0.40923349903170
   2     0.72222222222222     0.44444444444444     0.40923349903170
   2     0.72222222222222     0.61111111111111     0.40923349903170
   2     0.72222222222222     0.77777777777778     0.40923349903170
   2     0.72222222222222     0.94444444444444     0.40923349903170
   2     0.88888888888889     0.11111111111111     0.40923349903170
   2     0.88888888888889     0.27777777777778     0.40923349903170
   2     0.88888888888889     0.44444444444444     0.40923349903170
   2     0.88888888888889     0.61111111111111     0.40923349903170
   2     0.88888888888889     0.77777777777778     0.40923349903170
   2     0.88888888888889     0.94444444444444     0.40923349903170
/
