0.00    -12.6460    -0.2084    -0.0208    -0.0208    -0.0208    2.4809    2.4809    2.4809     6.1301     9.1862
0.01    -12.6457    -0.2392    -0.0214    -0.0214     0.0081    2.4818    2.4818    2.4819     6.1319     9.1830
0.02    -12.6448    -0.3046    -0.0234    -0.0234     0.0678    2.4844    2.4844    2.4851     6.1372     9.1734
0.03    -12.6433    -0.3817    -0.0267    -0.0267     0.1353    2.4887    2.4887    2.4903     6.1461     9.1578
0.04    -12.6412    -0.4637    -0.0313    -0.0313     0.2038    2.4947    2.4947    2.4978     6.1585     9.1368
0.05    -12.6385    -0.5487    -0.0371    -0.0371     0.2711    2.5025    2.5025    2.5077     6.1744     9.1110
0.06    -12.6352    -0.6356    -0.0442    -0.0442     0.3364    2.5118    2.5118    2.5200     6.1937     9.0812
0.07    -12.6313    -0.7240    -0.0525    -0.0525     0.3989    2.5228    2.5228    2.5350     6.2164     9.0480
0.08    -12.6268    -0.8137    -0.0619    -0.0619     0.4583    2.5353    2.5353    2.5527     6.2423     9.0120
0.09    -12.6218    -0.9045    -0.0725    -0.0725     0.5143    2.5493    2.5493    2.5735     6.2715     8.9739
0.10    -12.6161    -0.9961    -0.0841    -0.0841     0.5667    2.5647    2.5647    2.5974     6.3038     8.9342
0.11    -12.6098    -1.0885    -0.0967    -0.0967     0.6151    2.5816    2.5816    2.6245     6.3390     8.8933
0.12    -12.6029    -1.1816    -0.1103    -0.1103     0.6596    2.5997    2.5997    2.6551     6.3772     8.8516
0.13    -12.5955    -1.2753    -0.1248    -0.1248     0.6998    2.6190    2.6190    2.6892     6.4182     8.8094
0.14    -12.5874    -1.3694    -0.1402    -0.1402     0.7359    2.6395    2.6395    2.7268     6.4618     8.7670
0.15    -12.5787    -1.4640    -0.1564    -0.1564     0.7678    2.6611    2.6611    2.7680     6.5079     8.7247
0.16    -12.5695    -1.5590    -0.1733    -0.1733     0.7955    2.6838    2.6838    2.8128     6.5564     8.6826
0.17    -12.5597    -1.6542    -0.1909    -0.1909     0.8192    2.7074    2.7074    2.8610     6.6071     8.6410
0.18    -12.5493    -1.7497    -0.2091    -0.2091     0.8389    2.7318    2.7318    2.9125     6.6598     8.6000
0.19    -12.5383    -1.8454    -0.2280    -0.2280     0.8550    2.7570    2.7570    2.9673     6.7143     8.5596
0.20    -12.5267    -1.9413    -0.2473    -0.2473     0.8675    2.7829    2.7829    3.0250     6.7705     8.5202
0.21    -12.5145    -2.0372    -0.2672    -0.2672     0.8767    2.8094    2.8094    3.0856     6.8281     8.4817
0.22    -12.5017    -2.1333    -0.2874    -0.2874     0.8828    2.8365    2.8365    3.1487     6.8870     8.4442
0.23    -12.4884    -2.2294    -0.3081    -0.3081     0.8861    2.8640    2.8640    3.2143     6.9468     8.4079
0.24    -12.4745    -2.3255    -0.3290    -0.3290     0.8868    2.8919    2.8919    3.2821     7.0073     8.3729
0.25    -12.4600    -2.4215    -0.3503    -0.3503     0.8852    2.9202    2.9202    3.3519     7.0682     8.3392
0.26    -12.4450    -2.5174    -0.3718    -0.3718     0.8815    2.9487    2.9487    3.4236     7.1291     8.3069
0.27    -12.4293    -2.6133    -0.3936    -0.3936     0.8759    2.9773    2.9773    3.4969     7.1898     8.2759
0.28    -12.4131    -2.7090    -0.4155    -0.4155     0.8685    3.0061    3.0061    3.5718     7.2499     8.2466
0.29    -12.3964    -2.8046    -0.4376    -0.4376     0.8597    3.0349    3.0349    3.6480     7.3089     8.2189
0.30    -12.3790    -2.8999    -0.4598    -0.4598     0.8494    3.0636    3.0636    3.7255     7.3665     8.1929
0.31    -12.3612    -2.9951    -0.4820    -0.4820     0.8380    3.0923    3.0923    3.8040     7.4221     8.1686
0.32    -12.3427    -3.0900    -0.5043    -0.5043     0.8255    3.1207    3.1207    3.8836     7.4752     8.1461
0.33    -12.3237    -3.1847    -0.5267    -0.5267     0.8120    3.1489    3.1489    3.9641     7.5256     8.1255
0.34    -12.3042    -3.2791    -0.5490    -0.5490     0.7977    3.1768    3.1768    4.0455     7.5725     8.1067
0.35    -12.2841    -3.3731    -0.5713    -0.5713     0.7827    3.2044    3.2044    4.1276     7.6157     8.0898
0.36    -12.2635    -3.4669    -0.5935    -0.5935     0.7671    3.2314    3.2314    4.2104     7.6548     8.0748
0.37    -12.2423    -3.5603    -0.6157    -0.6157     0.7510    3.2580    3.2580    4.2938     7.6893     8.0621
0.38    -12.2206    -3.6533    -0.6377    -0.6377     0.7344    3.2841    3.2841    4.3778     7.7195     8.0514
0.39    -12.1984    -3.7460    -0.6597    -0.6597     0.7175    3.3095    3.3095    4.4624     7.7445     8.0429
0.40    -12.1756    -3.8382    -0.6815    -0.6815     0.7002    3.3343    3.3343    4.5475     7.7647     8.0366
0.41    -12.1524    -3.9300    -0.7031    -0.7031     0.6827    3.3584    3.3584    4.6330     7.7802     8.0325
0.42    -12.1286    -4.0213    -0.7246    -0.7246     0.6650    3.3818    3.3818    4.7189     7.7913     8.0307
0.43    -12.1043    -4.1122    -0.7458    -0.7458     0.6472    3.4044    3.4044    4.8052     7.7981     8.0311
0.44    -12.0796    -4.2026    -0.7669    -0.7669     0.6293    3.4261    3.4261    4.8919     7.8011     8.0339
0.45    -12.0543    -4.2924    -0.7878    -0.7878     0.6113    3.4470    3.4470    4.9789     7.8004     8.0390
0.46    -12.0286    -4.3818    -0.8084    -0.8084     0.5933    3.4670    3.4670    5.0662     7.8006     8.0464
0.47    -12.0023    -4.4706    -0.8288    -0.8288     0.5753    3.4861    3.4861    5.1538     7.7900     8.0563
0.48    -11.9756    -4.5588    -0.8489    -0.8489     0.5574    3.5043    3.5043    5.2416     7.7809     8.0685
0.49    -11.9485    -4.6465    -0.8688    -0.8688     0.5396    3.5216    3.5216    5.3296     7.7701     8.0831
0.50    -11.9209    -4.7336    -0.8884    -0.8884     0.5219    3.5378    3.5378    5.4180     7.7571     8.1001
0.51    -11.8929    -4.8200    -0.9078    -0.9078     0.5043    3.5532    3.5532    5.5063     7.7429     8.1195
0.52    -11.8644    -4.9058    -0.9268    -0.9268     0.4868    3.5675    3.5675    5.5946     7.7274     8.1413
0.53    -11.8355    -4.9910    -0.9455    -0.9455     0.4696    3.5809    3.5809    5.6831     7.7113     8.1654
0.54    -11.8063    -5.0755    -0.9640    -0.9640     0.4525    3.5934    3.5934    5.7714     7.6947     8.1920
0.55    -11.7766    -5.1592    -0.9821    -0.9821     0.4356    3.6050    3.6050    5.8597     7.6777     8.2208
0.56    -11.7466    -5.2423    -0.9999    -0.9999     0.4190    3.6156    3.6156    5.9478     7.6607     8.2520
0.57    -11.7162    -5.3246    -1.0173    -1.0173     0.4026    3.6253    3.6253    6.0355     7.6439     8.2855
0.58    -11.6854    -5.4061    -1.0344    -1.0344     0.3865    3.6341    3.6341    6.1228     7.6277     8.3213
0.59    -11.6544    -5.4869    -1.0512    -1.0512     0.3707    3.6421    3.6421    6.2094     7.6122     8.3593
0.60    -11.6230    -5.5668    -1.0676    -1.0676     0.3551    3.6493    3.6493    6.2950     7.5979     8.3994
0.61    -11.5913    -5.6459    -1.0837    -1.0837     0.3399    3.6556    3.6556    6.3794     7.5853     8.4418
0.62    -11.5594    -5.7241    -1.0994    -1.0994     0.3249    3.6613    3.6613    6.4621     7.5747     8.4862
0.63    -11.5272    -5.8014    -1.1148    -1.1148     0.3102    3.6661    3.6661    6.5426     7.5668     8.5327
0.64    -11.4948    -5.8779    -1.1297    -1.1297     0.2959    3.6703    3.6703    6.6201     7.5624     8.5813
0.65    -11.4622    -5.9533    -1.1443    -1.1443     0.2819    3.6739    3.6739    6.6936     7.5626     8.6318
0.66    -11.4295    -6.0278    -1.1586    -1.1586     0.2682    3.6768    3.6768    6.7620     7.5685     8.6842
0.67    -11.3966    -6.1012    -1.1724    -1.1724     0.2549    3.6791    3.6791    6.8240     7.5816     8.7386
0.68    -11.3635    -6.1735    -1.1859    -1.1859     0.2420    3.6810    3.6810    6.8781     7.6032     8.7947
0.69    -11.3305    -6.2448    -1.1990    -1.1990     0.2293    3.6823    3.6823    6.9232     7.6345     8.8527
0.70    -11.2974    -6.3149    -1.2117    -1.2117     0.2171    3.6831    3.6831    6.9589     7.6761     8.9123
0.71    -11.2643    -6.3839    -1.2240    -1.2240     0.2052    3.6836    3.6836    6.9854     7.7276     8.9736
0.72    -11.2312    -6.4516    -1.2359    -1.2359     0.1937    3.6836    3.6836    7.0038     7.7883     9.0368
0.73    -11.1983    -6.5180    -1.2474    -1.2474     0.1826    3.6833    3.6833    7.0152     7.8566     9.1013
0.74    -11.1655    -6.5831    -1.2585    -1.2585     0.1718    3.6827    3.6827    7.0212     7.9312     9.1673
0.75    -11.1329    -6.6468    -1.2692    -1.2692     0.1614    3.6818    3.6818    7.0230     8.0109     9.2348
0.76    -11.1005    -6.7090    -1.2795    -1.2795     0.1514    3.6807    3.6807    7.0216     8.0944     9.3037
0.77    -11.0684    -6.7698    -1.2894    -1.2894     0.1418    3.6794    3.6794    7.0180     8.1811     9.3739
0.78    -11.0368    -6.8289    -1.2989    -1.2989     0.1326    3.6779    3.6779    7.0128     8.2704     9.4454
0.79    -11.0055    -6.8864    -1.3079    -1.3079     0.1238    3.6763    3.6763    7.0064     8.3616     9.5181
0.80    -10.9748    -6.9422    -1.3166    -1.3166     0.1154    3.6745    3.6745    6.9992     8.4546     9.5919
0.81    -10.9447    -6.9962    -1.3248    -1.3248     0.1073    3.6726    3.6726    6.9916     8.5487     9.6668
0.82    -10.9153    -7.0483    -1.3327    -1.3327     0.0997    3.6707    3.6707    6.9837     8.6441     9.7427
0.83    -10.8866    -7.0984    -1.3401    -1.3401     0.0925    3.6688    3.6688    6.9756     8.7404     9.8195
0.84    -10.8588    -7.1465    -1.3471    -1.3471     0.0857    3.6668    3.6668    6.9677     8.8372     9.8971
0.85    -10.8320    -7.1923    -1.3537    -1.3537     0.0793    3.6649    3.6649    6.9599     8.9348     9.9753
0.86    -10.8062    -7.2359    -1.3598    -1.3598     0.0733    3.6630    3.6630    6.9523     9.0328    10.0540
0.87    -10.7815    -7.2772    -1.3656    -1.3656     0.0677    3.6611    3.6611    6.9450     9.1312    10.1332
0.88    -10.7581    -7.3159    -1.3709    -1.3709     0.0625    3.6593    3.6593    6.9381     9.2297    10.2124
0.89    -10.7361    -7.3521    -1.3758    -1.3758     0.0577    3.6576    3.6576    6.9317     9.3283    10.2916
0.90    -10.7155    -7.3856    -1.3803    -1.3803     0.0533    3.6559    3.6559    6.9257     9.4268    10.3704
0.91    -10.6965    -7.4163    -1.3843    -1.3843     0.0494    3.6544    3.6544    6.9201     9.5250    10.4483
0.92    -10.6792    -7.4441    -1.3879    -1.3879     0.0459    3.6531    3.6531    6.9151     9.6227    10.5249
0.93    -10.6636    -7.4689    -1.3911    -1.3911     0.0427    3.6518    3.6518    6.9107     9.7195    10.5993
0.94    -10.6499    -7.4906    -1.3939    -1.3939     0.0400    3.6507    3.6507    6.9068     9.8146    10.6706
0.95    -10.6381    -7.5091    -1.3963    -1.3963     0.0377    3.6498    3.6498    6.9035     9.9076    10.7435
0.96    -10.6284    -7.5244    -1.3982    -1.3982     0.0359    3.6490    3.6490    6.9007     9.9968    10.8001
0.97    -10.6208    -7.5363    -1.3997    -1.3997     0.0344    3.6484    3.6484    6.8986    10.0796    10.8583
0.98    -10.6153    -7.5449    -1.4007    -1.4007     0.0334    3.6480    3.6480    6.8970    10.1517    10.8881
0.99    -10.6119    -7.5500    -1.4014    -1.4014     0.0328    3.6478    3.6478    6.8961    10.2038    10.7783
1.00    -10.6108    -7.5518    -1.4016    -1.4016     0.0326    3.6477    3.6477    6.8958    10.2232    10.7467