0.00    -12.6460    -0.2084    -0.0208    -0.0208    -0.0208    2.4809    2.4809    2.4809     6.1301     9.1862
0.01    -12.6456    -0.2476    -0.0229    -0.0229     0.0183    2.4794    2.4835    2.4835     6.1325     9.1859
0.02    -12.6444    -0.3253    -0.0291    -0.0291     0.0956    2.4750    2.4912    2.4912     6.1396     9.1796
0.03    -12.6424    -0.4129    -0.0394    -0.0394     0.1826    2.4677    2.5040    2.5040     6.1514     9.1213
0.04    -12.6396    -0.5038    -0.0536    -0.0536     0.2725    2.4576    2.5217    2.5217     6.1679     9.0548
0.05    -12.6360    -0.5962    -0.0716    -0.0716     0.3636    2.4447    2.5442    2.5442     6.1889     8.9875
0.06    -12.6316    -0.6893    -0.0932    -0.0932     0.4552    2.4292    2.5713    2.5713     6.2144     8.9127
0.07    -12.6264    -0.7828    -0.1181    -0.1181     0.5468    2.4112    2.6027    2.6027     6.2443     8.8319
0.08    -12.6204    -0.8766    -0.1461    -0.1461     0.6385    2.3908    2.6382    2.6382     6.2784     8.7440
0.09    -12.6137    -0.9706    -0.1770    -0.1770     0.7298    2.3681    2.6776    2.6776     6.3165     8.6535
0.10    -12.6061    -1.0647    -0.2104    -0.2104     0.8207    2.3433    2.7204    2.7204     6.3585     8.5603
0.11    -12.5977    -1.1588    -0.2462    -0.2462     0.9112    2.3165    2.7667    2.7667     6.4043     8.4648
0.12    -12.5885    -1.2529    -0.2840    -0.2840     1.0012    2.2879    2.8159    2.8159     6.4536     8.3681
0.13    -12.5785    -1.3471    -0.3238    -0.3238     1.0906    2.2577    2.8681    2.8681     6.5065     8.2706
0.14    -12.5678    -1.4412    -0.3651    -0.3651     1.1793    2.2260    2.9228    2.9228     6.5626     8.1729
0.15    -12.5562    -1.5353    -0.4079    -0.4079     1.2672    2.1930    2.9800    2.9800     6.6218     8.0753
0.16    -12.5438    -1.6293    -0.4520    -0.4520     1.3542    2.1587    3.0394    3.0394     6.6840     7.9782
0.17    -12.5307    -1.7233    -0.4972    -0.4972     1.4402    2.1234    3.1009    3.1009     6.7490     7.8819
0.18    -12.5168    -1.8172    -0.5433    -0.5433     1.5251    2.0871    3.1643    3.1643     6.8168     7.7864
0.19    -12.5020    -1.9110    -0.5902    -0.5902     1.6087    2.0501    3.2294    3.2294     6.8871     7.6927
0.20    -12.4865    -2.0048    -0.6377    -0.6377     1.6911    2.0123    3.2962    3.2962     6.9598     7.6007
0.21    -12.4702    -2.0984    -0.6858    -0.6858     1.7719    1.9740    3.3644    3.3644     7.0348     7.5106
0.22    -12.4531    -2.1919    -0.7343    -0.7342     1.8510    1.9353    3.4340    3.4340     7.1121     7.4227
0.23    -12.4352    -2.2853    -0.7831    -0.7831     1.8961    1.9283    3.5049    3.5049     7.1914     7.3374
0.24    -12.4165    -2.3786    -0.8321    -0.8321     1.8567    2.0036    3.5769    3.5769     7.2548     7.2728
0.25    -12.3970    -2.4718    -0.8814    -0.8814     1.8169    2.0767    3.6501    3.6501     7.1752     7.3560
0.26    -12.3767    -2.5648    -0.9307    -0.9307     1.7772    2.1473    3.7243    3.7243     7.0989     7.4411
0.27    -12.3557    -2.6578    -0.9801    -0.9801     1.7374    2.2153    3.7994    3.7994     7.0262     7.5278
0.28    -12.3339    -2.7506    -1.0293    -1.0293     1.6977    2.2804    3.8754    3.8754     6.9573     7.6163
0.29    -12.3112    -2.8433    -1.0785    -1.0785     1.6580    2.3423    3.9522    3.9522     6.8926     7.7062
0.30    -12.2878    -2.9358    -1.1275    -1.1275     1.6185    2.4008    4.0298    4.0298     6.8323     7.7978
0.31    -12.2637    -3.0282    -1.1764    -1.1764     1.5792    2.4556    4.1081    4.1081     6.7769     7.8906
0.32    -12.2387    -3.1204    -1.2249    -1.2249     1.5401    2.5065    4.1871    4.1871     6.7265     7.9848
0.33    -12.2130    -3.2125    -1.2732    -1.2732     1.5014    2.5532    4.2667    4.2667     6.6815     8.0803
0.34    -12.1865    -3.3045    -1.3212    -1.3212     1.4630    2.5954    4.3469    4.3469     6.6421     8.1770
0.35    -12.1592    -3.3963    -1.3689    -1.3689     1.4250    2.6329    4.4276    4.4276     6.6085     8.2748
0.36    -12.1311    -3.4879    -1.4161    -1.4161     1.3874    2.6655    4.5089    4.5089     6.5812     8.3738
0.37    -12.1023    -3.5794    -1.4630    -1.4630     1.3503    2.6929    4.5906    4.5906     6.5601     8.4737
0.38    -12.0727    -3.6707    -1.5094    -1.5094     1.3137    2.7153    4.6728    4.6728     6.5455     8.5747
0.39    -12.0423    -3.7619    -1.5553    -1.5553     1.2776    2.7322    4.7553    4.7553     6.5374     8.6765
0.40    -12.0112    -3.8529    -1.6008    -1.6008     1.2421    2.7439    4.8383    4.8383     6.5359     8.7792
0.41    -11.9793    -3.9438    -1.6457    -1.6457     1.2071    2.7502    4.9216    4.9216     6.5409     8.8826
0.42    -11.9466    -4.0345    -1.6902    -1.6902     1.1728    2.7514    5.0053    5.0053     6.5525     8.9868
0.43    -11.9131    -4.1250    -1.7340    -1.7340     1.1391    2.7475    5.0892    5.0892     6.5703     9.0916
0.44    -11.8789    -4.2153    -1.7774    -1.7774     1.1061    2.7387    5.1735    5.1735     6.5943     9.1970
0.45    -11.8440    -4.3055    -1.8201    -1.8201     1.0737    2.7253    5.2580    5.2580     6.6241     9.3030
0.46    -11.8083    -4.3954    -1.8623    -1.8623     1.0420    2.7075    5.3428    5.3428     6.6596     9.4092
0.47    -11.7718    -4.4852    -1.9038    -1.9038     1.0111    2.6857    5.4279    5.4279     6.7005     9.5160
0.48    -11.7346    -4.5748    -1.9448    -1.9448     0.9808    2.6601    5.5131    5.5131     6.7463     9.6259
0.49    -11.6967    -4.6643    -1.9851    -1.9851     0.9513    2.6312    5.5985    5.5985     6.7969     9.7336
0.50    -11.6580    -4.7535    -2.0247    -2.0247     0.9226    2.5991    5.6842    5.6842     6.8518     9.8383
0.51    -11.6185    -4.8425    -2.0637    -2.0637     0.8947    2.5642    5.7699    5.7699     6.9108     9.9448
0.52    -11.5783    -4.9313    -2.1021    -2.1021     0.8675    2.5268    5.8559    5.8559     6.9735    10.0783
0.53    -11.5374    -5.0199    -2.1398    -2.1398     0.8411    2.4873    5.9419    5.9419     7.0397    10.1971
0.54    -11.4957    -5.1083    -2.1767    -2.1767     0.8156    2.4459    6.0283    6.0283     7.1091    10.2692
0.55    -11.4533    -5.1965    -2.2130    -2.2130     0.7909    2.4028    6.1145    6.1145     7.1813    10.3807
0.56    -11.4102    -5.2845    -2.2486    -2.2486     0.7670    2.3583    6.2009    6.2009     7.2561    10.4641
0.57    -11.3663    -5.3722    -2.2835    -2.2835     0.7440    2.3126    6.2873    6.2873     7.3333    10.5242
0.58    -11.3217    -5.4597    -2.3176    -2.3176     0.7218    2.2660    6.3737    6.3738     7.4127    10.5638
0.59    -11.2764    -5.5470    -2.3511    -2.3511     0.7005    2.2186    6.4602    6.4602     7.4940    10.6053
0.60    -11.2303    -5.6340    -2.3838    -2.3838     0.6801    2.1706    6.5467    6.5467     7.5772    10.6536
0.61    -11.1836    -5.7208    -2.4157    -2.4157     0.6605    2.1222    6.6332    6.6332     7.6619    10.7044
0.62    -11.1361    -5.8073    -2.4470    -2.4470     0.6419    2.0734    6.7197    6.7197     7.7481    10.7547
0.63    -11.0879    -5.8936    -2.4774    -2.4774     0.6241    2.0245    6.8061    6.8061     7.8356    10.8043
0.64    -11.0390    -5.9796    -2.5072    -2.5072     0.6073    1.9756    6.8925    6.8925     7.9244    10.8559
0.65    -10.9895    -6.0653    -2.5361    -2.5361     0.5913    1.9266    6.9787    6.9787     8.0141    10.9103
0.66    -10.9392    -6.1508    -2.5643    -2.5643     0.5763    1.8779    7.0649    7.0649     8.1049    10.9622
0.67    -10.8882    -6.2360    -2.5917    -2.5917     0.5622    1.8294    7.1509    7.1509     8.1964    11.0172
0.68    -10.8365    -6.3209    -2.6184    -2.6184     0.5491    1.7813    7.2367    7.2367     8.2888    11.0764
0.69    -10.7841    -6.4055    -2.6442    -2.6442     0.5369    1.7335    7.3223    7.3223     8.3818    11.1395
0.70    -10.7311    -6.4898    -2.6693    -2.6693     0.5257    1.6863    7.4076    7.4076     8.4753    11.1847
0.71    -10.6773    -6.5738    -2.6936    -2.6936     0.5154    1.6395    7.4926    7.4926     8.5694    11.2420
0.72    -10.6229    -6.6574    -2.7171    -2.7171     0.5061    1.5933    7.5773    7.5773     8.6639    11.3006
0.73    -10.5678    -6.7408    -2.7398    -2.7398     0.4977    1.5478    7.6616    7.6616     8.7587    11.3597
0.74    -10.5121    -6.8238    -2.7617    -2.7617     0.4903    1.5029    7.7454    7.7454     8.8539    11.4206
0.75    -10.4556    -6.9065    -2.7828    -2.7828     0.4839    1.4588    7.8287    7.8287     8.9493    11.4808
0.76    -10.3985    -6.9888    -2.8031    -2.8031     0.4784    1.4154    7.9114    7.9114     9.0449    11.5427
0.77    -10.3408    -7.0708    -2.8226    -2.8226     0.4740    1.3728    7.9934    7.9934     9.1406    11.6072
0.78    -10.2824    -7.1524    -2.8413    -2.8413     0.4705    1.3310    8.0746    8.0746     9.2363    11.6685
0.79    -10.2234    -7.2337    -2.8592    -2.8592     0.4681    1.2900    8.1549    8.1549     9.3321    11.7329
0.80    -10.1637    -7.3146    -2.8762    -2.8762     0.4666    1.2499    8.2343    8.2343     9.4279    11.7996
0.81    -10.1034    -7.3951    -2.8925    -2.8925     0.4661    1.2108    8.3125    8.3125     9.5236    11.8761
0.82    -10.0424    -7.4752    -2.9079    -2.9079     0.4667    1.1725    8.3895    8.3895     9.6191    11.9309
0.83     -9.9808    -7.5550    -2.9225    -2.9225     0.4683    1.1351    8.4652    8.4652     9.7149    12.0543
0.84     -9.9186    -7.6343    -2.9363    -2.9363     0.4708    1.0987    8.5390    8.5390     9.8101    12.0776
0.85     -9.8558    -7.7132    -2.9492    -2.9492     0.4744    1.0632    8.6110    8.6110     9.9049    12.1332
0.86     -9.7924    -7.7917    -2.9613    -2.9613     0.4790    1.0287    8.6810    8.6810     9.9993    12.1018
0.87     -9.7283    -7.8698    -2.9726    -2.9726     0.4846    0.9952    8.7485    8.7485    10.0934    12.1028
0.88     -9.6637    -7.9475    -2.9831    -2.9831     0.4913    0.9627    8.8134    8.8134    10.1870    12.0655
0.89     -9.5984    -8.0247    -2.9927    -2.9927     0.4990    0.9312    8.8754    8.8754    10.2801    11.9867
0.90     -9.5326    -8.1015    -3.0015    -3.0015     0.5077    0.9007    8.9340    8.9340    10.3726    11.9341
0.91     -9.4662    -8.1778    -3.0094    -3.0094     0.5174    0.8712    8.9889    8.9889    10.4644    11.8814
0.92     -9.3992    -8.2536    -3.0166    -3.0166     0.5282    0.8427    9.0396    9.0396    10.5555    11.8215
0.93     -9.3316    -8.3290    -3.0228    -3.0228     0.5401    0.8152    9.0859    9.0859    10.6458    11.7589
0.94     -9.2635    -8.4039    -3.0282    -3.0282     0.5529    0.7888    9.1274    9.1274    10.7354    11.6960
0.95     -9.1948    -8.4784    -3.0329    -3.0329     0.5669    0.7634    9.1632    9.1632    10.8239    11.6476
0.96     -9.1255    -8.5523    -3.0366    -3.0366     0.5818    0.7391    9.1932    9.1932    10.9111    11.5549
0.97     -9.0557    -8.6258    -3.0396    -3.0396     0.5978    0.7158    9.2169    9.2169    10.9972    11.4809
0.98     -8.9854    -8.6987    -3.0417    -3.0417     0.6149    0.6935    9.2342    9.2342    11.0820    11.4049
0.99     -8.9145    -8.7712    -3.0429    -3.0429     0.6330    0.6723    9.2446    9.2446    11.1660    11.3271
1.00     -8.8431    -8.8431    -3.0434    -3.0434     0.6521    0.6521    9.2481    9.2481    11.2468    11.2472