0.00000000	0.00000000	0.00000000	0.00000000	5.01129000	5.01129000	7.18833900	8.58011100	8.69488800	10.54594800
0.01333333	0.02038653	0.13248246	0.20557887	5.01194700	5.01597000	7.18679400	8.57985900	8.70972000	10.54385700
0.02666667	0.04656492	0.26496381	0.41041260	5.01392400	5.02915800	7.18221900	8.57912100	8.74169100	10.53773400
0.04000000	0.08130726	0.39734880	0.61389420	5.01721500	5.04919800	7.17465900	8.57795700	8.77037400	10.52784300
0.05333333	0.12521880	0.52948530	0.81553890	5.02182600	5.07472500	7.16403300	8.57647200	8.78565000	10.51435800
0.06666667	0.17814303	0.66121560	1.01493090	5.02775700	5.10480600	7.15016100	8.57478900	8.78656800	10.49735100
0.08000000	0.23972946	0.79238580	1.21169250	5.03500800	5.13879600	7.13284800	8.57304600	8.77599300	10.47687000
0.09333333	0.30959670	0.92284680	1.40546370	5.04357000	5.17623600	7.11193200	8.57139300	8.75788200	10.45295400
0.10666667	0.38736300	1.05245130	1.59588960	5.05344000	5.21676600	7.08735900	8.56995600	8.73627000	10.42565100
0.12000000	0.47263080	1.18105500	1.78260900	5.06460600	5.26007400	7.05923400	8.56881900	8.71481100	10.39503000
0.13333333	0.56496240	1.30851810	1.96524870	5.07705000	5.30585400	7.02786300	8.56803000	8.69653200	10.36116600
0.14666667	0.66385770	1.43470590	2.14342200	5.09075100	5.35376400	6.99374400	8.56758000	8.68363800	10.32416100
0.16000000	0.76874400	1.55949060	2.31672780	5.10568800	5.40341100	6.95751600	8.56748100	8.67738900	10.28413500
0.17333333	0.87897720	1.68275160	2.48475270	5.12183100	5.45435100	6.91988100	8.56779900	8.67807600	10.24124100
0.18666667	0.99385350	1.80437610	2.64707520	5.13914700	5.50608600	6.88150800	8.56865700	8.68515000	10.19563800
0.20000000	1.11262680	1.92426030	2.80326750	5.15760000	5.55808500	6.84294900	8.57012400	8.69748000	10.14752400
0.21333333	1.23453120	2.04231210	2.95289820	5.17715700	5.60979900	6.80459700	8.57216400	8.71361400	10.09710300
0.22666667	1.35880320	2.15845020	3.09553800	5.19778200	5.66067900	6.76666800	8.57463300	8.73196500	10.04460600
0.24000000	1.48470240	2.27260860	3.23075100	5.21943600	5.71020300	6.72924000	8.57732700	8.75097000	9.99028200
0.25333333	1.61152830	2.38473570	3.35810700	5.24208900	5.75788200	6.69228900	8.58000300	8.76921600	9.93438600
0.26666667	1.73863320	2.49479550	3.47718000	5.26570800	5.80329000	6.65573700	8.58239700	8.78557800	9.87719100
0.28000000	1.86542940	2.60276520	3.58753800	5.29025700	5.84605200	6.61952100	8.58421800	8.79930000	9.81897900
0.29333333	1.99139310	2.70863100	3.68876100	5.31570900	5.88586800	6.58361400	8.58516600	8.81005800	9.76004100
0.30666667	2.11606200	2.81238390	3.78044100	5.34203100	5.92250100	6.54808500	8.58492600	8.81797200	9.70066800
0.32000000	2.23903260	2.91401220	3.86220600	5.36919300	5.95576800	6.51311700	8.58319200	8.82354000	9.64116300
0.33333333	2.35995060	3.01349100	3.93374700	5.39715900	5.98555200	6.47901300	8.57970600	8.82754200	9.58183200
0.34666667	2.47850340	3.11077200	3.99485400	5.42588700	6.01177500	6.44618400	8.57431200	8.83090200	9.52298400
0.36000000	2.59440930	3.20576400	4.04547300	5.45533500	6.03439500	6.41511300	8.56699800	8.83451400	9.46492800
0.37333333	2.70740730	3.29831700	4.08577200	5.48544600	6.05340600	6.38629800	8.55793200	8.83910700	9.40797300
0.38666667	2.81724630	3.38817600	4.11621300	5.51615100	6.06881700	6.36017700	8.54742600	8.84518500	9.35242200
0.40000000	2.92368000	3.47494500	4.13763300	5.54736900	6.08066400	6.33705300	8.53589100	8.85299700	9.29857500
0.41333333	3.02645700	3.55797000	4.15134300	5.57900100	6.08900700	6.31701600	8.52373200	8.86258200	9.24671100
0.42666667	3.12531900	3.63618600	4.15925700	5.61092700	6.09393600	6.29992800	8.51130000	8.87382900	9.19709700
0.44000000	3.21999900	3.70784400	4.16410500	5.64300900	6.09557100	6.28541400	8.49883500	8.88651300	9.14997000
0.45333333	3.31022400	3.77014200	4.16973600	5.67507300	6.09408600	6.27289200	8.48646900	8.90033700	9.10553400
0.46666667	3.39571200	3.81909600	4.18116900	5.70692400	6.08970900	6.26165100	8.47424100	8.91497400	9.06396000
0.48000000	3.47619000	3.85068600	4.20336000	5.73832800	6.08274600	6.25091400	8.46213300	8.93007300	9.02537700
0.49333333	3.55139100	3.86369700	4.23835500	5.76900300	6.07358100	6.23992800	8.45010000	8.94529200	8.98987500
0.50666667	3.62106000	3.86104200	4.28392800	5.79861900	6.06269700	6.22803000	8.43809700	8.95749600	8.96030400
0.52000000	3.68496900	3.84748200	4.33587600	5.82675000	6.05070900	6.21470400	8.42612400	8.92824900	8.97482400
0.53333333	3.74293200	3.82719600	4.39044600	5.85284400	6.03839700	6.19964700	8.41422600	8.90210400	8.98860600
0.54666667	3.79480200	3.80316600	4.44498600	5.87611200	6.02680200	6.18278700	8.40251100	8.87900100	9.00145200
0.56000000	3.77747100	3.84048900	4.49766600	5.89538100	6.01735500	6.16430700	8.39114700	8.85885600	9.01321500
0.57333333	3.75162600	3.87996900	4.54714800	5.90906100	6.01190100	6.14465700	8.38035000	8.84156400	9.02378400
0.58666667	3.72681900	3.91328700	4.59236400	5.91589800	6.01193100	6.12452700	8.37036300	8.82701400	9.03307500
0.60000000	3.70403700	3.94056900	4.63239600	5.91657000	6.01695600	6.10481100	8.36144100	8.81507700	9.04104300
0.61333333	3.68412600	3.96203400	4.66641900	5.91360300	6.02459100	6.08655000	8.35382700	8.80562100	9.04763700
0.62666667	3.66780900	3.97797000	4.69369800	5.90946000	6.03244500	6.07083300	8.34772200	8.79851400	9.05282700
0.64000000	3.65569200	3.98876100	4.71362100	5.90571600	6.03895500	6.05869500	8.34328800	8.79361200	9.05657700
0.65333333	3.64822800	3.99485700	4.72572600	5.90321100	6.04321800	6.05100000	8.34061200	8.79077700	9.05885100
0.66666667	3.64570800	3.99676500	4.72977600	5.90233500	6.04471200	6.04835400	8.33972700	8.78986500	9.05961600
0.67333333	3.64633800	3.99632400	4.72877100	5.90255700	6.04432500	6.04902600	8.33994300	8.79008400	9.05942400
0.68000000	3.64822200	3.99504900	4.72577400	5.90321400	6.04314900	6.05103600	8.34058800	8.79072900	9.05884200
0.68666667	3.65133300	3.99301500	4.72082700	5.90429400	6.04117200	6.05436600	8.34164400	8.79177900	9.05787000
0.69333333	3.65562900	3.99029400	4.71399300	5.90577300	6.03839400	6.05898000	8.34309600	8.79321900	9.05650500
0.70000000	3.66105300	3.98696700	4.70534400	5.90761500	6.03482100	6.06482400	8.34492000	8.79503100	9.05475000
0.70666667	3.66753000	3.98310600	4.69497300	5.90976600	6.03047100	6.07182600	8.34708900	8.79719100	9.05260800
0.71333333	3.67496400	3.97878900	4.68298500	5.91216900	6.02538900	6.07990800	8.34958200	8.79968100	9.05007600
0.72000000	3.68324100	3.97408800	4.66950600	5.91472800	6.01963500	6.08898300	8.35236300	8.80248600	9.04716600
0.72666667	3.69221700	3.96907800	4.65468300	5.91732000	6.01331100	6.09895200	8.35540500	8.80557900	9.04388400
0.73333333	3.70173600	3.96382800	4.63867500	5.91975900	6.00658200	6.10971600	8.35866900	8.80894800	9.04023900
0.74000000	3.71160000	3.95840700	4.62167400	5.92176300	5.99970900	6.12117900	8.36212800	8.81256900	9.03624600
0.74666667	3.72159600	3.95288700	4.60389300	5.92290000	5.99311200	6.13323300	8.36573700	8.81642100	9.03192600
0.75333333	3.73146300	3.94732800	4.58558400	5.92254300	5.98740300	6.14578500	8.36946600	8.82048900	9.02729100
0.76000000	3.74091900	3.94179300	4.56702900	5.91995400	5.98331100	6.15873600	8.37327600	8.82474600	9.02236500
0.76666667	3.74963400	3.93633900	4.54854900	5.91460200	5.98136700	6.17199900	8.37712800	8.82917700	9.01717500
0.77333333	3.75725100	3.93102300	4.53050400	5.90647500	5.98158300	6.18548100	8.38098900	8.83376100	9.01174500
0.78000000	3.76337400	3.92589300	4.51329900	5.89599300	5.98354200	6.19910700	8.38482000	8.83847400	9.00610800
0.78666667	3.76758900	3.92100300	4.49735700	5.88367500	5.98674000	6.21279300	8.38858800	8.84330100	9.00029700
0.79333333	3.76947900	3.91638900	4.48311300	5.86993500	5.99076600	6.22647300	8.39225700	8.84821800	8.99434200
0.80000000	3.76864500	3.91209600	4.47099300	5.85508200	5.99534400	6.24008400	8.39579700	8.85320700	8.98827900
0.80666667	3.76475700	3.90815400	4.46137200	5.83932300	6.00028500	6.25356000	8.39918100	8.85824700	8.98214400
0.81333333	3.75756600	3.90459600	4.45453500	5.82281700	6.00546000	6.26685000	8.40238200	8.86332000	8.97597600
0.82000000	3.74695500	3.90144600	4.45066200	5.80568700	6.01077900	6.27990600	8.40537600	8.86840500	8.96980500
0.82666667	3.73294200	3.89872200	4.44980100	5.78804700	6.01617600	6.29268600	8.40814200	8.87348100	8.96367300
0.83333333	3.71568300	3.89643600	4.45186500	5.76998700	6.02159700	6.30514800	8.41066500	8.87853300	8.95761000
0.84000000	3.69545400	3.89460300	4.45665900	5.75160300	6.02700000	6.31725900	8.41293600	8.88354300	8.95164900
0.84666667	3.67261800	3.89322000	4.46391000	5.73297900	6.03235200	6.32899200	8.41494300	8.88849000	8.94582000
0.85333333	3.64759500	3.89229000	4.47328800	5.71420500	6.03762000	6.34031700	8.41668000	8.89335900	8.94015000
0.86000000	3.62082600	3.89180100	4.48444800	5.69536500	6.04278300	6.35121300	8.41815600	8.89812900	8.93466600
0.86666667	3.59275500	3.89174100	4.49704500	5.67655200	6.04781700	6.36166200	8.41936800	8.90279100	8.92938600
0.87333333	3.56380800	3.89208900	4.51074600	5.65785000	6.05269800	6.37164600	8.42032800	8.90732400	8.92433100
0.88000000	3.53439000	3.89282100	4.52524500	5.63935200	6.05741700	6.38115600	8.42104800	8.91171300	8.91951600
0.88666667	3.50487300	3.89390700	4.54026000	5.62114500	6.06195300	6.39017700	8.42154600	8.91495000	8.91594900
0.89333333	3.47559900	3.89531400	4.55553900	5.60332500	6.06629100	6.39870300	8.42183700	8.91064500	8.92001100
0.90000000	3.44687100	3.89700000	4.57085400	5.58597900	6.07042200	6.40672800	8.42194500	8.90660700	8.92389300
0.90666667	3.41897100	3.89892300	4.58600100	5.56920000	6.07433100	6.41424300	8.42189100	8.90283900	8.92758000
0.91333333	3.39213900	3.90103500	4.60079700	5.55308400	6.07800900	6.42124500	8.42170200	8.89934400	8.93106000
0.92000000	3.36659100	3.90328500	4.61508300	5.53771500	6.08144700	6.42773100	8.42139900	8.89612200	8.93432400
0.92666667	3.34252200	3.90562200	4.62871500	5.52318300	6.08463900	6.43370100	8.42101200	8.89317000	8.93736000
0.93333333	3.32009400	3.90799200	4.64156100	5.50957800	6.08757600	6.43915200	8.42056200	8.89049100	8.94016500
0.94000000	3.29944800	3.91034100	4.65351000	5.49697800	6.09025200	6.44408400	8.42007600	8.88807600	8.94272400
0.94666667	3.28070400	3.91261500	4.66446000	5.48546700	6.09265800	6.44849700	8.41957500	8.88592800	8.94503400
0.95333333	3.26396400	3.91476600	4.67432100	5.47511700	6.09479400	6.45238800	8.41908000	8.88404100	8.94708600
0.96000000	3.24930900	3.91674000	4.68302100	5.46599700	6.09665100	6.45576000	8.41860900	8.88241200	8.94887700
0.96666667	3.23680800	3.91849500	4.69049100	5.45817000	6.09822900	6.45861300	8.41818300	8.88103800	8.95040100
0.97333333	3.22651500	3.91999200	4.69667700	5.45168700	6.09952500	6.46094700	8.41781400	8.87991900	8.95165500
0.98000000	3.21846900	3.92119200	4.70153400	5.44659600	6.10053600	6.46276200	8.41751100	8.87904900	8.95263000
0.98666667	3.21270000	3.92207100	4.70502600	5.44293300	6.10125900	6.46405800	8.41729200	8.87843100	8.95333200
0.99333333	3.20923200	3.92260500	4.70713200	5.44072500	6.10169100	6.46483500	8.41715400	8.87805900	8.95375200
1.00000000	3.20807400	3.92278500	4.70783700	5.43998700	6.10183800	6.46509300	8.41710900	8.87793600	8.95389300