&general
 PREFIX = supercell444conv_0.01
 MODE = optimize
 NAT = 512
 NKD = 1; KD = Ge 
 TOLERANCE = 1.0e-3
/

&interaction
 NORDER = 1
/

&cutoff
 *-* None
/

&cell
    1.88972612545783
    22.8076345366328     0.0000000000000     0.0000000000000
     0.0000000000000    22.8076345366328     0.0000000000000
     0.0000000000000     0.0000000000000    22.8076345366328
/

&position
   1     0.75000000000000     0.00000000000000     0.00000000000000
   1     0.87500000000000     0.12500000000000     0.00000000000000
   1     0.87500000000000     0.00000000000000     0.12500000000000
   1     0.50000000000000     0.00000000000000     0.00000000000000
   1     0.62500000000000     0.12500000000000     0.00000000000000
   1     0.75000000000000     0.25000000000000     0.00000000000000
   1     0.87500000000000     0.37500000000000     0.00000000000000
   1     0.62500000000000     0.00000000000000     0.12500000000000
   1     0.75000000000000     0.12500000000000     0.12500000000000
   1     0.87500000000000     0.25000000000000     0.12500000000000
   1     0.75000000000000     0.00000000000000     0.25000000000000
   1     0.87500000000000     0.12500000000000     0.25000000000000
   1     0.87500000000000     0.00000000000000     0.37500000000000
   1     0.25000000000000     0.00000000000000     0.00000000000000
   1     0.37500000000000     0.12500000000000     0.00000000000000
   1     0.50000000000000     0.25000000000000     0.00000000000000
   1     0.62500000000000     0.37500000000000     0.00000000000000
   1     0.75000000000000     0.50000000000000     0.00000000000000
   1     0.87500000000000     0.62500000000000     0.00000000000000
   1     0.37500000000000     0.00000000000000     0.12500000000000
   1     0.50000000000000     0.12500000000000     0.12500000000000
   1     0.62500000000000     0.25000000000000     0.12500000000000
   1     0.75000000000000     0.37500000000000     0.12500000000000
   1     0.87500000000000     0.50000000000000     0.12500000000000
   1     0.50000000000000     0.00000000000000     0.25000000000000
   1     0.62500000000000     0.12500000000000     0.25000000000000
   1     0.75000000000000     0.25000000000000     0.25000000000000
   1     0.87500000000000     0.37500000000000     0.25000000000000
   1     0.62500000000000     0.00000000000000     0.37500000000000
   1     0.75000000000000     0.12500000000000     0.37500000000000
   1     0.87500000000000     0.25000000000000     0.37500000000000
   1     0.75000000000000     0.00000000000000     0.50000000000000
   1     0.87500000000000     0.12500000000000     0.50000000000000
   1     0.87500000000000     0.00000000000000     0.62500000000000
   1     0.00000000000000     0.00000000000000     0.00000000000000
   1     0.12500000000000     0.12500000000000     0.00000000000000
   1     0.25000000000000     0.25000000000000     0.00000000000000
   1     0.37500000000000     0.37500000000000     0.00000000000000
   1     0.50000000000000     0.50000000000000     0.00000000000000
   1     0.62500000000000     0.62500000000000     0.00000000000000
   1     0.75000000000000     0.75000000000000     0.00000000000000
   1     0.87500000000000     0.87500000000000     0.00000000000000
   1     0.12500000000000     0.00000000000000     0.12500000000000
   1     0.25000000000000     0.12500000000000     0.12500000000000
   1     0.37500000000000     0.25000000000000     0.12500000000000
   1     0.50000000000000     0.37500000000000     0.12500000000000
   1     0.62500000000000     0.50000000000000     0.12500000000000
   1     0.75000000000000     0.62500000000000     0.12500000000000
   1     0.87500000000000     0.75000000000000     0.12500000000000
   1     0.25000000000000     0.00000000000000     0.25000000000000
   1     0.37500000000000     0.12500000000000     0.25000000000000
   1     0.50000000000000     0.25000000000000     0.25000000000000
   1     0.62500000000000     0.37500000000000     0.25000000000000
   1     0.75000000000000     0.50000000000000     0.25000000000000
   1     0.87500000000000     0.62500000000000     0.25000000000000
   1     0.37500000000000     0.00000000000000     0.37500000000000
   1     0.50000000000000     0.12500000000000     0.37500000000000
   1     0.62500000000000     0.25000000000000     0.37500000000000
   1     0.75000000000000     0.37500000000000     0.37500000000000
   1     0.87500000000000     0.50000000000000     0.37500000000000
   1     0.50000000000000     0.00000000000000     0.50000000000000
   1     0.62500000000000     0.12500000000000     0.50000000000000
   1     0.75000000000000     0.25000000000000     0.50000000000000
   1     0.87500000000000     0.37500000000000     0.50000000000000
   1     0.62500000000000     0.00000000000000     0.62500000000000
   1     0.75000000000000     0.12500000000000     0.62500000000000
   1     0.87500000000000     0.25000000000000     0.62500000000000
   1     0.75000000000000     0.00000000000000     0.75000000000000
   1     0.87500000000000     0.12500000000000     0.75000000000000
   1     0.87500000000000     0.00000000000000     0.87500000000000
   1     0.00000000000000     0.25000000000000     0.00000000000000
   1     0.12500000000000     0.37500000000000     0.00000000000000
   1     0.25000000000000     0.50000000000000     0.00000000000000
   1     0.37500000000000     0.62500000000000     0.00000000000000
   1     0.50000000000000     0.75000000000000     0.00000000000000
   1     0.62500000000000     0.87500000000000     0.00000000000000
   1     0.00000000000000     0.12500000000000     0.12500000000000
   1     0.12500000000000     0.25000000000000     0.12500000000000
   1     0.25000000000000     0.37500000000000     0.12500000000000
   1     0.37500000000000     0.50000000000000     0.12500000000000
   1     0.50000000000000     0.62500000000000     0.12500000000000
   1     0.62500000000000     0.75000000000000     0.12500000000000
   1     0.75000000000000     0.87500000000000     0.12500000000000
   1     0.00000000000000     0.00000000000000     0.25000000000000
   1     0.12500000000000     0.12500000000000     0.25000000000000
   1     0.25000000000000     0.25000000000000     0.25000000000000
   1     0.37500000000000     0.37500000000000     0.25000000000000
   1     0.50000000000000     0.50000000000000     0.25000000000000
   1     0.62500000000000     0.62500000000000     0.25000000000000
   1     0.75000000000000     0.75000000000000     0.25000000000000
   1     0.87500000000000     0.87500000000000     0.25000000000000
   1     0.12500000000000     0.00000000000000     0.37500000000000
   1     0.25000000000000     0.12500000000000     0.37500000000000
   1     0.37500000000000     0.25000000000000     0.37500000000000
   1     0.50000000000000     0.37500000000000     0.37500000000000
   1     0.62500000000000     0.50000000000000     0.37500000000000
   1     0.75000000000000     0.62500000000000     0.37500000000000
   1     0.87500000000000     0.75000000000000     0.37500000000000
   1     0.25000000000000     0.00000000000000     0.50000000000000
   1     0.37500000000000     0.12500000000000     0.50000000000000
   1     0.50000000000000     0.25000000000000     0.50000000000000
   1     0.62500000000000     0.37500000000000     0.50000000000000
   1     0.75000000000000     0.50000000000000     0.50000000000000
   1     0.87500000000000     0.62500000000000     0.50000000000000
   1     0.37500000000000     0.00000000000000     0.62500000000000
   1     0.50000000000000     0.12500000000000     0.62500000000000
   1     0.62500000000000     0.25000000000000     0.62500000000000
   1     0.75000000000000     0.37500000000000     0.62500000000000
   1     0.87500000000000     0.50000000000000     0.62500000000000
   1     0.50000000000000     0.00000000000000     0.75000000000000
   1     0.62500000000000     0.12500000000000     0.75000000000000
   1     0.75000000000000     0.25000000000000     0.75000000000000
   1     0.87500000000000     0.37500000000000     0.75000000000000
   1     0.62500000000000     0.00000000000000     0.87500000000000
   1     0.75000000000000     0.12500000000000     0.87500000000000
   1     0.87500000000000     0.25000000000000     0.87500000000000
   1     0.00000000000000     0.50000000000000     0.00000000000000
   1     0.12500000000000     0.62500000000000     0.00000000000000
   1     0.25000000000000     0.75000000000000     0.00000000000000
   1     0.37500000000000     0.87500000000000     0.00000000000000
   1     0.00000000000000     0.37500000000000     0.12500000000000
   1     0.12500000000000     0.50000000000000     0.12500000000000
   1     0.25000000000000     0.62500000000000     0.12500000000000
   1     0.37500000000000     0.75000000000000     0.12500000000000
   1     0.50000000000000     0.87500000000000     0.12500000000000
   1     0.00000000000000     0.25000000000000     0.25000000000000
   1     0.12500000000000     0.37500000000000     0.25000000000000
   1     0.25000000000000     0.50000000000000     0.25000000000000
   1     0.37500000000000     0.62500000000000     0.25000000000000
   1     0.50000000000000     0.75000000000000     0.25000000000000
   1     0.62500000000000     0.87500000000000     0.25000000000000
   1     0.00000000000000     0.12500000000000     0.37500000000000
   1     0.12500000000000     0.25000000000000     0.37500000000000
   1     0.25000000000000     0.37500000000000     0.37500000000000
   1     0.37500000000000     0.50000000000000     0.37500000000000
   1     0.50000000000000     0.62500000000000     0.37500000000000
   1     0.62500000000000     0.75000000000000     0.37500000000000
   1     0.75000000000000     0.87500000000000     0.37500000000000
   1     0.00000000000000     0.00000000000000     0.50000000000000
   1     0.12500000000000     0.12500000000000     0.50000000000000
   1     0.25000000000000     0.25000000000000     0.50000000000000
   1     0.37500000000000     0.37500000000000     0.50000000000000
   1     0.50000000000000     0.50000000000000     0.50000000000000
   1     0.62500000000000     0.62500000000000     0.50000000000000
   1     0.75000000000000     0.75000000000000     0.50000000000000
   1     0.87500000000000     0.87500000000000     0.50000000000000
   1     0.12500000000000     0.00000000000000     0.62500000000000
   1     0.25000000000000     0.12500000000000     0.62500000000000
   1     0.37500000000000     0.25000000000000     0.62500000000000
   1     0.50000000000000     0.37500000000000     0.62500000000000
   1     0.62500000000000     0.50000000000000     0.62500000000000
   1     0.75000000000000     0.62500000000000     0.62500000000000
   1     0.87500000000000     0.75000000000000     0.62500000000000
   1     0.25000000000000     0.00000000000000     0.75000000000000
   1     0.37500000000000     0.12500000000000     0.75000000000000
   1     0.50000000000000     0.25000000000000     0.75000000000000
   1     0.62500000000000     0.37500000000000     0.75000000000000
   1     0.75000000000000     0.50000000000000     0.75000000000000
   1     0.87500000000000     0.62500000000000     0.75000000000000
   1     0.37500000000000     0.00000000000000     0.87500000000000
   1     0.50000000000000     0.12500000000000     0.87500000000000
   1     0.62500000000000     0.25000000000000     0.87500000000000
   1     0.75000000000000     0.37500000000000     0.87500000000000
   1     0.87500000000000     0.50000000000000     0.87500000000000
   1     0.00000000000000     0.75000000000000     0.00000000000000
   1     0.12500000000000     0.87500000000000     0.00000000000000
   1     0.00000000000000     0.62500000000000     0.12500000000000
   1     0.12500000000000     0.75000000000000     0.12500000000000
   1     0.25000000000000     0.87500000000000     0.12500000000000
   1     0.00000000000000     0.50000000000000     0.25000000000000
   1     0.12500000000000     0.62500000000000     0.25000000000000
   1     0.25000000000000     0.75000000000000     0.25000000000000
   1     0.37500000000000     0.87500000000000     0.25000000000000
   1     0.00000000000000     0.37500000000000     0.37500000000000
   1     0.12500000000000     0.50000000000000     0.37500000000000
   1     0.25000000000000     0.62500000000000     0.37500000000000
   1     0.37500000000000     0.75000000000000     0.37500000000000
   1     0.50000000000000     0.87500000000000     0.37500000000000
   1     0.00000000000000     0.25000000000000     0.50000000000000
   1     0.12500000000000     0.37500000000000     0.50000000000000
   1     0.25000000000000     0.50000000000000     0.50000000000000
   1     0.37500000000000     0.62500000000000     0.50000000000000
   1     0.50000000000000     0.75000000000000     0.50000000000000
   1     0.62500000000000     0.87500000000000     0.50000000000000
   1     0.00000000000000     0.12500000000000     0.62500000000000
   1     0.12500000000000     0.25000000000000     0.62500000000000
   1     0.25000000000000     0.37500000000000     0.62500000000000
   1     0.37500000000000     0.50000000000000     0.62500000000000
   1     0.50000000000000     0.62500000000000     0.62500000000000
   1     0.62500000000000     0.75000000000000     0.62500000000000
   1     0.75000000000000     0.87500000000000     0.62500000000000
   1     0.00000000000000     0.00000000000000     0.75000000000000
   1     0.12500000000000     0.12500000000000     0.75000000000000
   1     0.25000000000000     0.25000000000000     0.75000000000000
   1     0.37500000000000     0.37500000000000     0.75000000000000
   1     0.50000000000000     0.50000000000000     0.75000000000000
   1     0.62500000000000     0.62500000000000     0.75000000000000
   1     0.75000000000000     0.75000000000000     0.75000000000000
   1     0.87500000000000     0.87500000000000     0.75000000000000
   1     0.12500000000000     0.00000000000000     0.87500000000000
   1     0.25000000000000     0.12500000000000     0.87500000000000
   1     0.37500000000000     0.25000000000000     0.87500000000000
   1     0.50000000000000     0.37500000000000     0.87500000000000
   1     0.62500000000000     0.50000000000000     0.87500000000000
   1     0.75000000000000     0.62500000000000     0.87500000000000
   1     0.87500000000000     0.75000000000000     0.87500000000000
   1     0.00000000000000     0.87500000000000     0.12500000000000
   1     0.00000000000000     0.75000000000000     0.25000000000000
   1     0.12500000000000     0.87500000000000     0.25000000000000
   1     0.00000000000000     0.62500000000000     0.37500000000000
   1     0.12500000000000     0.75000000000000     0.37500000000000
   1     0.25000000000000     0.87500000000000     0.37500000000000
   1     0.00000000000000     0.50000000000000     0.50000000000000
   1     0.12500000000000     0.62500000000000     0.50000000000000
   1     0.25000000000000     0.75000000000000     0.50000000000000
   1     0.37500000000000     0.87500000000000     0.50000000000000
   1     0.00000000000000     0.37500000000000     0.62500000000000
   1     0.12500000000000     0.50000000000000     0.62500000000000
   1     0.25000000000000     0.62500000000000     0.62500000000000
   1     0.37500000000000     0.75000000000000     0.62500000000000
   1     0.50000000000000     0.87500000000000     0.62500000000000
   1     0.00000000000000     0.25000000000000     0.75000000000000
   1     0.12500000000000     0.37500000000000     0.75000000000000
   1     0.25000000000000     0.50000000000000     0.75000000000000
   1     0.37500000000000     0.62500000000000     0.75000000000000
   1     0.50000000000000     0.75000000000000     0.75000000000000
   1     0.62500000000000     0.87500000000000     0.75000000000000
   1     0.00000000000000     0.12500000000000     0.87500000000000
   1     0.12500000000000     0.25000000000000     0.87500000000000
   1     0.25000000000000     0.37500000000000     0.87500000000000
   1     0.37500000000000     0.50000000000000     0.87500000000000
   1     0.50000000000000     0.62500000000000     0.87500000000000
   1     0.62500000000000     0.75000000000000     0.87500000000000
   1     0.75000000000000     0.87500000000000     0.87500000000000
   1     0.00000000000000     0.87500000000000     0.37500000000000
   1     0.00000000000000     0.75000000000000     0.50000000000000
   1     0.12500000000000     0.87500000000000     0.50000000000000
   1     0.00000000000000     0.62500000000000     0.62500000000000
   1     0.12500000000000     0.75000000000000     0.62500000000000
   1     0.25000000000000     0.87500000000000     0.62500000000000
   1     0.00000000000000     0.50000000000000     0.75000000000000
   1     0.12500000000000     0.62500000000000     0.75000000000000
   1     0.25000000000000     0.75000000000000     0.75000000000000
   1     0.37500000000000     0.87500000000000     0.75000000000000
   1     0.00000000000000     0.37500000000000     0.87500000000000
   1     0.12500000000000     0.50000000000000     0.87500000000000
   1     0.25000000000000     0.62500000000000     0.87500000000000
   1     0.37500000000000     0.75000000000000     0.87500000000000
   1     0.50000000000000     0.87500000000000     0.87500000000000
   1     0.00000000000000     0.87500000000000     0.62500000000000
   1     0.00000000000000     0.75000000000000     0.75000000000000
   1     0.12500000000000     0.87500000000000     0.75000000000000
   1     0.00000000000000     0.62500000000000     0.87500000000000
   1     0.12500000000000     0.75000000000000     0.87500000000000
   1     0.25000000000000     0.87500000000000     0.87500000000000
   1     0.00000000000000     0.87500000000000     0.87500000000000
   1     0.81250000000000     0.06250000000000     0.06250000000000
   1     0.93750000000000     0.18750000000000     0.06250000000000
   1     0.93750000000000     0.06250000000000     0.18750000000000
   1     0.56250000000000     0.06250000000000     0.06250000000000
   1     0.68750000000000     0.18750000000000     0.06250000000000
   1     0.81250000000000     0.31250000000000     0.06250000000000
   1     0.93750000000000     0.43750000000000     0.06250000000000
   1     0.68750000000000     0.06250000000000     0.18750000000000
   1     0.81250000000000     0.18750000000000     0.18750000000000
   1     0.93750000000000     0.31250000000000     0.18750000000000
   1     0.81250000000000     0.06250000000000     0.31250000000000
   1     0.93750000000000     0.18750000000000     0.31250000000000
   1     0.93750000000000     0.06250000000000     0.43750000000000
   1     0.31250000000000     0.06250000000000     0.06250000000000
   1     0.43750000000000     0.18750000000000     0.06250000000000
   1     0.56250000000000     0.31250000000000     0.06250000000000
   1     0.68750000000000     0.43750000000000     0.06250000000000
   1     0.81250000000000     0.56250000000000     0.06250000000000
   1     0.93750000000000     0.68750000000000     0.06250000000000
   1     0.43750000000000     0.06250000000000     0.18750000000000
   1     0.56250000000000     0.18750000000000     0.18750000000000
   1     0.68750000000000     0.31250000000000     0.18750000000000
   1     0.81250000000000     0.43750000000000     0.18750000000000
   1     0.93750000000000     0.56250000000000     0.18750000000000
   1     0.56250000000000     0.06250000000000     0.31250000000000
   1     0.68750000000000     0.18750000000000     0.31250000000000
   1     0.81250000000000     0.31250000000000     0.31250000000000
   1     0.93750000000000     0.43750000000000     0.31250000000000
   1     0.68750000000000     0.06250000000000     0.43750000000000
   1     0.81250000000000     0.18750000000000     0.43750000000000
   1     0.93750000000000     0.31250000000000     0.43750000000000
   1     0.81250000000000     0.06250000000000     0.56250000000000
   1     0.93750000000000     0.18750000000000     0.56250000000000
   1     0.93750000000000     0.06250000000000     0.68750000000000
   1     0.06250000000000     0.06250000000000     0.06250000000000
   1     0.18750000000000     0.18750000000000     0.06250000000000
   1     0.31250000000000     0.31250000000000     0.06250000000000
   1     0.43750000000000     0.43750000000000     0.06250000000000
   1     0.56250000000000     0.56250000000000     0.06250000000000
   1     0.68750000000000     0.68750000000000     0.06250000000000
   1     0.81250000000000     0.81250000000000     0.06250000000000
   1     0.93750000000000     0.93750000000000     0.06250000000000
   1     0.18750000000000     0.06250000000000     0.18750000000000
   1     0.31250000000000     0.18750000000000     0.18750000000000
   1     0.43750000000000     0.31250000000000     0.18750000000000
   1     0.56250000000000     0.43750000000000     0.18750000000000
   1     0.68750000000000     0.56250000000000     0.18750000000000
   1     0.81250000000000     0.68750000000000     0.18750000000000
   1     0.93750000000000     0.81250000000000     0.18750000000000
   1     0.31250000000000     0.06250000000000     0.31250000000000
   1     0.43750000000000     0.18750000000000     0.31250000000000
   1     0.56250000000000     0.31250000000000     0.31250000000000
   1     0.68750000000000     0.43750000000000     0.31250000000000
   1     0.81250000000000     0.56250000000000     0.31250000000000
   1     0.93750000000000     0.68750000000000     0.31250000000000
   1     0.43750000000000     0.06250000000000     0.43750000000000
   1     0.56250000000000     0.18750000000000     0.43750000000000
   1     0.68750000000000     0.31250000000000     0.43750000000000
   1     0.81250000000000     0.43750000000000     0.43750000000000
   1     0.93750000000000     0.56250000000000     0.43750000000000
   1     0.56250000000000     0.06250000000000     0.56250000000000
   1     0.68750000000000     0.18750000000000     0.56250000000000
   1     0.81250000000000     0.31250000000000     0.56250000000000
   1     0.93750000000000     0.43750000000000     0.56250000000000
   1     0.68750000000000     0.06250000000000     0.68750000000000
   1     0.81250000000000     0.18750000000000     0.68750000000000
   1     0.93750000000000     0.31250000000000     0.68750000000000
   1     0.81250000000000     0.06250000000000     0.81250000000000
   1     0.93750000000000     0.18750000000000     0.81250000000000
   1     0.93750000000000     0.06250000000000     0.93750000000000
   1     0.06250000000000     0.31250000000000     0.06250000000000
   1     0.18750000000000     0.43750000000000     0.06250000000000
   1     0.31250000000000     0.56250000000000     0.06250000000000
   1     0.43750000000000     0.68750000000000     0.06250000000000
   1     0.56250000000000     0.81250000000000     0.06250000000000
   1     0.68750000000000     0.93750000000000     0.06250000000000
   1     0.06250000000000     0.18750000000000     0.18750000000000
   1     0.18750000000000     0.31250000000000     0.18750000000000
   1     0.31250000000000     0.43750000000000     0.18750000000000
   1     0.43750000000000     0.56250000000000     0.18750000000000
   1     0.56250000000000     0.68750000000000     0.18750000000000
   1     0.68750000000000     0.81250000000000     0.18750000000000
   1     0.81250000000000     0.93750000000000     0.18750000000000
   1     0.06250000000000     0.06250000000000     0.31250000000000
   1     0.18750000000000     0.18750000000000     0.31250000000000
   1     0.31250000000000     0.31250000000000     0.31250000000000
   1     0.43750000000000     0.43750000000000     0.31250000000000
   1     0.56250000000000     0.56250000000000     0.31250000000000
   1     0.68750000000000     0.68750000000000     0.31250000000000
   1     0.81250000000000     0.81250000000000     0.31250000000000
   1     0.93750000000000     0.93750000000000     0.31250000000000
   1     0.18750000000000     0.06250000000000     0.43750000000000
   1     0.31250000000000     0.18750000000000     0.43750000000000
   1     0.43750000000000     0.31250000000000     0.43750000000000
   1     0.56250000000000     0.43750000000000     0.43750000000000
   1     0.68750000000000     0.56250000000000     0.43750000000000
   1     0.81250000000000     0.68750000000000     0.43750000000000
   1     0.93750000000000     0.81250000000000     0.43750000000000
   1     0.31250000000000     0.06250000000000     0.56250000000000
   1     0.43750000000000     0.18750000000000     0.56250000000000
   1     0.56250000000000     0.31250000000000     0.56250000000000
   1     0.68750000000000     0.43750000000000     0.56250000000000
   1     0.81250000000000     0.56250000000000     0.56250000000000
   1     0.93750000000000     0.68750000000000     0.56250000000000
   1     0.43750000000000     0.06250000000000     0.68750000000000
   1     0.56250000000000     0.18750000000000     0.68750000000000
   1     0.68750000000000     0.31250000000000     0.68750000000000
   1     0.81250000000000     0.43750000000000     0.68750000000000
   1     0.93750000000000     0.56250000000000     0.68750000000000
   1     0.56250000000000     0.06250000000000     0.81250000000000
   1     0.68750000000000     0.18750000000000     0.81250000000000
   1     0.81250000000000     0.31250000000000     0.81250000000000
   1     0.93750000000000     0.43750000000000     0.81250000000000
   1     0.68750000000000     0.06250000000000     0.93750000000000
   1     0.81250000000000     0.18750000000000     0.93750000000000
   1     0.93750000000000     0.31250000000000     0.93750000000000
   1     0.06250000000000     0.56250000000000     0.06250000000000
   1     0.18750000000000     0.68750000000000     0.06250000000000
   1     0.31250000000000     0.81250000000000     0.06250000000000
   1     0.43750000000000     0.93750000000000     0.06250000000000
   1     0.06250000000000     0.43750000000000     0.18750000000000
   1     0.18750000000000     0.56250000000000     0.18750000000000
   1     0.31250000000000     0.68750000000000     0.18750000000000
   1     0.43750000000000     0.81250000000000     0.18750000000000
   1     0.56250000000000     0.93750000000000     0.18750000000000
   1     0.06250000000000     0.31250000000000     0.31250000000000
   1     0.18750000000000     0.43750000000000     0.31250000000000
   1     0.31250000000000     0.56250000000000     0.31250000000000
   1     0.43750000000000     0.68750000000000     0.31250000000000
   1     0.56250000000000     0.81250000000000     0.31250000000000
   1     0.68750000000000     0.93750000000000     0.31250000000000
   1     0.06250000000000     0.18750000000000     0.43750000000000
   1     0.18750000000000     0.31250000000000     0.43750000000000
   1     0.31250000000000     0.43750000000000     0.43750000000000
   1     0.43750000000000     0.56250000000000     0.43750000000000
   1     0.56250000000000     0.68750000000000     0.43750000000000
   1     0.68750000000000     0.81250000000000     0.43750000000000
   1     0.81250000000000     0.93750000000000     0.43750000000000
   1     0.06250000000000     0.06250000000000     0.56250000000000
   1     0.18750000000000     0.18750000000000     0.56250000000000
   1     0.31250000000000     0.31250000000000     0.56250000000000
   1     0.43750000000000     0.43750000000000     0.56250000000000
   1     0.56250000000000     0.56250000000000     0.56250000000000
   1     0.68750000000000     0.68750000000000     0.56250000000000
   1     0.81250000000000     0.81250000000000     0.56250000000000
   1     0.93750000000000     0.93750000000000     0.56250000000000
   1     0.18750000000000     0.06250000000000     0.68750000000000
   1     0.31250000000000     0.18750000000000     0.68750000000000
   1     0.43750000000000     0.31250000000000     0.68750000000000
   1     0.56250000000000     0.43750000000000     0.68750000000000
   1     0.68750000000000     0.56250000000000     0.68750000000000
   1     0.81250000000000     0.68750000000000     0.68750000000000
   1     0.93750000000000     0.81250000000000     0.68750000000000
   1     0.31250000000000     0.06250000000000     0.81250000000000
   1     0.43750000000000     0.18750000000000     0.81250000000000
   1     0.56250000000000     0.31250000000000     0.81250000000000
   1     0.68750000000000     0.43750000000000     0.81250000000000
   1     0.81250000000000     0.56250000000000     0.81250000000000
   1     0.93750000000000     0.68750000000000     0.81250000000000
   1     0.43750000000000     0.06250000000000     0.93750000000000
   1     0.56250000000000     0.18750000000000     0.93750000000000
   1     0.68750000000000     0.31250000000000     0.93750000000000
   1     0.81250000000000     0.43750000000000     0.93750000000000
   1     0.93750000000000     0.56250000000000     0.93750000000000
   1     0.06250000000000     0.81250000000000     0.06250000000000
   1     0.18750000000000     0.93750000000000     0.06250000000000
   1     0.06250000000000     0.68750000000000     0.18750000000000
   1     0.18750000000000     0.81250000000000     0.18750000000000
   1     0.31250000000000     0.93750000000000     0.18750000000000
   1     0.06250000000000     0.56250000000000     0.31250000000000
   1     0.18750000000000     0.68750000000000     0.31250000000000
   1     0.31250000000000     0.81250000000000     0.31250000000000
   1     0.43750000000000     0.93750000000000     0.31250000000000
   1     0.06250000000000     0.43750000000000     0.43750000000000
   1     0.18750000000000     0.56250000000000     0.43750000000000
   1     0.31250000000000     0.68750000000000     0.43750000000000
   1     0.43750000000000     0.81250000000000     0.43750000000000
   1     0.56250000000000     0.93750000000000     0.43750000000000
   1     0.06250000000000     0.31250000000000     0.56250000000000
   1     0.18750000000000     0.43750000000000     0.56250000000000
   1     0.31250000000000     0.56250000000000     0.56250000000000
   1     0.43750000000000     0.68750000000000     0.56250000000000
   1     0.56250000000000     0.81250000000000     0.56250000000000
   1     0.68750000000000     0.93750000000000     0.56250000000000
   1     0.06250000000000     0.18750000000000     0.68750000000000
   1     0.18750000000000     0.31250000000000     0.68750000000000
   1     0.31250000000000     0.43750000000000     0.68750000000000
   1     0.43750000000000     0.56250000000000     0.68750000000000
   1     0.56250000000000     0.68750000000000     0.68750000000000
   1     0.68750000000000     0.81250000000000     0.68750000000000
   1     0.81250000000000     0.93750000000000     0.68750000000000
   1     0.06250000000000     0.06250000000000     0.81250000000000
   1     0.18750000000000     0.18750000000000     0.81250000000000
   1     0.31250000000000     0.31250000000000     0.81250000000000
   1     0.43750000000000     0.43750000000000     0.81250000000000
   1     0.56250000000000     0.56250000000000     0.81250000000000
   1     0.68750000000000     0.68750000000000     0.81250000000000
   1     0.81250000000000     0.81250000000000     0.81250000000000
   1     0.93750000000000     0.93750000000000     0.81250000000000
   1     0.18750000000000     0.06250000000000     0.93750000000000
   1     0.31250000000000     0.18750000000000     0.93750000000000
   1     0.43750000000000     0.31250000000000     0.93750000000000
   1     0.56250000000000     0.43750000000000     0.93750000000000
   1     0.68750000000000     0.56250000000000     0.93750000000000
   1     0.81250000000000     0.68750000000000     0.93750000000000
   1     0.93750000000000     0.81250000000000     0.93750000000000
   1     0.06250000000000     0.93750000000000     0.18750000000000
   1     0.06250000000000     0.81250000000000     0.31250000000000
   1     0.18750000000000     0.93750000000000     0.31250000000000
   1     0.06250000000000     0.68750000000000     0.43750000000000
   1     0.18750000000000     0.81250000000000     0.43750000000000
   1     0.31250000000000     0.93750000000000     0.43750000000000
   1     0.06250000000000     0.56250000000000     0.56250000000000
   1     0.18750000000000     0.68750000000000     0.56250000000000
   1     0.31250000000000     0.81250000000000     0.56250000000000
   1     0.43750000000000     0.93750000000000     0.56250000000000
   1     0.06250000000000     0.43750000000000     0.68750000000000
   1     0.18750000000000     0.56250000000000     0.68750000000000
   1     0.31250000000000     0.68750000000000     0.68750000000000
   1     0.43750000000000     0.81250000000000     0.68750000000000
   1     0.56250000000000     0.93750000000000     0.68750000000000
   1     0.06250000000000     0.31250000000000     0.81250000000000
   1     0.18750000000000     0.43750000000000     0.81250000000000
   1     0.31250000000000     0.56250000000000     0.81250000000000
   1     0.43750000000000     0.68750000000000     0.81250000000000
   1     0.56250000000000     0.81250000000000     0.81250000000000
   1     0.68750000000000     0.93750000000000     0.81250000000000
   1     0.06250000000000     0.18750000000000     0.93750000000000
   1     0.18750000000000     0.31250000000000     0.93750000000000
   1     0.31250000000000     0.43750000000000     0.93750000000000
   1     0.43750000000000     0.56250000000000     0.93750000000000
   1     0.56250000000000     0.68750000000000     0.93750000000000
   1     0.68750000000000     0.81250000000000     0.93750000000000
   1     0.81250000000000     0.93750000000000     0.93750000000000
   1     0.06250000000000     0.93750000000000     0.43750000000000
   1     0.06250000000000     0.81250000000000     0.56250000000000
   1     0.18750000000000     0.93750000000000     0.56250000000000
   1     0.06250000000000     0.68750000000000     0.68750000000000
   1     0.18750000000000     0.81250000000000     0.68750000000000
   1     0.31250000000000     0.93750000000000     0.68750000000000
   1     0.06250000000000     0.56250000000000     0.81250000000000
   1     0.18750000000000     0.68750000000000     0.81250000000000
   1     0.31250000000000     0.81250000000000     0.81250000000000
   1     0.43750000000000     0.93750000000000     0.81250000000000
   1     0.06250000000000     0.43750000000000     0.93750000000000
   1     0.18750000000000     0.56250000000000     0.93750000000000
   1     0.31250000000000     0.68750000000000     0.93750000000000
   1     0.43750000000000     0.81250000000000     0.93750000000000
   1     0.56250000000000     0.93750000000000     0.93750000000000
   1     0.06250000000000     0.93750000000000     0.68750000000000
   1     0.06250000000000     0.81250000000000     0.81250000000000
   1     0.18750000000000     0.93750000000000     0.81250000000000
   1     0.06250000000000     0.68750000000000     0.93750000000000
   1     0.18750000000000     0.81250000000000     0.93750000000000
   1     0.31250000000000     0.93750000000000     0.93750000000000
   1     0.06250000000000     0.93750000000000     0.93750000000000
/

&optimize
 DFSET = DFSET_ENCUT300
/

