# Filename: vasprun_disp1_ENCUT300.xml, Snapshot: 1, E_pot (eV): -2506.57541566
      0.0188973       0.0000000       0.0000000      -4.24693717E-03  0.00000000E+00  0.00000000E+00
      0.0000000       0.0000000       0.0000000       5.52828827E-05  4.60269339E-05  2.99369540E-05
      0.0000000       0.0000000       0.0000000       5.52828827E-05  2.99369540E-05  4.60269339E-05
      0.0000000       0.0000000       0.0000000       2.27217634E-06  0.00000000E+00  0.00000000E+00
      0.0000000       0.0000000       0.0000000       5.44661127E-05 -4.53042870E-05  2.97164261E-05
      0.0000000       0.0000000       0.0000000       7.03666798E-06  1.08902666E-08  1.16681428E-09
      0.0000000       0.0000000       0.0000000       3.04888571E-06 -2.41141618E-07 -8.71221329E-08
      0.0000000       0.0000000       0.0000000       5.44661127E-05  2.97164261E-05 -4.53042870E-05
      0.0000000       0.0000000       0.0000000      -1.29646679E-04 -2.99330646E-05 -2.99330646E-05
      0.0000000       0.0000000       0.0000000       6.75935512E-06  4.68709296E-06 -1.12492565E-05
      0.0000000       0.0000000       0.0000000       7.03666798E-06  1.16681428E-09  1.08902666E-08
      0.0000000       0.0000000       0.0000000       6.75935512E-06 -1.12492565E-05  4.68709296E-06
      0.0000000       0.0000000       0.0000000       3.04888571E-06 -8.71221329E-08 -2.41141618E-07
      0.0000000       0.0000000       0.0000000       1.30605412E-06  0.00000000E+00  0.00000000E+00
      0.0000000       0.0000000       0.0000000       1.33094615E-06  2.39196927E-07 -5.68238554E-07
      0.0000000       0.0000000       0.0000000      -5.56181473E-08 -3.03682863E-06  6.95343523E-06
      0.0000000       0.0000000       0.0000000       3.05977598E-06  2.45419937E-07 -7.70097424E-08
      0.0000000       0.0000000       0.0000000       2.23367147E-06  0.00000000E+00  0.00000000E+00
      0.0000000       0.0000000       0.0000000       3.04888571E-06  2.41141618E-07  8.71221329E-08
      0.0000000       0.0000000       0.0000000       1.33094615E-06 -5.68238554E-07  2.39196927E-07
      0.0000000       0.0000000       0.0000000       1.27766164E-06 -4.67775845E-06 -4.67775845E-06
      0.0000000       0.0000000       0.0000000       6.75157636E-06 -2.57593699E-06  1.12916507E-05
      0.0000000       0.0000000       0.0000000       2.90575649E-06  5.74461564E-07  7.77876186E-08
      0.0000000       0.0000000       0.0000000       1.84201081E-06  1.40017714E-07 -8.86778852E-08
      0.0000000       0.0000000       0.0000000      -5.56181473E-08  6.95343523E-06 -3.03682863E-06
      0.0000000       0.0000000       0.0000000       6.75157636E-06  1.12916507E-05 -2.57593699E-06
      0.0000000       0.0000000       0.0000000      -3.87378451E-05 -6.97871620E-06 -6.97871620E-06
      0.0000000       0.0000000       0.0000000       1.76733470E-06  1.96841569E-06 -3.16906758E-06
      0.0000000       0.0000000       0.0000000       3.05977598E-06 -7.70097424E-08  2.45419937E-07
      0.0000000       0.0000000       0.0000000       2.90575649E-06  7.77876186E-08  5.74461564E-07
      0.0000000       0.0000000       0.0000000       1.76733470E-06 -3.16906758E-06  1.96841569E-06
      0.0000000       0.0000000       0.0000000       2.23367147E-06  0.00000000E+00  0.00000000E+00
      0.0000000       0.0000000       0.0000000       1.84201081E-06 -8.86778852E-08  1.40017714E-07
      0.0000000       0.0000000       0.0000000       3.04888571E-06  8.71221329E-08  2.41141618E-07
      0.0000000       0.0000000       0.0000000       2.26984271E-06  0.00000000E+00  0.00000000E+00
      0.0000000       0.0000000       0.0000000       1.33172403E-06 -2.48142503E-07 -5.78739883E-07
      0.0000000       0.0000000       0.0000000       9.30339919E-07 -3.88938093E-09 -3.57434108E-07
      0.0000000       0.0000000       0.0000000       3.57823046E-08 -1.84473338E-06  1.57869972E-06
      0.0000000       0.0000000       0.0000000       1.53358290E-06  0.00000000E+00  0.00000000E+00
      0.0000000       0.0000000       0.0000000       3.05977598E-06 -2.45419937E-07  7.70097424E-08
      0.0000000       0.0000000       0.0000000       7.03666798E-06 -1.08902666E-08 -1.16681428E-09
      0.0000000       0.0000000       0.0000000       5.52828827E-05 -4.60269339E-05 -2.99369540E-05
      0.0000000       0.0000000       0.0000000       1.33172403E-06 -5.78739883E-07 -2.48142503E-07
      0.0000000       0.0000000       0.0000000       1.04624347E-06 -1.44296033E-07 -1.44296033E-07
      0.0000000       0.0000000       0.0000000       6.43303606E-07 -4.37166417E-07 -1.96219268E-06
      0.0000000       0.0000000       0.0000000       9.99959837E-07 -1.02990807E-06  3.18579192E-06
      0.0000000       0.0000000       0.0000000       1.84551125E-06  1.44684971E-07  8.40106281E-08
      0.0000000       0.0000000       0.0000000       2.91509101E-06  5.71350059E-07 -8.59553186E-08
      0.0000000       0.0000000       0.0000000       6.73640777E-06 -2.56426885E-06 -1.11792476E-05
      0.0000000       0.0000000       0.0000000       9.30339919E-07 -3.57434108E-07 -3.88938093E-09
      0.0000000       0.0000000       0.0000000       6.43303606E-07 -1.96219268E-06 -4.37166417E-07
      0.0000000       0.0000000       0.0000000       1.75138823E-06  1.35350456E-07  1.35350456E-07
      0.0000000       0.0000000       0.0000000       1.76033381E-06 -8.96891243E-07  3.74469596E-06
      0.0000000       0.0000000       0.0000000       1.84978957E-06  3.56656231E-07 -3.11150474E-09
      0.0000000       0.0000000       0.0000000       1.78055859E-06 -9.07781509E-07 -3.73847295E-06
      0.0000000       0.0000000       0.0000000       3.57823046E-08  1.57869972E-06 -1.84473338E-06
      0.0000000       0.0000000       0.0000000       9.99959837E-07  3.18579192E-06 -1.02990807E-06
      0.0000000       0.0000000       0.0000000       1.76033381E-06  3.74469596E-06 -8.96891243E-07
      0.0000000       0.0000000       0.0000000      -1.32238952E-05 -1.59503512E-06 -1.59503512E-06
      0.0000000       0.0000000       0.0000000       6.66639892E-07  2.31807103E-07 -2.64672372E-06
      0.0000000       0.0000000       0.0000000       1.53358290E-06  0.00000000E+00  0.00000000E+00
      0.0000000       0.0000000       0.0000000       1.84551125E-06  8.40106281E-08  1.44684971E-07
      0.0000000       0.0000000       0.0000000       1.84978957E-06 -3.11150474E-09  3.56656231E-07
      0.0000000       0.0000000       0.0000000       6.66639892E-07 -2.64672372E-06  2.31807103E-07
      0.0000000       0.0000000       0.0000000       3.05977598E-06  7.70097424E-08 -2.45419937E-07
      0.0000000       0.0000000       0.0000000       2.91509101E-06 -8.59553186E-08  5.71350059E-07
      0.0000000       0.0000000       0.0000000       1.78055859E-06 -3.73847295E-06 -9.07781509E-07
      0.0000000       0.0000000       0.0000000       7.03666798E-06 -1.16681428E-09 -1.08902666E-08
      0.0000000       0.0000000       0.0000000       6.73640777E-06 -1.11792476E-05 -2.56426885E-06
      0.0000000       0.0000000       0.0000000       5.52828827E-05 -2.99369540E-05 -4.60269339E-05
      0.0000000       0.0000000       0.0000000       1.24460190E-08  3.06911049E-06  7.02811134E-06
      0.0000000       0.0000000       0.0000000       4.78393855E-08  1.85173426E-06  1.61876034E-06
      0.0000000       0.0000000       0.0000000      -3.16984546E-07  0.00000000E+00  0.00000000E+00
      0.0000000       0.0000000       0.0000000       3.57823046E-08  1.84473338E-06 -1.57869972E-06
      0.0000000       0.0000000       0.0000000      -5.56181473E-08  3.03682863E-06 -6.95343523E-06
      0.0000000       0.0000000       0.0000000       5.44661127E-05  4.53042870E-05 -2.97164261E-05
      0.0000000       0.0000000       0.0000000       1.27882845E-06  2.57865956E-06  2.57865956E-06
      0.0000000       0.0000000       0.0000000       6.42914668E-07  1.03690896E-06  9.01169562E-07
      0.0000000       0.0000000       0.0000000       3.22429679E-07  1.80078337E-07 -2.30640289E-07
      0.0000000       0.0000000       0.0000000       3.31764193E-07 -1.72299575E-07  2.65333567E-06
      0.0000000       0.0000000       0.0000000       9.85569128E-07  4.43000488E-07  3.73419463E-06
      0.0000000       0.0000000       0.0000000       6.72824007E-06  4.71509650E-06  1.12181414E-05
      0.0000000       0.0000000       0.0000000      -1.29180342E-04 -2.97175929E-05  2.97175929E-05
      0.0000000       0.0000000       0.0000000       1.24460190E-08  7.02811134E-06  3.06911049E-06
      0.0000000       0.0000000       0.0000000       6.42914668E-07  9.01169562E-07  1.03690896E-06
      0.0000000       0.0000000       0.0000000       5.74850502E-07  1.45462847E-07  1.45462847E-07
      0.0000000       0.0000000       0.0000000       8.92612924E-07  5.75628378E-07  6.07910240E-07
      0.0000000       0.0000000       0.0000000       2.78090737E-07 -1.35739394E-07  2.34646352E-06
      0.0000000       0.0000000       0.0000000       1.77161301E-06  1.98086171E-06  3.16206670E-06
      0.0000000       0.0000000       0.0000000      -3.85678792E-05 -7.00710869E-06  7.00710869E-06
      0.0000000       0.0000000       0.0000000       6.73640777E-06  1.11792476E-05  2.56426885E-06
      0.0000000       0.0000000       0.0000000       4.78393855E-08  1.61876034E-06  1.85173426E-06
      0.0000000       0.0000000       0.0000000       3.22429679E-07 -2.30640289E-07  1.80078337E-07
      0.0000000       0.0000000       0.0000000       8.92612924E-07  6.07910240E-07  5.75628378E-07
      0.0000000       0.0000000       0.0000000       9.23339033E-07  6.46026173E-07  6.46026173E-07
      0.0000000       0.0000000       0.0000000       6.59250068E-07  2.41141618E-07  2.64827948E-06
      0.0000000       0.0000000       0.0000000      -1.31877239E-05 -1.60048025E-06  1.60048025E-06
      0.0000000       0.0000000       0.0000000       1.78055859E-06  3.73847295E-06  9.07781509E-07
      0.0000000       0.0000000       0.0000000      -3.16984546E-07  0.00000000E+00  0.00000000E+00
      0.0000000       0.0000000       0.0000000       3.31764193E-07  2.65333567E-06 -1.72299575E-07
      0.0000000       0.0000000       0.0000000       2.78090737E-07  2.34646352E-06 -1.35739394E-07
      0.0000000       0.0000000       0.0000000       6.59250068E-07  2.64827948E-06  2.41141618E-07
      0.0000000       0.0000000       0.0000000      -1.65983221E-05  0.00000000E+00  0.00000000E+00
      0.0000000       0.0000000       0.0000000       6.66639892E-07  2.64672372E-06 -2.31807103E-07
      0.0000000       0.0000000       0.0000000       3.57823046E-08 -1.57869972E-06  1.84473338E-06
      0.0000000       0.0000000       0.0000000       9.85569128E-07  3.73419463E-06  4.43000488E-07
      0.0000000       0.0000000       0.0000000       1.77161301E-06  3.16206670E-06  1.98086171E-06
      0.0000000       0.0000000       0.0000000      -1.31877239E-05  1.60048025E-06 -1.60048025E-06
      0.0000000       0.0000000       0.0000000       6.66639892E-07 -2.31807103E-07  2.64672372E-06
      0.0000000       0.0000000       0.0000000      -5.56181473E-08 -6.95343523E-06  3.03682863E-06
      0.0000000       0.0000000       0.0000000       6.72824007E-06  1.12181414E-05  4.71509650E-06
      0.0000000       0.0000000       0.0000000      -3.85678792E-05  7.00710869E-06 -7.00710869E-06
      0.0000000       0.0000000       0.0000000       1.78055859E-06  9.07781509E-07  3.73847295E-06
      0.0000000       0.0000000       0.0000000       5.44661127E-05 -2.97164261E-05  4.53042870E-05
      0.0000000       0.0000000       0.0000000      -1.29180342E-04  2.97175929E-05 -2.97175929E-05
      0.0000000       0.0000000       0.0000000       6.73640777E-06  2.56426885E-06  1.11792476E-05
      0.0000000       0.0000000       0.0000000       1.52424839E-06  0.00000000E+00  0.00000000E+00
      0.0000000       0.0000000       0.0000000       4.78393855E-08 -1.85173426E-06 -1.61876034E-06
      0.0000000       0.0000000       0.0000000       9.30339919E-07  3.88938093E-09  3.57434108E-07
      0.0000000       0.0000000       0.0000000       1.33094615E-06 -2.39196927E-07  5.68238554E-07
      0.0000000       0.0000000       0.0000000       9.90236385E-07  4.24331460E-07 -3.74702959E-06
      0.0000000       0.0000000       0.0000000       3.27096936E-07 -1.85912409E-07 -2.64166753E-06
      0.0000000       0.0000000       0.0000000       3.38765079E-07  1.78133647E-07  2.43864184E-07
      0.0000000       0.0000000       0.0000000       6.60027944E-07  1.02951913E-06 -9.02336376E-07
      0.0000000       0.0000000       0.0000000       1.31305500E-06  2.56271310E-06 -2.56271310E-06
      0.0000000       0.0000000       0.0000000       1.75488868E-06 -1.33016828E-07 -1.33016828E-07
      0.0000000       0.0000000       0.0000000       8.91835047E-07 -5.75239440E-07 -6.46415111E-07
      0.0000000       0.0000000       0.0000000       1.21115322E-06  7.77876186E-10  1.94469047E-09
      0.0000000       0.0000000       0.0000000       9.03114252E-07 -5.67849616E-07  6.36691658E-07
      0.0000000       0.0000000       0.0000000       1.77083514E-06 -1.16681428E-07  1.16681428E-07
      0.0000000       0.0000000       0.0000000       6.72824007E-06 -1.12181414E-05 -4.71509650E-06
      0.0000000       0.0000000       0.0000000       9.90236385E-07 -3.74702959E-06  4.24331460E-07
      0.0000000       0.0000000       0.0000000       8.91835047E-07 -6.46415111E-07 -5.75239440E-07
      0.0000000       0.0000000       0.0000000       1.30333155E-06 -2.06137189E-08 -2.06137189E-08
      0.0000000       0.0000000       0.0000000       1.38384174E-06  2.13915951E-08 -2.72256665E-08
      0.0000000       0.0000000       0.0000000       9.35785052E-07 -6.00131478E-07  6.00131478E-07
      0.0000000       0.0000000       0.0000000       1.77161301E-06 -3.16206670E-06 -1.98086171E-06
      0.0000000       0.0000000       0.0000000       2.91509101E-06  8.59553186E-08 -5.71350059E-07
      0.0000000       0.0000000       0.0000000       1.52424839E-06  0.00000000E+00  0.00000000E+00
      0.0000000       0.0000000       0.0000000       3.27096936E-07 -2.64166753E-06 -1.85912409E-07
      0.0000000       0.0000000       0.0000000       1.21115322E-06  1.94469047E-09  7.77876186E-10
      0.0000000       0.0000000       0.0000000       1.38384174E-06 -2.72256665E-08  2.13915951E-08
      0.0000000       0.0000000       0.0000000       1.39978820E-06  0.00000000E+00  0.00000000E+00
      0.0000000       0.0000000       0.0000000       6.59250068E-07 -2.64827948E-06 -2.41141618E-07
      0.0000000       0.0000000       0.0000000       1.84978957E-06  3.11150474E-09 -3.56656231E-07
      0.0000000       0.0000000       0.0000000       1.84201081E-06  8.86778852E-08 -1.40017714E-07
      0.0000000       0.0000000       0.0000000       4.78393855E-08 -1.61876034E-06 -1.85173426E-06
      0.0000000       0.0000000       0.0000000       3.38765079E-07  2.43864184E-07  1.78133647E-07
      0.0000000       0.0000000       0.0000000       9.03114252E-07  6.36691658E-07 -5.67849616E-07
      0.0000000       0.0000000       0.0000000       9.35785052E-07  6.00131478E-07 -6.00131478E-07
      0.0000000       0.0000000       0.0000000       6.59250068E-07 -2.41141618E-07 -2.64827948E-06
      0.0000000       0.0000000       0.0000000      -1.32238952E-05  1.59503512E-06  1.59503512E-06
      0.0000000       0.0000000       0.0000000       1.76733470E-06  3.16906758E-06 -1.96841569E-06
      0.0000000       0.0000000       0.0000000       9.30339919E-07  3.57434108E-07  3.88938093E-09
      0.0000000       0.0000000       0.0000000       6.60027944E-07 -9.02336376E-07  1.02951913E-06
      0.0000000       0.0000000       0.0000000       1.77083514E-06  1.16681428E-07 -1.16681428E-07
      0.0000000       0.0000000       0.0000000       1.77161301E-06 -1.98086171E-06 -3.16206670E-06
      0.0000000       0.0000000       0.0000000       1.84978957E-06 -3.56656231E-07  3.11150474E-09
      0.0000000       0.0000000       0.0000000       1.76733470E-06 -1.96841569E-06  3.16906758E-06
      0.0000000       0.0000000       0.0000000       1.33094615E-06  5.68238554E-07 -2.39196927E-07
      0.0000000       0.0000000       0.0000000       1.31305500E-06 -2.56271310E-06  2.56271310E-06
      0.0000000       0.0000000       0.0000000       6.72824007E-06 -4.71509650E-06 -1.12181414E-05
      0.0000000       0.0000000       0.0000000       2.91509101E-06 -5.71350059E-07  8.59553186E-08
      0.0000000       0.0000000       0.0000000       1.84201081E-06 -1.40017714E-07  8.86778852E-08
      0.0000000       0.0000000       0.0000000       1.24460190E-08 -3.06911049E-06 -7.02811134E-06
      0.0000000       0.0000000       0.0000000       1.33172403E-06  2.48142503E-07  5.78739883E-07
      0.0000000       0.0000000       0.0000000       9.75845676E-07 -1.03729789E-06 -3.14884280E-06
      0.0000000       0.0000000       0.0000000       6.58861130E-07 -4.29776593E-07  1.98825153E-06
      0.0000000       0.0000000       0.0000000       1.05168860E-06 -1.41184528E-07  1.41184528E-07
      0.0000000       0.0000000       0.0000000       2.76146046E-07 -1.50130104E-07 -2.34451883E-06
      0.0000000       0.0000000       0.0000000       9.02725314E-07  5.66293864E-07 -5.96242097E-07
      0.0000000       0.0000000       0.0000000       5.93130592E-07  1.41573466E-07 -1.41573466E-07
      0.0000000       0.0000000       0.0000000       6.60027944E-07  9.02336376E-07 -1.02951913E-06
      0.0000000       0.0000000       0.0000000       9.22561157E-07 -6.04798735E-07 -6.04798735E-07
      0.0000000       0.0000000       0.0000000       1.38500855E-06  2.06137189E-08  2.83924808E-08
      0.0000000       0.0000000       0.0000000       1.30527624E-06 -2.13915951E-08  2.13915951E-08
      0.0000000       0.0000000       0.0000000       9.03114252E-07 -6.36691658E-07  5.67849616E-07
      0.0000000       0.0000000       0.0000000       9.85569128E-07 -3.73419463E-06 -4.43000488E-07
      0.0000000       0.0000000       0.0000000       2.76146046E-07 -2.34451883E-06 -1.50130104E-07
      0.0000000       0.0000000       0.0000000       1.38500855E-06  2.83924808E-08  2.06137189E-08
      0.0000000       0.0000000       0.0000000       1.46901918E-06  0.00000000E+00  0.00000000E+00
      0.0000000       0.0000000       0.0000000       1.38384174E-06  2.72256665E-08 -2.13915951E-08
      0.0000000       0.0000000       0.0000000       2.78090737E-07 -2.34646352E-06  1.35739394E-07
      0.0000000       0.0000000       0.0000000       1.84551125E-06 -8.40106281E-08 -1.44684971E-07
      0.0000000       0.0000000       0.0000000       9.75845676E-07 -3.14884280E-06 -1.03729789E-06
      0.0000000       0.0000000       0.0000000       9.02725314E-07 -5.96242097E-07  5.66293864E-07
      0.0000000       0.0000000       0.0000000       1.30527624E-06  2.13915951E-08 -2.13915951E-08
      0.0000000       0.0000000       0.0000000       1.38384174E-06 -2.13915951E-08  2.72256665E-08
      0.0000000       0.0000000       0.0000000       9.23339033E-07 -6.46026173E-07 -6.46026173E-07
      0.0000000       0.0000000       0.0000000       1.76033381E-06 -3.74469596E-06  8.96891243E-07
      0.0000000       0.0000000       0.0000000       2.90575649E-06 -7.77876186E-08 -5.74461564E-07
      0.0000000       0.0000000       0.0000000       1.24460190E-08 -7.02811134E-06 -3.06911049E-06
      0.0000000       0.0000000       0.0000000       6.58861130E-07  1.98825153E-06 -4.29776593E-07
      0.0000000       0.0000000       0.0000000       5.93130592E-07 -1.41573466E-07  1.41573466E-07
      0.0000000       0.0000000       0.0000000       9.03114252E-07  5.67849616E-07 -6.36691658E-07
      0.0000000       0.0000000       0.0000000       2.78090737E-07  1.35739394E-07 -2.34646352E-06
      0.0000000       0.0000000       0.0000000       1.76033381E-06  8.96891243E-07 -3.74469596E-06
      0.0000000       0.0000000       0.0000000      -3.87378451E-05  6.97871620E-06  6.97871620E-06
      0.0000000       0.0000000       0.0000000       6.75935512E-06  1.12492565E-05 -4.68709296E-06
      0.0000000       0.0000000       0.0000000       1.33172403E-06  5.78739883E-07  2.48142503E-07
      0.0000000       0.0000000       0.0000000       1.05168860E-06  1.41184528E-07 -1.41184528E-07
      0.0000000       0.0000000       0.0000000       6.60027944E-07 -1.02951913E-06  9.02336376E-07
      0.0000000       0.0000000       0.0000000       9.85569128E-07 -4.43000488E-07 -3.73419463E-06
      0.0000000       0.0000000       0.0000000       1.84551125E-06 -1.44684971E-07 -8.40106281E-08
      0.0000000       0.0000000       0.0000000       2.90575649E-06 -5.74461564E-07 -7.77876186E-08
      0.0000000       0.0000000       0.0000000       6.75935512E-06 -4.68709296E-06  1.12492565E-05
      0.0000000       0.0000000       0.0000000       1.31461075E-06 -4.72559783E-06  4.72559783E-06
      0.0000000       0.0000000       0.0000000       1.77316877E-06  1.17848242E-07 -1.17848242E-07
      0.0000000       0.0000000       0.0000000       6.58861130E-07 -1.98825153E-06  4.29776593E-07
      0.0000000       0.0000000       0.0000000       9.34618238E-07  6.36691658E-07 -6.36691658E-07
      0.0000000       0.0000000       0.0000000       9.02725314E-07  5.96242097E-07 -5.66293864E-07
      0.0000000       0.0000000       0.0000000       3.38765079E-07 -2.43864184E-07 -1.78133647E-07
      0.0000000       0.0000000       0.0000000       1.40328864E-06  0.00000000E+00  0.00000000E+00
      0.0000000       0.0000000       0.0000000       1.38500855E-06 -2.83924808E-08 -2.06137189E-08
      0.0000000       0.0000000       0.0000000       1.21115322E-06 -1.94469047E-09 -7.77876186E-10
      0.0000000       0.0000000       0.0000000       3.31764193E-07 -2.65333567E-06  1.72299575E-07
      0.0000000       0.0000000       0.0000000       9.34618238E-07 -6.36691658E-07  6.36691658E-07
      0.0000000       0.0000000       0.0000000       1.38500855E-06 -2.06137189E-08 -2.83924808E-08
      0.0000000       0.0000000       0.0000000       1.30333155E-06  2.06137189E-08  2.06137189E-08
      0.0000000       0.0000000       0.0000000       8.92612924E-07 -6.07910240E-07 -5.75628378E-07
      0.0000000       0.0000000       0.0000000       9.99959837E-07 -3.18579192E-06  1.02990807E-06
      0.0000000       0.0000000       0.0000000       1.77316877E-06 -1.17848242E-07  1.17848242E-07
      0.0000000       0.0000000       0.0000000       9.02725314E-07 -5.66293864E-07  5.96242097E-07
      0.0000000       0.0000000       0.0000000       1.21115322E-06 -7.77876186E-10 -1.94469047E-09
      0.0000000       0.0000000       0.0000000       8.92612924E-07 -5.75628378E-07 -6.07910240E-07
      0.0000000       0.0000000       0.0000000       1.75138823E-06 -1.35350456E-07 -1.35350456E-07
      0.0000000       0.0000000       0.0000000       6.75157636E-06 -1.12916507E-05  2.57593699E-06
      0.0000000       0.0000000       0.0000000       1.31461075E-06  4.72559783E-06 -4.72559783E-06
      0.0000000       0.0000000       0.0000000       6.58861130E-07  4.29776593E-07 -1.98825153E-06
      0.0000000       0.0000000       0.0000000       3.38765079E-07 -1.78133647E-07 -2.43864184E-07
      0.0000000       0.0000000       0.0000000       3.31764193E-07  1.72299575E-07 -2.65333567E-06
      0.0000000       0.0000000       0.0000000       9.99959837E-07  1.02990807E-06 -3.18579192E-06
      0.0000000       0.0000000       0.0000000       6.75157636E-06  2.57593699E-06 -1.12916507E-05
      0.0000000       0.0000000       0.0000000      -1.29646679E-04  2.99330646E-05  2.99330646E-05
      0.0000000       0.0000000       0.0000000       9.75845676E-07  3.14884280E-06  1.03729789E-06
      0.0000000       0.0000000       0.0000000       2.76146046E-07  2.34451883E-06  1.50130104E-07
      0.0000000       0.0000000       0.0000000       3.27096936E-07  2.64166753E-06  1.85912409E-07
      0.0000000       0.0000000       0.0000000       9.22561157E-07  6.04798735E-07  6.04798735E-07
      0.0000000       0.0000000       0.0000000       8.91835047E-07  6.46415111E-07  5.75239440E-07
      0.0000000       0.0000000       0.0000000       3.22429679E-07  2.30640289E-07 -1.80078337E-07
      0.0000000       0.0000000       0.0000000       2.76146046E-07  1.50130104E-07  2.34451883E-06
      0.0000000       0.0000000       0.0000000       8.91835047E-07  5.75239440E-07  6.46415111E-07
      0.0000000       0.0000000       0.0000000       5.74850502E-07 -1.45462847E-07 -1.45462847E-07
      0.0000000       0.0000000       0.0000000       6.43303606E-07  1.96219268E-06  4.37166417E-07
      0.0000000       0.0000000       0.0000000       9.75845676E-07  1.03729789E-06  3.14884280E-06
      0.0000000       0.0000000       0.0000000       3.27096936E-07  1.85912409E-07  2.64166753E-06
      0.0000000       0.0000000       0.0000000       3.22429679E-07 -1.80078337E-07  2.30640289E-07
      0.0000000       0.0000000       0.0000000       6.43303606E-07  4.37166417E-07  1.96219268E-06
      0.0000000       0.0000000       0.0000000       1.27766164E-06  4.67775845E-06  4.67775845E-06
      0.0000000       0.0000000       0.0000000       9.90236385E-07  3.74702959E-06 -4.24331460E-07
      0.0000000       0.0000000       0.0000000       1.75488868E-06  1.33016828E-07  1.33016828E-07
      0.0000000       0.0000000       0.0000000       6.42914668E-07 -9.01169562E-07 -1.03690896E-06
      0.0000000       0.0000000       0.0000000       9.90236385E-07 -4.24331460E-07  3.74702959E-06
      0.0000000       0.0000000       0.0000000       6.42914668E-07 -1.03690896E-06 -9.01169562E-07
      0.0000000       0.0000000       0.0000000       1.04624347E-06  1.44296033E-07  1.44296033E-07
      0.0000000       0.0000000       0.0000000       1.27882845E-06 -2.57865956E-06 -2.57865956E-06
      0.0000000       0.0000000       0.0000000       1.05196708E-03  7.74395968E-04  7.74395968E-04
      0.0000000       0.0000000       0.0000000       6.60416882E-07  4.94573679E-06 -1.56613702E-05
      0.0000000       0.0000000       0.0000000       6.60416882E-07 -1.56613702E-05  4.94573679E-06
      0.0000000       0.0000000       0.0000000      -5.97642274E-06  7.85810523E-06  7.85810523E-06
      0.0000000       0.0000000       0.0000000      -1.18202176E-05  7.83126850E-06 -2.03710216E-05
      0.0000000       0.0000000       0.0000000      -4.23592477E-06  8.35050086E-07 -5.01730140E-07
      0.0000000       0.0000000       0.0000000      -1.69149177E-06  9.95681518E-08 -2.87814189E-08
      0.0000000       0.0000000       0.0000000      -1.18202176E-05 -2.03710216E-05  7.83126850E-06
      0.0000000       0.0000000       0.0000000       6.43151920E-05 -1.56139197E-05 -1.56139197E-05
      0.0000000       0.0000000       0.0000000      -2.12126836E-06 -1.83656568E-06  7.13779188E-06
      0.0000000       0.0000000       0.0000000      -4.23592477E-06 -5.01730140E-07  8.35050086E-07
      0.0000000       0.0000000       0.0000000      -2.12126836E-06  7.13779188E-06 -1.83656568E-06
      0.0000000       0.0000000       0.0000000      -1.69149177E-06 -2.87814189E-08  9.95681518E-08
      0.0000000       0.0000000       0.0000000      -8.81722657E-07  1.48574352E-07  1.48574352E-07
      0.0000000       0.0000000       0.0000000      -2.06642809E-06  9.72734171E-07  3.92827474E-06
      0.0000000       0.0000000       0.0000000       4.74504474E-08  9.55620895E-07 -4.92979033E-06
      0.0000000       0.0000000       0.0000000      -2.41997282E-06  1.47796475E-07  8.51774424E-08
      0.0000000       0.0000000       0.0000000      -2.41958388E-06  1.47407537E-07 -8.47885043E-08
      0.0000000       0.0000000       0.0000000       6.80641663E-08  9.62232842E-07  4.85744784E-06
      0.0000000       0.0000000       0.0000000      -2.06642809E-06  3.92827474E-06  9.72734171E-07
      0.0000000       0.0000000       0.0000000      -3.78008933E-06 -2.41141618E-08 -2.41141618E-08
      0.0000000       0.0000000       0.0000000      -3.87110084E-06  3.94966634E-06 -4.89284121E-06
      0.0000000       0.0000000       0.0000000      -2.12360199E-06  4.95507131E-07 -2.87814189E-08
      0.0000000       0.0000000       0.0000000      -4.50390312E-07  6.18800506E-07  1.77472452E-06
      0.0000000       0.0000000       0.0000000       4.74504474E-08 -4.92979033E-06  9.55620895E-07
      0.0000000       0.0000000       0.0000000      -3.87110084E-06 -4.89284121E-06  3.94966634E-06
      0.0000000       0.0000000       0.0000000       2.18054253E-05 -3.14806493E-06 -3.14806493E-06
      0.0000000       0.0000000       0.0000000      -1.96024799E-07 -2.42697370E-07  2.85091622E-06
      0.0000000       0.0000000       0.0000000      -2.41997282E-06  8.51774424E-08  1.47796475E-07
      0.0000000       0.0000000       0.0000000      -2.12360199E-06 -2.87814189E-08  4.95507131E-07
      0.0000000       0.0000000       0.0000000      -1.96024799E-07  2.85091622E-06 -2.42697370E-07
      0.0000000       0.0000000       0.0000000      -2.41958388E-06 -8.47885043E-08  1.47407537E-07
      0.0000000       0.0000000       0.0000000      -4.50390312E-07  1.77472452E-06  6.18800506E-07
      0.0000000       0.0000000       0.0000000       6.80641663E-08  4.85744784E-06  9.62232842E-07
      0.0000000       0.0000000       0.0000000      -1.19598464E-06  8.47885043E-07  8.47885043E-07
      0.0000000       0.0000000       0.0000000      -1.03185276E-06  1.03846471E-07  5.00952264E-07
      0.0000000       0.0000000       0.0000000      -9.94125766E-07  5.25066426E-07  1.51646963E-06
      0.0000000       0.0000000       0.0000000      -3.42265522E-07  5.16509788E-07 -1.72610726E-06
      0.0000000       0.0000000       0.0000000      -1.70043734E-06  9.91792137E-08  3.61712427E-08
      0.0000000       0.0000000       0.0000000      -4.25303805E-06  8.40495219E-07  5.20788107E-07
      0.0000000       0.0000000       0.0000000      -1.19431220E-05  7.90438887E-06  2.01921100E-05
      0.0000000       0.0000000       0.0000000      -6.04487584E-06  7.88144152E-06 -7.88144152E-06
      0.0000000       0.0000000       0.0000000      -1.03185276E-06  5.00952264E-07  1.03846471E-07
      0.0000000       0.0000000       0.0000000      -6.96977063E-07  6.18800506E-07  6.18800506E-07
      0.0000000       0.0000000       0.0000000      -1.44840546E-06 -2.45419937E-07  6.49526615E-08
      0.0000000       0.0000000       0.0000000      -4.57391197E-07  6.15300063E-07 -1.77705815E-06
      0.0000000       0.0000000       0.0000000      -2.13176969E-06  4.95118193E-07  3.53933665E-08
      0.0000000       0.0000000       0.0000000      -3.89832651E-06  3.95627828E-06  4.89556378E-06
      0.0000000       0.0000000       0.0000000      -3.80186986E-06 -1.16681428E-09  1.16681428E-09
      0.0000000       0.0000000       0.0000000      -9.94125766E-07  1.51646963E-06  5.25066426E-07
      0.0000000       0.0000000       0.0000000      -1.44840546E-06  6.49526615E-08 -2.45419937E-07
      0.0000000       0.0000000       0.0000000      -1.85329001E-06  6.84531044E-08  6.84531044E-08
      0.0000000       0.0000000       0.0000000      -1.45540634E-06  1.52035901E-06 -1.71327230E-06
      0.0000000       0.0000000       0.0000000      -1.46824130E-06  1.52891564E-06  1.71910637E-06
      0.0000000       0.0000000       0.0000000      -1.87390373E-06  7.50650520E-08 -7.50650520E-08
      0.0000000       0.0000000       0.0000000      -3.42265522E-07 -1.72610726E-06  5.16509788E-07
      0.0000000       0.0000000       0.0000000      -4.57391197E-07 -1.77705815E-06  6.15300063E-07
      0.0000000       0.0000000       0.0000000      -1.45540634E-06 -1.71327230E-06  1.52035901E-06
      0.0000000       0.0000000       0.0000000       9.00625048E-06  3.25152246E-07  3.25152246E-07
      0.0000000       0.0000000       0.0000000      -9.63399657E-07 -9.14393457E-07  9.14393457E-07
      0.0000000       0.0000000       0.0000000      -1.70043734E-06  3.61712427E-08  9.91792137E-08
      0.0000000       0.0000000       0.0000000      -2.13176969E-06  3.53933665E-08  4.95118193E-07
      0.0000000       0.0000000       0.0000000      -1.46824130E-06  1.71910637E-06  1.52891564E-06
      0.0000000       0.0000000       0.0000000      -9.63399657E-07  9.14393457E-07 -9.14393457E-07
      0.0000000       0.0000000       0.0000000      -4.25303805E-06  5.20788107E-07  8.40495219E-07
      0.0000000       0.0000000       0.0000000      -3.89832651E-06  4.89556378E-06  3.95627828E-06
      0.0000000       0.0000000       0.0000000      -1.87390373E-06 -7.50650520E-08  7.50650520E-08
      0.0000000       0.0000000       0.0000000      -1.19431220E-05  2.01921100E-05  7.90438887E-06
      0.0000000       0.0000000       0.0000000      -3.80186986E-06  1.16681428E-09 -1.16681428E-09
      0.0000000       0.0000000       0.0000000      -6.04487584E-06 -7.88144152E-06  7.88144152E-06
      0.0000000       0.0000000       0.0000000       2.83924808E-08 -1.43440369E-06 -3.18540298E-06
      0.0000000       0.0000000       0.0000000       1.55964175E-07 -4.64392083E-07  3.01427022E-07
      0.0000000       0.0000000       0.0000000       1.41184528E-07 -4.75671288E-07 -3.43821274E-07
      0.0000000       0.0000000       0.0000000      -4.66725712E-09 -1.46668555E-06  3.13367422E-06
      0.0000000       0.0000000       0.0000000       4.76060226E-07  4.74815624E-06  1.56003069E-05
      0.0000000       0.0000000       0.0000000       1.04288110E-03  7.55974693E-04 -7.55974693E-04
      0.0000000       0.0000000       0.0000000      -1.02174037E-06 -1.85329001E-06 -1.85329001E-06
      0.0000000       0.0000000       0.0000000      -3.31764193E-07 -6.53415996E-07 -2.48531441E-07
      0.0000000       0.0000000       0.0000000      -9.95292580E-07 -7.70875301E-07 -9.21783281E-07
      0.0000000       0.0000000       0.0000000      -8.36994776E-07 -6.58861130E-07 -2.84391534E-06
      0.0000000       0.0000000       0.0000000      -2.12710243E-06 -1.86184665E-06 -7.11951179E-06
      0.0000000       0.0000000       0.0000000       6.39386999E-05 -1.56497021E-05  1.56497021E-05
      0.0000000       0.0000000       0.0000000      -1.19431220E-05 -2.01921100E-05 -7.90438887E-06
      0.0000000       0.0000000       0.0000000       2.83924808E-08 -3.18540298E-06 -1.43440369E-06
      0.0000000       0.0000000       0.0000000      -3.31764193E-07 -2.48531441E-07 -6.53415996E-07
      0.0000000       0.0000000       0.0000000      -8.40106281E-07 -6.64695201E-07 -6.64695201E-07
      0.0000000       0.0000000       0.0000000      -9.97237271E-07 -6.63139449E-07 -8.73943895E-07
      0.0000000       0.0000000       0.0000000      -2.00692056E-07 -2.53587637E-07 -2.84352640E-06
      0.0000000       0.0000000       0.0000000       2.17354164E-05 -3.16984546E-06  3.16984546E-06
      0.0000000       0.0000000       0.0000000      -3.89832651E-06 -4.89556378E-06 -3.95627828E-06
      0.0000000       0.0000000       0.0000000       6.80641663E-08 -4.85744784E-06 -9.62232842E-07
      0.0000000       0.0000000       0.0000000       1.55964175E-07  3.01427022E-07 -4.64392083E-07
      0.0000000       0.0000000       0.0000000      -9.95292580E-07 -9.21783281E-07 -7.70875301E-07
      0.0000000       0.0000000       0.0000000      -9.97237271E-07 -8.73943895E-07 -6.63139449E-07
      0.0000000       0.0000000       0.0000000      -9.53676204E-07 -9.19060714E-07 -9.19060714E-07
      0.0000000       0.0000000       0.0000000       8.99652703E-06  3.16984546E-07 -3.16984546E-07
      0.0000000       0.0000000       0.0000000      -1.46824130E-06 -1.71910637E-06 -1.52891564E-06
      0.0000000       0.0000000       0.0000000      -4.50390312E-07 -1.77472452E-06 -6.18800506E-07
      0.0000000       0.0000000       0.0000000       1.41184528E-07 -3.43821274E-07 -4.75671288E-07
      0.0000000       0.0000000       0.0000000      -8.36994776E-07 -2.84391534E-06 -6.58861130E-07
      0.0000000       0.0000000       0.0000000      -2.00692056E-07 -2.84352640E-06 -2.53587637E-07
      0.0000000       0.0000000       0.0000000       8.99652703E-06 -3.16984546E-07  3.16984546E-07
      0.0000000       0.0000000       0.0000000       9.00625048E-06 -3.25152246E-07 -3.25152246E-07
      0.0000000       0.0000000       0.0000000      -1.96024799E-07 -2.85091622E-06  2.42697370E-07
      0.0000000       0.0000000       0.0000000      -4.66725712E-09  3.13367422E-06 -1.46668555E-06
      0.0000000       0.0000000       0.0000000      -2.12710243E-06 -7.11951179E-06 -1.86184665E-06
      0.0000000       0.0000000       0.0000000       2.17354164E-05  3.16984546E-06 -3.16984546E-06
      0.0000000       0.0000000       0.0000000      -1.46824130E-06 -1.52891564E-06 -1.71910637E-06
      0.0000000       0.0000000       0.0000000      -1.96024799E-07  2.42697370E-07 -2.85091622E-06
      0.0000000       0.0000000       0.0000000       4.76060226E-07  1.56003069E-05  4.74815624E-06
      0.0000000       0.0000000       0.0000000       6.39386999E-05  1.56497021E-05 -1.56497021E-05
      0.0000000       0.0000000       0.0000000      -3.89832651E-06 -3.95627828E-06 -4.89556378E-06
      0.0000000       0.0000000       0.0000000      -4.50390312E-07 -6.18800506E-07 -1.77472452E-06
      0.0000000       0.0000000       0.0000000       1.04288110E-03 -7.55974693E-04  7.55974693E-04
      0.0000000       0.0000000       0.0000000      -1.19431220E-05 -7.90438887E-06 -2.01921100E-05
      0.0000000       0.0000000       0.0000000       6.80641663E-08 -9.62232842E-07 -4.85744784E-06
      0.0000000       0.0000000       0.0000000      -3.30597379E-07  5.22732797E-07  1.70549354E-06
      0.0000000       0.0000000       0.0000000      -1.00696072E-06  5.13787221E-07 -1.53280502E-06
      0.0000000       0.0000000       0.0000000      -1.03301958E-06  9.64566471E-08 -4.92006688E-07
      0.0000000       0.0000000       0.0000000      -1.19326207E-06  8.28438138E-07 -8.28438138E-07
      0.0000000       0.0000000       0.0000000      -8.34272210E-07 -6.46026173E-07  2.84897153E-06
      0.0000000       0.0000000       0.0000000      -1.00346028E-06 -7.63096539E-07  9.12059828E-07
      0.0000000       0.0000000       0.0000000      -3.49655346E-07 -6.51471306E-07  2.46586751E-07
      0.0000000       0.0000000       0.0000000      -1.03574214E-06 -1.84590019E-06  1.84590019E-06
      0.0000000       0.0000000       0.0000000       4.76060226E-07 -1.56003069E-05 -4.74815624E-06
      0.0000000       0.0000000       0.0000000      -4.10718626E-07  5.15342973E-07  5.15342973E-07
      0.0000000       0.0000000       0.0000000      -1.20181871E-06  9.87902756E-08 -3.88938093E-10
      0.0000000       0.0000000       0.0000000      -1.20259658E-06  9.80123995E-08  1.55575237E-09
      0.0000000       0.0000000       0.0000000      -4.22386769E-07  5.06786335E-07 -5.06786335E-07
      0.0000000       0.0000000       0.0000000      -2.12710243E-06  7.11951179E-06  1.86184665E-06
      0.0000000       0.0000000       0.0000000      -4.25303805E-06 -5.20788107E-07 -8.40495219E-07
      0.0000000       0.0000000       0.0000000      -8.34272210E-07  2.84897153E-06 -6.46026173E-07
      0.0000000       0.0000000       0.0000000      -1.20181871E-06 -3.88938093E-10  9.87902756E-08
      0.0000000       0.0000000       0.0000000      -1.37722979E-06 -8.16769996E-09 -8.16769996E-09
      0.0000000       0.0000000       0.0000000      -1.31616651E-06 -1.94469047E-09  1.94469047E-09
      0.0000000       0.0000000       0.0000000      -2.00692056E-07  2.84352640E-06  2.53587637E-07
      0.0000000       0.0000000       0.0000000      -2.13176969E-06 -3.53933665E-08 -4.95118193E-07
      0.0000000       0.0000000       0.0000000      -2.41958388E-06  8.47885043E-08 -1.47407537E-07
      0.0000000       0.0000000       0.0000000      -3.30597379E-07  1.70549354E-06  5.22732797E-07
      0.0000000       0.0000000       0.0000000      -1.00346028E-06  9.12059828E-07 -7.63096539E-07
      0.0000000       0.0000000       0.0000000      -1.20259658E-06  1.55575237E-09  9.80123995E-08
      0.0000000       0.0000000       0.0000000      -1.31616651E-06  1.94469047E-09 -1.94469047E-09
      0.0000000       0.0000000       0.0000000      -9.53676204E-07  9.19060714E-07  9.19060714E-07
      0.0000000       0.0000000       0.0000000      -1.45540634E-06  1.71327230E-06 -1.52035901E-06
      0.0000000       0.0000000       0.0000000      -2.12360199E-06  2.87814189E-08 -4.95507131E-07
      0.0000000       0.0000000       0.0000000      -1.69149177E-06  2.87814189E-08 -9.95681518E-08
      0.0000000       0.0000000       0.0000000      -1.00696072E-06 -1.53280502E-06  5.13787221E-07
      0.0000000       0.0000000       0.0000000      -3.49655346E-07  2.46586751E-07 -6.51471306E-07
      0.0000000       0.0000000       0.0000000      -4.22386769E-07 -5.06786335E-07  5.06786335E-07
      0.0000000       0.0000000       0.0000000      -2.00692056E-07  2.53587637E-07  2.84352640E-06
      0.0000000       0.0000000       0.0000000      -1.45540634E-06 -1.52035901E-06  1.71327230E-06
      0.0000000       0.0000000       0.0000000       2.18054253E-05  3.14806493E-06  3.14806493E-06
      0.0000000       0.0000000       0.0000000      -2.12126836E-06 -7.13779188E-06  1.83656568E-06
      0.0000000       0.0000000       0.0000000      -1.03301958E-06 -4.92006688E-07  9.64566471E-08
      0.0000000       0.0000000       0.0000000      -1.03574214E-06  1.84590019E-06 -1.84590019E-06
      0.0000000       0.0000000       0.0000000      -2.12710243E-06  1.86184665E-06  7.11951179E-06
      0.0000000       0.0000000       0.0000000      -2.13176969E-06 -4.95118193E-07 -3.53933665E-08
      0.0000000       0.0000000       0.0000000      -2.12360199E-06 -4.95507131E-07  2.87814189E-08
      0.0000000       0.0000000       0.0000000      -2.12126836E-06  1.83656568E-06 -7.13779188E-06
      0.0000000       0.0000000       0.0000000      -1.19326207E-06 -8.28438138E-07  8.28438138E-07
      0.0000000       0.0000000       0.0000000       4.76060226E-07 -4.74815624E-06 -1.56003069E-05
      0.0000000       0.0000000       0.0000000      -4.25303805E-06 -8.40495219E-07 -5.20788107E-07
      0.0000000       0.0000000       0.0000000      -2.41958388E-06 -1.47407537E-07  8.47885043E-08
      0.0000000       0.0000000       0.0000000      -1.69149177E-06 -9.95681518E-08  2.87814189E-08
      0.0000000       0.0000000       0.0000000      -2.09482057E-06  9.46675319E-07 -3.97883669E-06
      0.0000000       0.0000000       0.0000000      -8.82111595E-07  1.47407537E-07 -1.47407537E-07
      0.0000000       0.0000000       0.0000000      -1.45657316E-06 -2.38807989E-07 -8.08991234E-08
      0.0000000       0.0000000       0.0000000      -7.09034144E-07  6.16077939E-07 -6.16077939E-07
      0.0000000       0.0000000       0.0000000      -1.03301958E-06  4.92006688E-07 -9.64566471E-08
      0.0000000       0.0000000       0.0000000      -1.00618285E-06 -6.56527501E-07  8.68109824E-07
      0.0000000       0.0000000       0.0000000      -8.50218672E-07 -6.56916439E-07  6.56916439E-07
      0.0000000       0.0000000       0.0000000      -3.49655346E-07 -2.46586751E-07  6.51471306E-07
      0.0000000       0.0000000       0.0000000      -4.66725712E-09 -3.13367422E-06  1.46668555E-06
      0.0000000       0.0000000       0.0000000      -1.31538863E-06 -1.55575237E-09 -1.55575237E-09
      0.0000000       0.0000000       0.0000000      -1.37800766E-06 -7.77876186E-09  7.77876186E-09
      0.0000000       0.0000000       0.0000000      -1.20259658E-06 -1.55575237E-09 -9.80123995E-08
      0.0000000       0.0000000       0.0000000      -8.36994776E-07  2.84391534E-06  6.58861130E-07
      0.0000000       0.0000000       0.0000000      -1.70043734E-06 -3.61712427E-08 -9.91792137E-08
      0.0000000       0.0000000       0.0000000      -1.00618285E-06  8.68109824E-07 -6.56527501E-07
      0.0000000       0.0000000       0.0000000      -1.37800766E-06  7.77876186E-09 -7.77876186E-09
      0.0000000       0.0000000       0.0000000      -1.37722979E-06  8.16769996E-09  8.16769996E-09
      0.0000000       0.0000000       0.0000000      -9.97237271E-07  8.73943895E-07  6.63139449E-07
      0.0000000       0.0000000       0.0000000      -4.57391197E-07  1.77705815E-06 -6.15300063E-07
      0.0000000       0.0000000       0.0000000      -2.41997282E-06 -8.51774424E-08 -1.47796475E-07
      0.0000000       0.0000000       0.0000000      -1.45657316E-06 -8.08991234E-08 -2.38807989E-07
      0.0000000       0.0000000       0.0000000      -8.50218672E-07  6.56916439E-07 -6.56916439E-07
      0.0000000       0.0000000       0.0000000      -1.20259658E-06 -9.80123995E-08 -1.55575237E-09
      0.0000000       0.0000000       0.0000000      -9.97237271E-07  6.63139449E-07  8.73943895E-07
      0.0000000       0.0000000       0.0000000      -1.85329001E-06 -6.84531044E-08 -6.84531044E-08
      0.0000000       0.0000000       0.0000000      -3.87110084E-06  4.89284121E-06 -3.94966634E-06
      0.0000000       0.0000000       0.0000000      -4.23592477E-06  5.01730140E-07 -8.35050086E-07
      0.0000000       0.0000000       0.0000000      -2.09482057E-06 -3.97883669E-06  9.46675319E-07
      0.0000000       0.0000000       0.0000000      -7.09034144E-07 -6.16077939E-07  6.16077939E-07
      0.0000000       0.0000000       0.0000000      -3.49655346E-07  6.51471306E-07 -2.46586751E-07
      0.0000000       0.0000000       0.0000000      -8.36994776E-07  6.58861130E-07  2.84391534E-06
      0.0000000       0.0000000       0.0000000      -4.57391197E-07 -6.15300063E-07  1.77705815E-06
      0.0000000       0.0000000       0.0000000      -3.87110084E-06 -3.94966634E-06  4.89284121E-06
      0.0000000       0.0000000       0.0000000       6.43151920E-05  1.56139197E-05  1.56139197E-05
      0.0000000       0.0000000       0.0000000       6.60416882E-07  1.56613702E-05 -4.94573679E-06
      0.0000000       0.0000000       0.0000000      -8.82111595E-07 -1.47407537E-07  1.47407537E-07
      0.0000000       0.0000000       0.0000000      -1.03301958E-06 -9.64566471E-08  4.92006688E-07
      0.0000000       0.0000000       0.0000000      -4.66725712E-09  1.46668555E-06 -3.13367422E-06
      0.0000000       0.0000000       0.0000000      -1.70043734E-06 -9.91792137E-08 -3.61712427E-08
      0.0000000       0.0000000       0.0000000      -2.41997282E-06 -1.47796475E-07 -8.51774424E-08
      0.0000000       0.0000000       0.0000000      -4.23592477E-06 -8.35050086E-07  5.01730140E-07
      0.0000000       0.0000000       0.0000000       6.60416882E-07 -4.94573679E-06  1.56613702E-05
      0.0000000       0.0000000       0.0000000      -2.09482057E-06  3.97883669E-06 -9.46675319E-07
      0.0000000       0.0000000       0.0000000      -1.45657316E-06  8.08991234E-08  2.38807989E-07
      0.0000000       0.0000000       0.0000000      -1.00696072E-06  1.53280502E-06 -5.13787221E-07
      0.0000000       0.0000000       0.0000000      -1.00618285E-06 -8.68109824E-07  6.56527501E-07
      0.0000000       0.0000000       0.0000000      -1.00346028E-06 -9.12059828E-07  7.63096539E-07
      0.0000000       0.0000000       0.0000000       1.41184528E-07  3.43821274E-07  4.75671288E-07
      0.0000000       0.0000000       0.0000000      -1.31538863E-06  1.55575237E-09  1.55575237E-09
      0.0000000       0.0000000       0.0000000      -1.20181871E-06  3.88938093E-10 -9.87902756E-08
      0.0000000       0.0000000       0.0000000      -9.95292580E-07  9.21783281E-07  7.70875301E-07
      0.0000000       0.0000000       0.0000000      -3.42265522E-07  1.72610726E-06 -5.16509788E-07
      0.0000000       0.0000000       0.0000000      -1.00618285E-06  6.56527501E-07 -8.68109824E-07
      0.0000000       0.0000000       0.0000000      -1.20181871E-06 -9.87902756E-08  3.88938093E-10
      0.0000000       0.0000000       0.0000000      -8.40106281E-07  6.64695201E-07  6.64695201E-07
      0.0000000       0.0000000       0.0000000      -1.44840546E-06 -6.49526615E-08  2.45419937E-07
      0.0000000       0.0000000       0.0000000       4.74504474E-08  4.92979033E-06 -9.55620895E-07
      0.0000000       0.0000000       0.0000000      -1.45657316E-06  2.38807989E-07  8.08991234E-08
      0.0000000       0.0000000       0.0000000      -1.00346028E-06  7.63096539E-07 -9.12059828E-07
      0.0000000       0.0000000       0.0000000      -9.95292580E-07  7.70875301E-07  9.21783281E-07
      0.0000000       0.0000000       0.0000000      -1.44840546E-06  2.45419937E-07 -6.49526615E-08
      0.0000000       0.0000000       0.0000000      -3.78008933E-06  2.41141618E-08  2.41141618E-08
      0.0000000       0.0000000       0.0000000      -1.18202176E-05  2.03710216E-05 -7.83126850E-06
      0.0000000       0.0000000       0.0000000      -2.09482057E-06 -9.46675319E-07  3.97883669E-06
      0.0000000       0.0000000       0.0000000      -1.00696072E-06 -5.13787221E-07  1.53280502E-06
      0.0000000       0.0000000       0.0000000       1.41184528E-07  4.75671288E-07  3.43821274E-07
      0.0000000       0.0000000       0.0000000      -3.42265522E-07 -5.16509788E-07  1.72610726E-06
      0.0000000       0.0000000       0.0000000       4.74504474E-08 -9.55620895E-07  4.92979033E-06
      0.0000000       0.0000000       0.0000000      -1.18202176E-05 -7.83126850E-06  2.03710216E-05
      0.0000000       0.0000000       0.0000000       1.05196708E-03 -7.74395968E-04 -7.74395968E-04
      0.0000000       0.0000000       0.0000000      -3.30597379E-07 -1.70549354E-06 -5.22732797E-07
      0.0000000       0.0000000       0.0000000      -8.34272210E-07 -2.84897153E-06  6.46026173E-07
      0.0000000       0.0000000       0.0000000       1.55964175E-07 -3.01427022E-07  4.64392083E-07
      0.0000000       0.0000000       0.0000000      -4.10718626E-07 -5.15342973E-07 -5.15342973E-07
      0.0000000       0.0000000       0.0000000      -3.31764193E-07  2.48531441E-07  6.53415996E-07
      0.0000000       0.0000000       0.0000000      -9.94125766E-07 -1.51646963E-06 -5.25066426E-07
      0.0000000       0.0000000       0.0000000      -8.34272210E-07  6.46026173E-07 -2.84897153E-06
      0.0000000       0.0000000       0.0000000      -3.31764193E-07  6.53415996E-07  2.48531441E-07
      0.0000000       0.0000000       0.0000000      -6.96977063E-07 -6.18800506E-07 -6.18800506E-07
      0.0000000       0.0000000       0.0000000      -2.06642809E-06 -3.92827474E-06 -9.72734171E-07
      0.0000000       0.0000000       0.0000000      -3.30597379E-07 -5.22732797E-07 -1.70549354E-06
      0.0000000       0.0000000       0.0000000       1.55964175E-07  4.64392083E-07 -3.01427022E-07
      0.0000000       0.0000000       0.0000000      -9.94125766E-07 -5.25066426E-07 -1.51646963E-06
      0.0000000       0.0000000       0.0000000      -2.06642809E-06 -9.72734171E-07 -3.92827474E-06
      0.0000000       0.0000000       0.0000000      -5.97642274E-06 -7.85810523E-06 -7.85810523E-06
      0.0000000       0.0000000       0.0000000       2.83924808E-08  3.18540298E-06  1.43440369E-06
      0.0000000       0.0000000       0.0000000      -1.02174037E-06  1.85329001E-06  1.85329001E-06
      0.0000000       0.0000000       0.0000000      -1.03185276E-06 -5.00952264E-07 -1.03846471E-07
      0.0000000       0.0000000       0.0000000       2.83924808E-08  1.43440369E-06  3.18540298E-06
      0.0000000       0.0000000       0.0000000      -1.03185276E-06 -1.03846471E-07 -5.00952264E-07
      0.0000000       0.0000000       0.0000000      -8.81722657E-07 -1.48574352E-07 -1.48574352E-07
      0.0000000       0.0000000       0.0000000      -1.19598464E-06 -8.47885043E-07 -8.47885043E-07
