0.000000000000000000e+00 -7.134000000000000341e+00 5.275000000000000355e+00 5.500000000000000000e+00 5.508000000000000007e+00 5.684000000000000163e+00 8.058999999999999275e+00 8.060000000000000497e+00 8.067999999999999616e+00 1.186899999999999977e+01 1.488299999999999912e+01
1.522842639593902092e-02 -7.128999999999999559e+00 5.062000000000000277e+00 5.472000000000000419e+00 5.503999999999999559e+00 5.871000000000000441e+00 8.064999999999999503e+00 8.069000000000000838e+00 8.103999999999999204e+00 1.190099999999999980e+01 1.480199999999999960e+01
3.045685279187793082e-02 -7.120000000000000107e+00 4.842999999999999972e+00 5.426000000000000156e+00 5.498000000000000220e+00 6.044999999999999929e+00 8.074999999999999289e+00 8.083999999999999631e+00 8.163999999999999702e+00 1.195400000000000063e+01 1.468599999999999994e+01
4.568527918781695174e-02 -7.107000000000000206e+00 4.621999999999999886e+00 5.363999999999999879e+00 5.490000000000000213e+00 6.203999999999999737e+00 8.089000000000000412e+00 8.105000000000000426e+00 8.246999999999999886e+00 1.202599999999999980e+01 1.455000000000000071e+01
6.091370558375597266e-02 -7.091000000000000192e+00 4.397999999999999687e+00 5.286999999999999922e+00 5.479000000000000092e+00 6.346000000000000085e+00 8.108000000000000540e+00 8.131000000000000227e+00 8.355000000000000426e+00 1.211700000000000088e+01 1.440399999999999991e+01
7.614213197969488256e-02 -7.070999999999999730e+00 4.173000000000000043e+00 5.197000000000000064e+00 5.464999999999999858e+00 6.472000000000000419e+00 8.131000000000000227e+00 8.162000000000000810e+00 8.484999999999999432e+00 1.222400000000000020e+01 1.425500000000000078e+01
9.137055837563390348e-02 -7.048000000000000043e+00 3.947999999999999954e+00 5.094999999999999751e+00 5.448999999999999844e+00 6.581999999999999851e+00 8.157000000000000028e+00 8.196999999999999176e+00 8.634000000000000341e+00 1.234699999999999953e+01 1.410699999999999932e+01
1.065989847715729244e-01 -7.020999999999999908e+00 3.724000000000000199e+00 4.982000000000000206e+00 5.429999999999999716e+00 6.677999999999999936e+00 8.188000000000000611e+00 8.237000000000000099e+00 8.798999999999999488e+00 1.248199999999999932e+01 1.396199999999999974e+01
1.218274111675118343e-01 -6.990999999999999659e+00 3.500999999999999890e+00 4.860999999999999766e+00 5.408000000000000362e+00 6.761000000000000121e+00 8.223000000000000753e+00 8.281000000000000583e+00 8.977000000000000313e+00 1.263000000000000078e+01 1.382199999999999918e+01
1.370558375634508552e-01 -6.956999999999999851e+00 3.279999999999999805e+00 4.732999999999999652e+00 5.384000000000000341e+00 6.836000000000000298e+00 8.262000000000000455e+00 8.329000000000000625e+00 9.163000000000000256e+00 1.278700000000000081e+01 1.368800000000000061e+01
1.522842639593898761e-01 -6.919999999999999929e+00 3.060000000000000053e+00 4.599999999999999645e+00 5.355999999999999872e+00 6.902000000000000135e+00 8.304999999999999716e+00 8.380000000000000782e+00 9.352000000000000313e+00 1.295199999999999996e+01 1.356199999999999939e+01
1.675126903553287860e-01 -6.878999999999999559e+00 2.842999999999999972e+00 4.461999999999999744e+00 5.325999999999999623e+00 6.963000000000000078e+00 8.352000000000000313e+00 8.435999999999999943e+00 9.539999999999999147e+00 1.312299999999999933e+01 1.344400000000000084e+01
1.827411167512678070e-01 -6.834999999999999964e+00 2.628000000000000114e+00 4.320999999999999730e+00 5.291999999999999815e+00 7.017999999999999794e+00 8.403000000000000469e+00 8.496000000000000441e+00 9.721999999999999531e+00 1.329899999999999949e+01 1.333399999999999963e+01
1.979695431472068279e-01 -6.786999999999999922e+00 2.415999999999999925e+00 4.176999999999999602e+00 5.254999999999999893e+00 7.070999999999999730e+00 8.458000000000000185e+00 8.558999999999999275e+00 9.894999999999999574e+00 1.323300000000000054e+01 1.347700000000000031e+01
2.131979695431457378e-01 -6.735999999999999766e+00 2.205999999999999961e+00 4.030999999999999694e+00 5.216000000000000192e+00 7.120000000000000107e+00 8.518000000000000682e+00 8.625999999999999446e+00 1.005400000000000027e+01 1.314100000000000001e+01 1.365600000000000058e+01
2.284263959390847587e-01 -6.682000000000000384e+00 2.000000000000000000e+00 3.884999999999999787e+00 5.173000000000000043e+00 7.166999999999999815e+00 8.580999999999999517e+00 8.698000000000000398e+00 1.019599999999999973e+01 1.305799999999999983e+01 1.383500000000000085e+01
2.436548223350236686e-01 -6.623999999999999666e+00 1.796999999999999931e+00 3.737999999999999989e+00 5.126999999999999780e+00 7.211999999999999744e+00 8.647999999999999687e+00 8.772999999999999687e+00 1.031700000000000017e+01 1.298499999999999943e+01 1.401200000000000045e+01
2.588832487309626895e-01 -6.562999999999999723e+00 1.598000000000000087e+00 3.592000000000000082e+00 5.078000000000000291e+00 7.254999999999999893e+00 8.718999999999999417e+00 8.852000000000000313e+00 1.041699999999999982e+01 1.292200000000000060e+01 1.418599999999999994e+01
2.741116751269017104e-01 -6.498999999999999666e+00 1.401999999999999913e+00 3.447000000000000064e+00 5.025000000000000355e+00 7.294999999999999929e+00 8.794999999999999929e+00 8.935000000000000497e+00 1.049399999999999977e+01 1.286800000000000033e+01 1.431400000000000006e+01
2.893401015228408424e-01 -6.432000000000000384e+00 1.209000000000000075e+00 3.302999999999999936e+00 4.969999999999999751e+00 7.333000000000000185e+00 8.874000000000000554e+00 9.022000000000000242e+00 1.055000000000000071e+01 1.282399999999999984e+01 1.445400000000000063e+01
3.045685279187799743e-01 -6.362000000000000099e+00 1.020000000000000018e+00 3.161000000000000032e+00 4.913000000000000256e+00 7.368999999999999773e+00 8.957000000000000739e+00 9.112999999999999545e+00 1.058799999999999919e+01 1.278999999999999915e+01 1.462100000000000044e+01
3.197969543147191063e-01 -6.288999999999999702e+00 8.349999999999999645e-01 3.020999999999999908e+00 4.852000000000000313e+00 7.400999999999999801e+00 9.044000000000000483e+00 9.208000000000000185e+00 1.060999999999999943e+01 1.276600000000000001e+01 1.481199999999999939e+01
3.350253807106581272e-01 -6.213000000000000078e+00 6.530000000000000249e-01 2.883999999999999897e+00 4.788999999999999702e+00 7.429999999999999716e+00 9.134999999999999787e+00 9.307000000000000384e+00 1.062199999999999989e+01 1.275099999999999945e+01 1.496299999999999919e+01
3.502538071065972591e-01 -6.134999999999999787e+00 4.749999999999999778e-01 2.750000000000000000e+00 4.724000000000000199e+00 7.455000000000000071e+00 9.230000000000000426e+00 9.410000000000000142e+00 1.062599999999999945e+01 1.274600000000000044e+01 1.508999999999999986e+01
3.654822335025363911e-01 -6.052999999999999936e+00 3.009999999999999898e-01 2.617999999999999883e+00 4.655999999999999694e+00 7.474999999999999645e+00 9.327999999999999403e+00 9.516999999999999460e+00 1.062700000000000067e+01 1.275000000000000000e+01 1.520299999999999940e+01
3.807106598984755230e-01 -5.969000000000000306e+00 1.310000000000000053e-01 2.491000000000000103e+00 4.586999999999999744e+00 7.490999999999999659e+00 9.430999999999999162e+00 9.628000000000000114e+00 1.062599999999999945e+01 1.276299999999999990e+01 1.529899999999999949e+01
3.959390862944146550e-01 -5.883000000000000007e+00 -3.599999999999999728e-02 2.366999999999999993e+00 4.516000000000000014e+00 7.500000000000000000e+00 9.537000000000000810e+00 9.743000000000000327e+00 1.062700000000000067e+01 1.278599999999999959e+01 1.537299999999999933e+01
4.111675126903536759e-01 -5.794999999999999929e+00 -1.980000000000000093e-01 2.246999999999999886e+00 4.442999999999999616e+00 7.503999999999999559e+00 9.647000000000000242e+00 9.862000000000000099e+00 1.063299999999999912e+01 1.281700000000000017e+01 1.541900000000000048e+01
4.263959390862928078e-01 -5.703999999999999737e+00 -3.569999999999999840e-01 2.130999999999999783e+00 4.370000000000000107e+00 7.501000000000000334e+00 9.760999999999999233e+00 9.984999999999999432e+00 1.064400000000000013e+01 1.285699999999999932e+01 1.542999999999999972e+01
4.416243654822319398e-01 -5.612000000000000099e+00 -5.110000000000000098e-01 2.020000000000000018e+00 4.294999999999999929e+00 7.491999999999999993e+00 9.878000000000000114e+00 1.011200000000000010e+01 1.066300000000000026e+01 1.290499999999999936e+01 1.539899999999999913e+01
4.568527918781710717e-01 -5.517000000000000348e+00 -6.620000000000000329e-01 1.913999999999999924e+00 4.219999999999999751e+00 7.477000000000000313e+00 1.000000000000000000e+01 1.024300000000000033e+01 1.068900000000000006e+01 1.296199999999999974e+01 1.531799999999999962e+01
4.720812182741100926e-01 -5.421999999999999709e+00 -8.080000000000000515e-01 1.812999999999999945e+00 4.144000000000000128e+00 7.455000000000000071e+00 1.012400000000000055e+01 1.037700000000000067e+01 1.072499999999999964e+01 1.302599999999999980e+01 1.518399999999999928e+01
4.873096446700492246e-01 -5.323999999999999844e+00 -9.509999999999999565e-01 1.717000000000000082e+00 4.067999999999999616e+00 7.427999999999999936e+00 1.025200000000000067e+01 1.051500000000000057e+01 1.076999999999999957e+01 1.309900000000000020e+01 1.500099999999999945e+01
5.025380710659883565e-01 -5.225999999999999979e+00 -1.088999999999999968e+00 1.627000000000000002e+00 3.991999999999999993e+00 7.394999999999999574e+00 1.038400000000000034e+01 1.065700000000000003e+01 1.082399999999999984e+01 1.317900000000000027e+01 1.477500000000000036e+01
5.177664974619274885e-01 -5.126999999999999780e+00 -1.223000000000000087e+00 1.542999999999999927e+00 3.916999999999999815e+00 7.357000000000000206e+00 1.051900000000000013e+01 1.080100000000000016e+01 1.088799999999999990e+01 1.326600000000000001e+01 1.451500000000000057e+01
5.329949238578666204e-01 -5.027999999999999581e+00 -1.354000000000000092e+00 1.465999999999999970e+00 3.841000000000000192e+00 7.315000000000000391e+00 1.065799999999999947e+01 1.094800000000000040e+01 1.096000000000000085e+01 1.335999999999999943e+01 1.423099999999999987e+01
5.482233502538057524e-01 -4.927999999999999936e+00 -1.479999999999999982e+00 1.395000000000000018e+00 3.766999999999999904e+00 7.269000000000000128e+00 1.079899999999999949e+01 1.104100000000000037e+01 1.109699999999999953e+01 1.346199999999999974e+01 1.393099999999999916e+01
5.634517766497447733e-01 -4.828999999999999737e+00 -1.602000000000000091e+00 1.330999999999999961e+00 3.693000000000000060e+00 7.219999999999999751e+00 1.094400000000000084e+01 1.113100000000000023e+01 1.124600000000000044e+01 1.357000000000000028e+01 1.362199999999999989e+01
5.786802030456839052e-01 -4.730000000000000426e+00 -1.719999999999999973e+00 1.274000000000000021e+00 3.620999999999999996e+00 7.168000000000000149e+00 1.109200000000000053e+01 1.122799999999999976e+01 1.139300000000000068e+01 1.331000000000000050e+01 1.368399999999999928e+01
5.939086294416230372e-01 -4.631999999999999673e+00 -1.832999999999999963e+00 1.225000000000000089e+00 3.548999999999999932e+00 7.115000000000000213e+00 1.124300000000000033e+01 1.133300000000000018e+01 1.153200000000000003e+01 1.300699999999999967e+01 1.380499999999999972e+01
6.091370558375621691e-01 -4.535000000000000142e+00 -1.943000000000000060e+00 1.183999999999999941e+00 3.479000000000000092e+00 7.059999999999999609e+00 1.139700000000000024e+01 1.144400000000000084e+01 1.164499999999999957e+01 1.272899999999999920e+01 1.393299999999999983e+01
6.243654822335013010e-01 -4.440000000000000391e+00 -2.048000000000000043e+00 1.151000000000000023e+00 3.411000000000000032e+00 7.004999999999999893e+00 1.155400000000000027e+01 1.156199999999999939e+01 1.168999999999999950e+01 1.252399999999999913e+01 1.406600000000000072e+01
6.395939086294404330e-01 -4.347000000000000419e+00 -2.149999999999999911e+00 1.127000000000000002e+00 3.343999999999999861e+00 6.948999999999999844e+00 1.159500000000000064e+01 1.168599999999999994e+01 1.171299999999999919e+01 1.246199999999999974e+01 1.420500000000000007e+01
6.548223350253796760e-01 -4.256999999999999673e+00 -2.246999999999999886e+00 1.112999999999999989e+00 3.278999999999999915e+00 6.892999999999999794e+00 1.137100000000000044e+01 1.181600000000000072e+01 1.187500000000000000e+01 1.253400000000000070e+01 1.434900000000000020e+01
6.700507614213186969e-01 -4.169999999999999929e+00 -2.339999999999999858e+00 1.106999999999999984e+00 3.216000000000000192e+00 6.838000000000000078e+00 1.108900000000000041e+01 1.195100000000000051e+01 1.203899999999999970e+01 1.267099999999999937e+01 1.450000000000000000e+01
6.852791878172577178e-01 -4.086000000000000298e+00 -2.428999999999999826e+00 1.110999999999999988e+00 3.154999999999999805e+00 6.783999999999999808e+00 1.078599999999999959e+01 1.209099999999999930e+01 1.220500000000000007e+01 1.283699999999999974e+01 1.465499999999999936e+01
7.005076142131968497e-01 -4.006000000000000227e+00 -2.512999999999999901e+00 1.125000000000000000e+00 3.096999999999999975e+00 6.730999999999999872e+00 1.047499999999999964e+01 1.223499999999999943e+01 1.237299999999999933e+01 1.301699999999999946e+01 1.481600000000000072e+01
7.157360406091359817e-01 -3.930000000000000160e+00 -2.593999999999999861e+00 1.149000000000000021e+00 3.040999999999999925e+00 6.679000000000000270e+00 1.016300000000000026e+01 1.238400000000000034e+01 1.254199999999999982e+01 1.320599999999999952e+01 1.498099999999999987e+01
7.309644670050752246e-01 -3.858999999999999986e+00 -2.669999999999999929e+00 1.183000000000000052e+00 2.987000000000000099e+00 6.628999999999999559e+00 9.852999999999999758e+00 1.253599999999999959e+01 1.271199999999999974e+01 1.340300000000000047e+01 1.515199999999999925e+01
7.461928934010142456e-01 -3.791999999999999815e+00 -2.741999999999999993e+00 1.227000000000000091e+00 2.935999999999999943e+00 6.581000000000000405e+00 9.545999999999999375e+00 1.269200000000000017e+01 1.288400000000000034e+01 1.360599999999999987e+01 1.532699999999999996e+01
7.461928934010142456e-01 -3.791999999999999815e+00 -2.741999999999999993e+00 1.227000000000000091e+00 2.935999999999999943e+00 6.581000000000000405e+00 9.545999999999999375e+00 1.269200000000000017e+01 1.288400000000000034e+01 1.360599999999999987e+01 1.532699999999999996e+01
7.512690355329940672e-01 -3.770999999999999908e+00 -2.765000000000000124e+00 1.243999999999999995e+00 2.919000000000000039e+00 6.565999999999999837e+00 9.445000000000000284e+00 1.274499999999999922e+01 1.294100000000000072e+01 1.367399999999999949e+01 1.538700000000000045e+01
7.563451776649736669e-01 -3.750999999999999890e+00 -2.787999999999999812e+00 1.262000000000000011e+00 2.903000000000000025e+00 6.549999999999999822e+00 9.343999999999999417e+00 1.279700000000000060e+01 1.299799999999999933e+01 1.374300000000000033e+01 1.544699999999999918e+01
7.614213197969534885e-01 -3.730999999999999872e+00 -2.810000000000000053e+00 1.280999999999999917e+00 2.887000000000000011e+00 6.535000000000000142e+00 9.243999999999999773e+00 1.285100000000000087e+01 1.305499999999999972e+01 1.381300000000000061e+01 1.550699999999999967e+01
7.664974619289330882e-01 -3.710999999999999854e+00 -2.831999999999999851e+00 1.300999999999999934e+00 2.870999999999999996e+00 6.519999999999999574e+00 9.144999999999999574e+00 1.290399999999999991e+01 1.311299999999999955e+01 1.388299999999999912e+01 1.556799999999999962e+01
7.715736040609129098e-01 -3.692000000000000171e+00 -2.853000000000000203e+00 1.322000000000000064e+00 2.855999999999999872e+00 6.506000000000000227e+00 9.045999999999999375e+00 1.295800000000000018e+01 1.316999999999999993e+01 1.395400000000000063e+01 1.562899999999999956e+01
7.766497461928926205e-01 -3.673999999999999932e+00 -2.874000000000000110e+00 1.344000000000000083e+00 2.841000000000000192e+00 6.490999999999999659e+00 8.948000000000000398e+00 1.301200000000000045e+01 1.322700000000000031e+01 1.402500000000000036e+01 1.569100000000000072e+01
7.817258883248723311e-01 -3.656000000000000139e+00 -2.894000000000000128e+00 1.368000000000000105e+00 2.826000000000000068e+00 6.477000000000000313e+00 8.851000000000000867e+00 1.306700000000000017e+01 1.328400000000000070e+01 1.409600000000000009e+01 1.575300000000000011e+01
7.868020304568520418e-01 -3.638999999999999790e+00 -2.914000000000000146e+00 1.391999999999999904e+00 2.811999999999999833e+00 6.463000000000000078e+00 8.753999999999999559e+00 1.312100000000000044e+01 1.334099999999999930e+01 1.416799999999999926e+01 1.581600000000000072e+01
7.918781725888317524e-01 -3.621999999999999886e+00 -2.932999999999999829e+00 1.417000000000000037e+00 2.798000000000000043e+00 6.450000000000000178e+00 8.657999999999999474e+00 1.317600000000000016e+01 1.339700000000000024e+01 1.424099999999999966e+01 1.587899999999999956e+01
7.969543147208114631e-01 -3.605999999999999872e+00 -2.951999999999999957e+00 1.441999999999999948e+00 2.783999999999999808e+00 6.435999999999999943e+00 8.564000000000000057e+00 1.323099999999999987e+01 1.345400000000000063e+01 1.431400000000000006e+01 1.594299999999999962e+01
8.020304568527911737e-01 -3.589999999999999858e+00 -2.970000000000000195e+00 1.469000000000000083e+00 2.770000000000000018e+00 6.423000000000000043e+00 8.470000000000000639e+00 1.328599999999999959e+01 1.350999999999999979e+01 1.438700000000000045e+01 1.600700000000000145e+01
8.071065989847708844e-01 -3.575000000000000178e+00 -2.987999999999999989e+00 1.497000000000000108e+00 2.757000000000000117e+00 6.410999999999999588e+00 8.375999999999999446e+00 1.334099999999999930e+01 1.356700000000000017e+01 1.446000000000000085e+01 1.607100000000000151e+01
8.121827411167505950e-01 -3.560000000000000053e+00 -3.005999999999999783e+00 1.524999999999999911e+00 2.744000000000000217e+00 6.397999999999999687e+00 8.284000000000000696e+00 1.339700000000000024e+01 1.362299999999999933e+01 1.453400000000000070e+01 1.613599999999999923e+01
8.172588832487303057e-01 -3.545999999999999819e+00 -3.023000000000000131e+00 1.554999999999999938e+00 2.732000000000000206e+00 6.386000000000000121e+00 8.192999999999999616e+00 1.345199999999999996e+01 1.367800000000000082e+01 1.460899999999999999e+01 1.620100000000000051e+01
8.223350253807100163e-01 -3.532999999999999918e+00 -3.040000000000000036e+00 1.584999999999999964e+00 2.718999999999999861e+00 6.373999999999999666e+00 8.102999999999999758e+00 1.350799999999999912e+01 1.373399999999999999e+01 1.468299999999999983e+01 1.626699999999999946e+01
8.274111675126897270e-01 -3.520000000000000018e+00 -3.056000000000000050e+00 1.614999999999999991e+00 2.708000000000000185e+00 6.363000000000000433e+00 8.013999999999999346e+00 1.356300000000000061e+01 1.378800000000000026e+01 1.475799999999999912e+01 1.633299999999999841e+01
8.324873096446694376e-01 -3.507000000000000117e+00 -3.071000000000000174e+00 1.647000000000000020e+00 2.696000000000000174e+00 6.350999999999999979e+00 7.926000000000000156e+00 1.361899999999999977e+01 1.384299999999999997e+01 1.483399999999999963e+01 1.639900000000000091e+01
8.375634517766491483e-01 -3.495000000000000107e+00 -3.085999999999999854e+00 1.679000000000000048e+00 2.685000000000000053e+00 6.339999999999999858e+00 7.839000000000000412e+00 1.367500000000000071e+01 1.389700000000000024e+01 1.490900000000000070e+01 1.646600000000000108e+01
8.426395939086288589e-01 -3.483999999999999986e+00 -3.100999999999999979e+00 1.711000000000000076e+00 2.673999999999999932e+00 6.330000000000000071e+00 7.753999999999999559e+00 1.373000000000000043e+01 1.395100000000000051e+01 1.498499999999999943e+01 1.653300000000000125e+01
8.477157360406085695e-01 -3.472999999999999865e+00 -3.115000000000000213e+00 1.743999999999999995e+00 2.662999999999999812e+00 6.318999999999999950e+00 7.668999999999999595e+00 1.378599999999999959e+01 1.400399999999999956e+01 1.506199999999999939e+01 1.660099999999999909e+01
8.527918781725882802e-01 -3.462000000000000188e+00 -3.129000000000000004e+00 1.778000000000000025e+00 2.653000000000000025e+00 6.309000000000000163e+00 7.586999999999999744e+00 1.384099999999999930e+01 1.405599999999999916e+01 1.513799999999999990e+01 1.666799999999999926e+01
8.578680203045679908e-01 -3.451999999999999957e+00 -3.141999999999999904e+00 1.812000000000000055e+00 2.642999999999999794e+00 6.299999999999999822e+00 7.504999999999999893e+00 1.389600000000000080e+01 1.410800000000000054e+01 1.521499999999999986e+01 1.673600000000000065e+01
8.629441624365477015e-01 -3.442000000000000171e+00 -3.154999999999999805e+00 1.846000000000000085e+00 2.633999999999999897e+00 6.290000000000000036e+00 7.424999999999999822e+00 1.395100000000000051e+01 1.415900000000000070e+01 1.529199999999999982e+01 1.680399999999999849e+01
8.680203045685274121e-01 -3.432999999999999829e+00 -3.168000000000000149e+00 1.879999999999999893e+00 2.624000000000000110e+00 6.280999999999999694e+00 7.346000000000000085e+00 1.400600000000000023e+01 1.420899999999999963e+01 1.536899999999999977e+01 1.687300000000000111e+01
8.730964467005071228e-01 -3.423999999999999932e+00 -3.180000000000000160e+00 1.915000000000000036e+00 2.615000000000000213e+00 6.272999999999999687e+00 7.269000000000000128e+00 1.406099999999999994e+01 1.425799999999999912e+01 1.544599999999999973e+01 1.694099999999999895e+01
8.781725888324868334e-01 -3.415999999999999925e+00 -3.190999999999999837e+00 1.949000000000000066e+00 2.607000000000000206e+00 6.264000000000000234e+00 7.193999999999999950e+00 1.411500000000000021e+01 1.430700000000000038e+01 1.552399999999999913e+01 1.701000000000000156e+01
8.832487309644665441e-01 -3.407999999999999918e+00 -3.201999999999999957e+00 1.983999999999999986e+00 2.599000000000000199e+00 6.256000000000000227e+00 7.120000000000000107e+00 1.416799999999999926e+01 1.435399999999999920e+01 1.560100000000000087e+01 1.707900000000000063e+01
8.883248730964462547e-01 -3.400999999999999801e+00 -3.213000000000000078e+00 2.017999999999999794e+00 2.591000000000000192e+00 6.248000000000000220e+00 7.049000000000000377e+00 1.422100000000000009e+01 1.440099999999999980e+01 1.567900000000000027e+01 1.714799999999999969e+01
8.934010152284259654e-01 -3.394000000000000128e+00 -3.222999999999999865e+00 2.052000000000000046e+00 2.583000000000000185e+00 6.240999999999999659e+00 6.979000000000000092e+00 1.427399999999999913e+01 1.444599999999999973e+01 1.575699999999999967e+01 1.721699999999999875e+01
8.984771573604056760e-01 -3.387000000000000011e+00 -3.232000000000000206e+00 2.085999999999999854e+00 2.576000000000000068e+00 6.233999999999999986e+00 6.910999999999999588e+00 1.432600000000000051e+01 1.449000000000000021e+01 1.583399999999999963e+01 1.728600000000000136e+01
9.035532994923853867e-01 -3.380999999999999783e+00 -3.241000000000000103e+00 2.120000000000000107e+00 2.568999999999999950e+00 6.227000000000000313e+00 6.844999999999999751e+00 1.437700000000000067e+01 1.453299999999999947e+01 1.591200000000000081e+01 1.735500000000000043e+01
9.086294416243652083e-01 -3.375000000000000000e+00 -3.250000000000000000e+00 2.153000000000000025e+00 2.563000000000000167e+00 6.221000000000000085e+00 6.782000000000000028e+00 1.442699999999999960e+01 1.457399999999999984e+01 1.598900000000000077e+01 1.742399999999999949e+01
9.137055837563448080e-01 -3.369000000000000217e+00 -3.258000000000000007e+00 2.185000000000000053e+00 2.556000000000000050e+00 6.214999999999999858e+00 6.721000000000000085e+00 1.447600000000000087e+01 1.461400000000000077e+01 1.606599999999999895e+01 1.749200000000000088e+01
9.187817258883246296e-01 -3.363999999999999879e+00 -3.266000000000000014e+00 2.217000000000000082e+00 2.551000000000000156e+00 6.208999999999999631e+00 6.661999999999999922e+00 1.452399999999999913e+01 1.465199999999999925e+01 1.614300000000000068e+01 1.746600000000000108e+01
9.238578680203042293e-01 -3.358999999999999986e+00 -3.273000000000000131e+00 2.246999999999999886e+00 2.544999999999999929e+00 6.203000000000000291e+00 6.605999999999999872e+00 1.457099999999999973e+01 1.468900000000000006e+01 1.621900000000000119e+01 1.742000000000000171e+01
9.289340101522840509e-01 -3.354999999999999982e+00 -3.279999999999999805e+00 2.277000000000000135e+00 2.540000000000000036e+00 6.198000000000000398e+00 6.551999999999999602e+00 1.461599999999999966e+01 1.472400000000000020e+01 1.629400000000000048e+01 1.737600000000000122e+01
9.340101522842637616e-01 -3.350999999999999979e+00 -3.286000000000000032e+00 2.305000000000000160e+00 2.535000000000000142e+00 6.193999999999999950e+00 6.501999999999999780e+00 1.465900000000000070e+01 1.475699999999999967e+01 1.636799999999999855e+01 1.733399999999999963e+01
9.390862944162434722e-01 -3.346999999999999975e+00 -3.291999999999999815e+00 2.331999999999999851e+00 2.531000000000000139e+00 6.189000000000000057e+00 6.453999999999999737e+00 1.470100000000000051e+01 1.478800000000000026e+01 1.644200000000000017e+01 1.729299999999999926e+01
9.441624365482231829e-01 -3.342999999999999972e+00 -3.297000000000000153e+00 2.358000000000000096e+00 2.527000000000000135e+00 6.184999999999999609e+00 6.410000000000000142e+00 1.474099999999999966e+01 1.481700000000000017e+01 1.651399999999999935e+01 1.725400000000000134e+01
9.492385786802028935e-01 -3.339999999999999858e+00 -3.302000000000000046e+00 2.382000000000000117e+00 2.523000000000000131e+00 6.182000000000000384e+00 6.368999999999999773e+00 1.477899999999999991e+01 1.484399999999999942e+01 1.658399999999999963e+01 1.721699999999999875e+01
9.543147208121826042e-01 -3.337000000000000188e+00 -3.306999999999999940e+00 2.403999999999999915e+00 2.520000000000000018e+00 6.177999999999999936e+00 6.331000000000000405e+00 1.481400000000000006e+01 1.486899999999999977e+01 1.665200000000000102e+01 1.718199999999999861e+01
9.593908629441623148e-01 -3.334999999999999964e+00 -3.310999999999999943e+00 2.424999999999999822e+00 2.516999999999999904e+00 6.174999999999999822e+00 6.296999999999999709e+00 1.484600000000000009e+01 1.489100000000000001e+01 1.671699999999999875e+01 1.714999999999999858e+01
9.644670050761420255e-01 -3.333000000000000185e+00 -3.314000000000000057e+00 2.443000000000000060e+00 2.513999999999999790e+00 6.173000000000000043e+00 6.266000000000000014e+00 1.487500000000000000e+01 1.491099999999999959e+01 1.677799999999999869e+01 1.712199999999999989e+01
9.695431472081217361e-01 -3.330999999999999961e+00 -3.317000000000000171e+00 2.459000000000000075e+00 2.512000000000000011e+00 6.169999999999999929e+00 6.240000000000000213e+00 1.490099999999999980e+01 1.492800000000000082e+01 1.683500000000000085e+01 1.709600000000000009e+01
9.746192893401014468e-01 -3.329000000000000181e+00 -3.319999999999999840e+00 2.472999999999999865e+00 2.509999999999999787e+00 6.168999999999999595e+00 6.216999999999999638e+00 1.492399999999999949e+01 1.494299999999999962e+01 1.688700000000000045e+01 1.707400000000000162e+01
9.796954314720811574e-01 -3.327999999999999847e+00 -3.322000000000000064e+00 2.484999999999999876e+00 2.508000000000000007e+00 6.166999999999999815e+00 6.198000000000000398e+00 1.494299999999999962e+01 1.495599999999999952e+01 1.693199999999999861e+01 1.705499999999999972e+01
9.847715736040608681e-01 -3.326999999999999957e+00 -3.322999999999999954e+00 2.494000000000000217e+00 2.507000000000000117e+00 6.166000000000000369e+00 6.182999999999999829e+00 1.495800000000000018e+01 1.496499999999999986e+01 1.696999999999999886e+01 1.703999999999999915e+01
9.898477157360405787e-01 -3.326000000000000068e+00 -3.325000000000000178e+00 2.500000000000000000e+00 2.505999999999999783e+00 6.165000000000000036e+00 6.173000000000000043e+00 1.496899999999999942e+01 1.497199999999999953e+01 1.699800000000000111e+01 1.702899999999999991e+01
9.949238578680202894e-01 -3.326000000000000068e+00 -3.325000000000000178e+00 2.504000000000000004e+00 2.505999999999999783e+00 6.163999999999999702e+00 6.166000000000000369e+00 1.497499999999999964e+01 1.497600000000000087e+01 1.701500000000000057e+01 1.702299999999999969e+01
1.000000000000000000e+00 -3.326000000000000068e+00 -3.326000000000000068e+00 2.504999999999999893e+00 2.504999999999999893e+00 6.163999999999999702e+00 6.163999999999999702e+00 1.497700000000000031e+01 1.497700000000000031e+01 1.702100000000000080e+01 1.702100000000000080e+01
