0.000000000000000000e+00 -7.136000000000000121e+00 5.458000000000000185e+00 5.509000000000000341e+00 5.509000000000000341e+00 5.509000000000000341e+00 8.057000000000000384e+00 8.057000000000000384e+00 8.057000000000000384e+00 1.185800000000000054e+01 1.491200000000000081e+01
1.000000000000000021e-02 -7.136000000000000121e+00 5.395999999999999908e+00 5.509000000000000341e+00 5.509000000000000341e+00 5.570000000000000284e+00 8.057000000000000384e+00 8.057000000000000384e+00 8.057999999999999829e+00 1.185999999999999943e+01 1.490900000000000070e+01
2.000000000000000042e-02 -7.134999999999999787e+00 5.312000000000000277e+00 5.506999999999999673e+00 5.506999999999999673e+00 5.647999999999999687e+00 8.060000000000000497e+00 8.060000000000000497e+00 8.060999999999999943e+00 1.186599999999999966e+01 1.489899999999999913e+01
2.999999999999999889e-02 -7.133000000000000007e+00 5.225999999999999979e+00 5.503000000000000114e+00 5.503000000000000114e+00 5.724000000000000199e+00 8.064000000000000057e+00 8.064000000000000057e+00 8.066000000000000725e+00 1.187500000000000000e+01 1.488400000000000034e+01
4.000000000000000083e-02 -7.131000000000000227e+00 5.137999999999999901e+00 5.498999999999999666e+00 5.498999999999999666e+00 5.799000000000000377e+00 8.070999999999999730e+00 8.070999999999999730e+00 8.073999999999999844e+00 1.188700000000000045e+01 1.486299999999999955e+01
5.000000000000000278e-02 -7.128999999999999559e+00 5.048000000000000043e+00 5.493000000000000327e+00 5.493000000000000327e+00 5.871000000000000441e+00 8.077999999999999403e+00 8.077999999999999403e+00 8.083999999999999631e+00 1.190300000000000047e+01 1.483699999999999974e+01
5.999999999999999778e-02 -7.125000000000000000e+00 4.956999999999999851e+00 5.485999999999999766e+00 5.485999999999999766e+00 5.940000000000000391e+00 8.087999999999999190e+00 8.087999999999999190e+00 8.096999999999999531e+00 1.192200000000000060e+01 1.480599999999999916e+01
7.000000000000000666e-02 -7.121000000000000441e+00 4.865000000000000213e+00 5.477999999999999758e+00 5.477999999999999758e+00 6.006000000000000227e+00 8.099000000000000199e+00 8.099000000000000199e+00 8.112000000000000099e+00 1.194500000000000028e+01 1.477299999999999969e+01
8.000000000000000167e-02 -7.116999999999999993e+00 4.772999999999999687e+00 5.467999999999999972e+00 5.467999999999999972e+00 6.067999999999999616e+00 8.112000000000000099e+00 8.112000000000000099e+00 8.130000000000000782e+00 1.197100000000000009e+01 1.473600000000000065e+01
8.999999999999999667e-02 -7.112000000000000099e+00 4.679000000000000270e+00 5.458000000000000185e+00 5.458000000000000185e+00 6.126999999999999780e+00 8.125999999999999446e+00 8.125999999999999446e+00 8.151999999999999247e+00 1.200099999999999945e+01 1.469699999999999918e+01
1.000000000000000056e-01 -7.105999999999999872e+00 4.584999999999999964e+00 5.445999999999999730e+00 5.445999999999999730e+00 6.182000000000000384e+00 8.141999999999999460e+00 8.141999999999999460e+00 8.176999999999999602e+00 1.203299999999999947e+01 1.465700000000000003e+01
1.100000000000000006e-01 -7.099999999999999645e+00 4.490000000000000213e+00 5.434000000000000163e+00 5.434000000000000163e+00 6.232000000000000206e+00 8.159000000000000696e+00 8.159000000000000696e+00 8.205000000000000071e+00 1.206799999999999962e+01 1.461500000000000021e+01
1.199999999999999956e-01 -7.092999999999999972e+00 4.394999999999999574e+00 5.419999999999999929e+00 5.419999999999999929e+00 6.277999999999999581e+00 8.176999999999999602e+00 8.176999999999999602e+00 8.237000000000000099e+00 1.210699999999999932e+01 1.457199999999999918e+01
1.300000000000000044e-01 -7.086000000000000298e+00 4.299000000000000377e+00 5.405999999999999694e+00 5.405999999999999694e+00 6.320000000000000284e+00 8.196999999999999176e+00 8.196999999999999176e+00 8.272000000000000242e+00 1.214799999999999969e+01 1.452800000000000047e+01
1.400000000000000133e-01 -7.076999999999999957e+00 4.203000000000000291e+00 5.391000000000000014e+00 5.391000000000000014e+00 6.357000000000000206e+00 8.217999999999999972e+00 8.217999999999999972e+00 8.311999999999999389e+00 1.219200000000000017e+01 1.448399999999999999e+01
1.499999999999999944e-01 -7.068999999999999950e+00 4.105999999999999872e+00 5.375000000000000000e+00 5.375000000000000000e+00 6.389999999999999680e+00 8.239000000000000767e+00 8.239000000000000767e+00 8.355000000000000426e+00 1.223900000000000077e+01 1.444100000000000072e+01
1.600000000000000033e-01 -7.059999999999999609e+00 4.009000000000000341e+00 5.357999999999999652e+00 5.357999999999999652e+00 6.418000000000000149e+00 8.262000000000000455e+00 8.262000000000000455e+00 8.401999999999999247e+00 1.228800000000000026e+01 1.439700000000000024e+01
1.700000000000000122e-01 -7.049999999999999822e+00 3.911999999999999922e+00 5.341000000000000192e+00 5.341000000000000192e+00 6.442000000000000171e+00 8.285999999999999588e+00 8.285999999999999588e+00 8.451999999999999957e+00 1.233900000000000041e+01 1.435399999999999920e+01
1.799999999999999933e-01 -7.038999999999999702e+00 3.814999999999999947e+00 5.323000000000000398e+00 5.323000000000000398e+00 6.461999999999999744e+00 8.310999999999999943e+00 8.310999999999999943e+00 8.506000000000000227e+00 1.239199999999999946e+01 1.431099999999999994e+01
1.900000000000000022e-01 -7.027999999999999581e+00 3.717000000000000082e+00 5.304000000000000270e+00 5.304000000000000270e+00 6.477999999999999758e+00 8.336999999999999744e+00 8.336999999999999744e+00 8.563000000000000611e+00 1.244699999999999918e+01 1.426900000000000013e+01
2.000000000000000111e-01 -7.017000000000000348e+00 3.620000000000000107e+00 5.285000000000000142e+00 5.285000000000000142e+00 6.490000000000000213e+00 8.362999999999999545e+00 8.362999999999999545e+00 8.624000000000000554e+00 1.250399999999999956e+01 1.422799999999999976e+01
2.099999999999999922e-01 -7.003999999999999559e+00 3.521999999999999797e+00 5.264999999999999680e+00 5.264999999999999680e+00 6.498999999999999666e+00 8.390000000000000568e+00 8.390000000000000568e+00 8.686999999999999389e+00 1.256199999999999939e+01 1.418800000000000061e+01
2.200000000000000011e-01 -6.991999999999999993e+00 3.424999999999999822e+00 5.245000000000000107e+00 5.245000000000000107e+00 6.504999999999999893e+00 8.416999999999999815e+00 8.416999999999999815e+00 8.753000000000000114e+00 1.262199999999999989e+01 1.414899999999999913e+01
2.300000000000000100e-01 -6.977999999999999758e+00 3.326999999999999957e+00 5.224999999999999645e+00 5.224999999999999645e+00 6.506999999999999673e+00 8.445000000000000284e+00 8.445000000000000284e+00 8.821999999999999176e+00 1.268200000000000038e+01 1.411200000000000010e+01
2.399999999999999911e-01 -6.964000000000000412e+00 3.229999999999999982e+00 5.203999999999999737e+00 5.203999999999999737e+00 6.506999999999999673e+00 8.474000000000000199e+00 8.474000000000000199e+00 8.893000000000000682e+00 1.274399999999999977e+01 1.407499999999999929e+01
2.500000000000000000e-01 -6.950000000000000178e+00 3.132000000000000117e+00 5.182999999999999829e+00 5.182999999999999829e+00 6.504999999999999893e+00 8.502000000000000668e+00 8.502000000000000668e+00 8.964999999999999858e+00 1.280599999999999916e+01 1.403999999999999915e+01
2.600000000000000089e-01 -6.934999999999999609e+00 3.035000000000000142e+00 5.160999999999999588e+00 5.160999999999999588e+00 6.501000000000000334e+00 8.531000000000000583e+00 8.531000000000000583e+00 9.039999999999999147e+00 1.286800000000000033e+01 1.400600000000000023e+01
2.700000000000000178e-01 -6.918999999999999595e+00 2.938000000000000167e+00 5.139999999999999680e+00 5.139999999999999680e+00 6.493999999999999773e+00 8.560000000000000497e+00 8.560000000000000497e+00 9.115999999999999659e+00 1.292900000000000027e+01 1.397400000000000020e+01
2.800000000000000266e-01 -6.902999999999999581e+00 2.841000000000000192e+00 5.118000000000000327e+00 5.118000000000000327e+00 6.485999999999999766e+00 8.589000000000000412e+00 8.589000000000000412e+00 9.194000000000000838e+00 1.299099999999999966e+01 1.394400000000000084e+01
2.899999999999999800e-01 -6.886000000000000121e+00 2.744000000000000217e+00 5.096000000000000085e+00 5.096000000000000085e+00 6.475999999999999979e+00 8.618999999999999773e+00 8.618999999999999773e+00 9.272999999999999687e+00 1.305100000000000016e+01 1.391499999999999915e+01
2.999999999999999889e-01 -6.868999999999999773e+00 2.646999999999999797e+00 5.073999999999999844e+00 5.073999999999999844e+00 6.464999999999999858e+00 8.647999999999999687e+00 8.647999999999999687e+00 9.352999999999999758e+00 1.310999999999999943e+01 1.388799999999999990e+01
3.099999999999999978e-01 -6.850999999999999979e+00 2.551000000000000156e+00 5.051999999999999602e+00 5.051999999999999602e+00 6.453000000000000291e+00 8.676999999999999602e+00 8.676999999999999602e+00 9.435000000000000497e+00 1.316699999999999982e+01 1.386299999999999955e+01
3.200000000000000067e-01 -6.831999999999999851e+00 2.455000000000000071e+00 5.030000000000000249e+00 5.030000000000000249e+00 6.440000000000000391e+00 8.705999999999999517e+00 8.705999999999999517e+00 9.516999999999999460e+00 1.322100000000000009e+01 1.383999999999999986e+01
3.300000000000000155e-01 -6.812999999999999723e+00 2.358999999999999986e+00 5.008000000000000007e+00 5.008000000000000007e+00 6.424999999999999822e+00 8.733999999999999986e+00 8.733999999999999986e+00 9.599999999999999645e+00 1.327299999999999969e+01 1.381799999999999962e+01
3.400000000000000244e-01 -6.793999999999999595e+00 2.263999999999999790e+00 4.985999999999999766e+00 4.985999999999999766e+00 6.410000000000000142e+00 8.762000000000000455e+00 8.762000000000000455e+00 9.683999999999999275e+00 1.332099999999999973e+01 1.379899999999999949e+01
3.499999999999999778e-01 -6.774000000000000021e+00 2.169000000000000039e+00 4.964000000000000412e+00 4.964000000000000412e+00 6.394000000000000128e+00 8.789999999999999147e+00 8.789999999999999147e+00 9.769000000000000128e+00 1.336599999999999966e+01 1.378200000000000003e+01
3.599999999999999867e-01 -6.753000000000000114e+00 2.073999999999999844e+00 4.942000000000000171e+00 4.942000000000000171e+00 6.378000000000000114e+00 8.817000000000000171e+00 8.817000000000000171e+00 9.855000000000000426e+00 1.340600000000000058e+01 1.376699999999999946e+01
3.699999999999999956e-01 -6.732000000000000206e+00 1.979999999999999982e+00 4.919999999999999929e+00 4.919999999999999929e+00 6.360999999999999766e+00 8.843999999999999417e+00 8.843999999999999417e+00 9.941000000000000725e+00 1.344200000000000017e+01 1.375399999999999956e+01
3.800000000000000044e-01 -6.709999999999999964e+00 1.885999999999999899e+00 4.899000000000000021e+00 4.899000000000000021e+00 6.344000000000000306e+00 8.869999999999999218e+00 8.869999999999999218e+00 1.002699999999999925e+01 1.347300000000000075e+01 1.374300000000000033e+01
3.900000000000000133e-01 -6.687999999999999723e+00 1.792000000000000037e+00 4.876999999999999780e+00 4.876999999999999780e+00 6.325999999999999623e+00 8.896000000000000796e+00 8.896000000000000796e+00 1.011400000000000077e+01 1.349900000000000055e+01 1.373499999999999943e+01
4.000000000000000222e-01 -6.665000000000000036e+00 1.699000000000000066e+00 4.855000000000000426e+00 4.855000000000000426e+00 6.307999999999999829e+00 8.919999999999999929e+00 8.919999999999999929e+00 1.020100000000000051e+01 1.352100000000000080e+01 1.372899999999999920e+01
4.099999999999999756e-01 -6.642000000000000348e+00 1.606999999999999984e+00 4.833999999999999631e+00 4.833999999999999631e+00 6.288999999999999702e+00 8.944000000000000838e+00 8.944000000000000838e+00 1.028899999999999970e+01 1.353700000000000081e+01 1.372499999999999964e+01
4.199999999999999845e-01 -6.618000000000000327e+00 1.514999999999999902e+00 4.812999999999999723e+00 4.812999999999999723e+00 6.270999999999999908e+00 8.967999999999999972e+00 8.967999999999999972e+00 1.037700000000000067e+01 1.354899999999999949e+01 1.372400000000000020e+01
4.299999999999999933e-01 -6.594000000000000306e+00 1.423000000000000043e+00 4.791999999999999815e+00 4.791999999999999815e+00 6.251999999999999780e+00 8.990000000000000213e+00 8.990000000000000213e+00 1.046599999999999930e+01 1.355599999999999916e+01 1.372499999999999964e+01
4.400000000000000022e-01 -6.568999999999999950e+00 1.332000000000000073e+00 4.770999999999999908e+00 4.770999999999999908e+00 6.233999999999999986e+00 9.012000000000000455e+00 9.012000000000000455e+00 1.055499999999999972e+01 1.356000000000000050e+01 1.372899999999999920e+01
4.500000000000000111e-01 -6.543000000000000149e+00 1.241999999999999993e+00 4.751000000000000334e+00 4.751000000000000334e+00 6.214999999999999858e+00 9.032000000000000028e+00 9.032000000000000028e+00 1.064400000000000013e+01 1.355899999999999928e+01 1.373499999999999943e+01
4.600000000000000200e-01 -6.517999999999999794e+00 1.151999999999999913e+00 4.730000000000000426e+00 4.730000000000000426e+00 6.195999999999999730e+00 9.051999999999999602e+00 9.051999999999999602e+00 1.073300000000000054e+01 1.355599999999999916e+01 1.374300000000000033e+01
4.699999999999999734e-01 -6.490999999999999659e+00 1.062000000000000055e+00 4.709999999999999964e+00 4.709999999999999964e+00 6.176999999999999602e+00 9.070999999999999730e+00 9.070999999999999730e+00 1.082300000000000040e+01 1.354899999999999949e+01 1.375500000000000078e+01
4.799999999999999822e-01 -6.464999999999999858e+00 9.729999999999999760e-01 4.690000000000000391e+00 4.690000000000000391e+00 6.158999999999999808e+00 9.089000000000000412e+00 9.089000000000000412e+00 1.091300000000000026e+01 1.353999999999999915e+01 1.376800000000000068e+01
4.899999999999999911e-01 -6.437000000000000277e+00 8.850000000000000089e-01 4.671000000000000263e+00 4.671000000000000263e+00 6.139999999999999680e+00 9.105000000000000426e+00 9.105000000000000426e+00 1.100300000000000011e+01 1.352899999999999991e+01 1.378500000000000014e+01
5.000000000000000000e-01 -6.410000000000000142e+00 7.970000000000000417e-01 4.650999999999999801e+00 4.650999999999999801e+00 6.121000000000000441e+00 9.121000000000000441e+00 9.121000000000000441e+00 1.109299999999999997e+01 1.351600000000000001e+01 1.380300000000000082e+01
5.100000000000000089e-01 -6.381999999999999673e+00 7.099999999999999645e-01 4.631999999999999673e+00 4.631999999999999673e+00 6.102999999999999758e+00 9.135999999999999233e+00 9.135999999999999233e+00 1.118299999999999983e+01 1.350200000000000067e+01 1.382499999999999929e+01
5.200000000000000178e-01 -6.352999999999999758e+00 6.239999999999999991e-01 4.613999999999999879e+00 4.613999999999999879e+00 6.084999999999999964e+00 9.150000000000000355e+00 9.150000000000000355e+00 1.127299999999999969e+01 1.348600000000000065e+01 1.384900000000000020e+01
5.300000000000000266e-01 -6.323999999999999844e+00 5.380000000000000338e-01 4.594999999999999751e+00 4.594999999999999751e+00 6.067000000000000171e+00 9.162000000000000810e+00 9.162000000000000810e+00 1.136400000000000077e+01 1.346899999999999942e+01 1.387500000000000000e+01
5.400000000000000355e-01 -6.294999999999999929e+00 4.530000000000000138e-01 4.576999999999999957e+00 4.576999999999999957e+00 6.049000000000000377e+00 9.173999999999999488e+00 9.173999999999999488e+00 1.145400000000000063e+01 1.345199999999999996e+01 1.390399999999999991e+01
5.500000000000000444e-01 -6.264999999999999680e+00 3.689999999999999947e-01 4.559000000000000163e+00 4.559000000000000163e+00 6.032000000000000028e+00 9.185000000000000497e+00 9.185000000000000497e+00 1.154400000000000048e+01 1.343500000000000050e+01 1.393599999999999994e+01
5.600000000000000533e-01 -6.235000000000000320e+00 2.859999999999999765e-01 4.541999999999999815e+00 4.541999999999999815e+00 6.014000000000000234e+00 9.195000000000000284e+00 9.195000000000000284e+00 1.163400000000000034e+01 1.341699999999999982e+01 1.396899999999999942e+01
5.699999999999999512e-01 -6.205000000000000071e+00 2.030000000000000138e-01 4.525000000000000355e+00 4.525000000000000355e+00 5.996999999999999886e+00 9.204000000000000625e+00 9.204000000000000625e+00 1.172300000000000075e+01 1.340000000000000036e+01 1.400600000000000023e+01
5.799999999999999600e-01 -6.174000000000000377e+00 1.209999999999999964e-01 4.508000000000000007e+00 4.508000000000000007e+00 5.980000000000000426e+00 9.211999999999999744e+00 9.211999999999999744e+00 1.181199999999999939e+01 1.338299999999999912e+01 1.404499999999999993e+01
5.899999999999999689e-01 -6.142999999999999794e+00 4.000000000000000083e-02 4.490999999999999659e+00 4.490999999999999659e+00 5.964000000000000412e+00 9.218999999999999417e+00 9.218999999999999417e+00 1.190099999999999980e+01 1.336700000000000088e+01 1.408600000000000030e+01
5.999999999999999778e-01 -6.112000000000000099e+00 -4.000000000000000083e-02 4.474999999999999645e+00 4.474999999999999645e+00 5.948000000000000398e+00 9.224999999999999645e+00 9.224999999999999645e+00 1.198799999999999955e+01 1.335200000000000031e+01 1.412899999999999956e+01
6.099999999999999867e-01 -6.080000000000000071e+00 -1.199999999999999956e-01 4.458999999999999631e+00 4.458999999999999631e+00 5.932000000000000384e+00 9.230999999999999872e+00 9.230999999999999872e+00 1.207499999999999929e+01 1.333799999999999919e+01 1.417500000000000071e+01
6.199999999999999956e-01 -6.048000000000000043e+00 -1.980000000000000093e-01 4.443999999999999950e+00 4.443999999999999950e+00 5.916000000000000369e+00 9.234999999999999432e+00 9.234999999999999432e+00 1.215900000000000070e+01 1.332699999999999996e+01 1.422300000000000075e+01
6.300000000000000044e-01 -6.016000000000000014e+00 -2.760000000000000231e-01 4.429000000000000270e+00 4.429000000000000270e+00 5.900999999999999801e+00 9.239000000000000767e+00 9.239000000000000767e+00 1.224200000000000088e+01 1.331799999999999962e+01 1.427299999999999969e+01
6.400000000000000133e-01 -5.982999999999999652e+00 -3.529999999999999805e-01 4.413999999999999702e+00 4.413999999999999702e+00 5.886000000000000121e+00 9.242000000000000881e+00 9.242000000000000881e+00 1.232199999999999918e+01 1.331199999999999939e+01 1.432499999999999929e+01
6.500000000000000222e-01 -5.950999999999999623e+00 -4.279999999999999916e-01 4.400000000000000355e+00 4.400000000000000355e+00 5.871000000000000441e+00 9.244999999999999218e+00 9.244999999999999218e+00 1.239799999999999969e+01 1.331099999999999994e+01 1.438000000000000078e+01
6.600000000000000311e-01 -5.918000000000000149e+00 -5.030000000000000027e-01 4.386000000000000121e+00 4.386000000000000121e+00 5.857000000000000206e+00 9.246999999999999886e+00 9.246999999999999886e+00 1.246899999999999942e+01 1.331499999999999950e+01 1.443599999999999994e+01
6.700000000000000400e-01 -5.884999999999999787e+00 -5.769999999999999574e-01 4.371999999999999886e+00 4.371999999999999886e+00 5.842999999999999972e+00 9.247999999999999332e+00 9.247999999999999332e+00 1.253400000000000070e+01 1.332600000000000051e+01 1.449499999999999922e+01
6.800000000000000488e-01 -5.852000000000000313e+00 -6.490000000000000213e-01 4.358999999999999986e+00 4.358999999999999986e+00 5.830000000000000071e+00 9.249000000000000554e+00 9.249000000000000554e+00 1.259200000000000053e+01 1.334500000000000064e+01 1.455499999999999972e+01
6.899999999999999467e-01 -5.818999999999999950e+00 -7.209999999999999742e-01 4.346000000000000085e+00 4.346000000000000085e+00 5.817000000000000171e+00 9.250000000000000000e+00 9.250000000000000000e+00 1.264100000000000001e+01 1.337299999999999933e+01 1.461700000000000088e+01
6.999999999999999556e-01 -5.785999999999999588e+00 -7.910000000000000364e-01 4.333999999999999631e+00 4.333999999999999631e+00 5.804000000000000270e+00 9.250000000000000000e+00 9.250000000000000000e+00 1.268099999999999916e+01 1.341200000000000081e+01 1.468200000000000038e+01
7.099999999999999645e-01 -5.753000000000000114e+00 -8.599999999999999867e-01 4.322000000000000064e+00 4.322000000000000064e+00 5.791000000000000369e+00 9.249000000000000554e+00 9.249000000000000554e+00 1.271100000000000030e+01 1.346000000000000085e+01 1.474699999999999989e+01
7.199999999999999734e-01 -5.719999999999999751e+00 -9.280000000000000471e-01 4.309999999999999609e+00 4.309999999999999609e+00 5.778999999999999915e+00 9.247999999999999332e+00 9.247999999999999332e+00 1.273199999999999932e+01 1.351900000000000013e+01 1.481499999999999950e+01
7.299999999999999822e-01 -5.687000000000000277e+00 -9.949999999999999956e-01 4.299000000000000377e+00 4.299000000000000377e+00 5.767999999999999794e+00 9.246999999999999886e+00 9.246999999999999886e+00 1.274600000000000044e+01 1.358500000000000085e+01 1.488400000000000034e+01
7.399999999999999911e-01 -5.653999999999999915e+00 -1.060000000000000053e+00 4.288000000000000256e+00 4.288000000000000256e+00 5.756999999999999673e+00 9.246000000000000441e+00 9.246000000000000441e+00 1.275399999999999956e+01 1.365900000000000070e+01 1.495500000000000007e+01
7.500000000000000000e-01 -5.621000000000000441e+00 -1.124000000000000110e+00 4.277000000000000135e+00 4.277000000000000135e+00 5.746000000000000441e+00 9.243999999999999773e+00 9.243999999999999773e+00 1.275799999999999912e+01 1.373799999999999955e+01 1.502800000000000047e+01
7.600000000000000089e-01 -5.589000000000000412e+00 -1.185999999999999943e+00 4.267000000000000348e+00 4.267000000000000348e+00 5.735000000000000320e+00 9.242000000000000881e+00 9.242000000000000881e+00 1.275799999999999912e+01 1.382099999999999973e+01 1.510200000000000031e+01
7.700000000000000178e-01 -5.557000000000000384e+00 -1.247000000000000108e+00 4.258000000000000007e+00 4.258000000000000007e+00 5.724999999999999645e+00 9.240000000000000213e+00 9.240000000000000213e+00 1.275500000000000078e+01 1.390799999999999947e+01 1.517699999999999960e+01
7.800000000000000266e-01 -5.525000000000000355e+00 -1.306000000000000050e+00 4.248000000000000220e+00 4.248000000000000220e+00 5.716000000000000192e+00 9.237999999999999545e+00 9.237999999999999545e+00 1.275099999999999945e+01 1.399699999999999989e+01 1.525399999999999956e+01
7.900000000000000355e-01 -5.493999999999999773e+00 -1.364000000000000101e+00 4.240000000000000213e+00 4.240000000000000213e+00 5.706000000000000405e+00 9.234999999999999432e+00 9.234999999999999432e+00 1.274499999999999922e+01 1.408900000000000041e+01 1.533200000000000074e+01
8.000000000000000444e-01 -5.463000000000000078e+00 -1.419999999999999929e+00 4.230999999999999872e+00 4.230999999999999872e+00 5.698000000000000398e+00 9.233000000000000540e+00 9.233000000000000540e+00 1.273799999999999955e+01 1.418299999999999983e+01 1.541099999999999959e+01
8.100000000000000533e-01 -5.432999999999999829e+00 -1.473999999999999977e+00 4.222999999999999865e+00 4.222999999999999865e+00 5.689000000000000057e+00 9.230000000000000426e+00 9.230000000000000426e+00 1.273000000000000043e+01 1.427800000000000047e+01 1.549099999999999966e+01
8.199999999999999512e-01 -5.403999999999999915e+00 -1.526000000000000023e+00 4.214999999999999858e+00 4.214999999999999858e+00 5.681000000000000050e+00 9.227999999999999758e+00 9.227999999999999758e+00 1.272300000000000075e+01 1.437400000000000055e+01 1.557300000000000040e+01
8.299999999999999600e-01 -5.375000000000000000e+00 -1.576000000000000068e+00 4.208000000000000185e+00 4.208000000000000185e+00 5.674000000000000377e+00 9.224999999999999645e+00 9.224999999999999645e+00 1.271499999999999986e+01 1.447100000000000009e+01 1.565499999999999936e+01
8.399999999999999689e-01 -5.347000000000000419e+00 -1.624000000000000110e+00 4.200999999999999623e+00 4.200999999999999623e+00 5.666999999999999815e+00 9.221999999999999531e+00 9.221999999999999531e+00 1.270700000000000074e+01 1.456900000000000084e+01 1.573799999999999955e+01
8.499999999999999778e-01 -5.320999999999999730e+00 -1.669999999999999929e+00 4.195000000000000284e+00 4.195000000000000284e+00 5.660000000000000142e+00 9.220000000000000639e+00 9.220000000000000639e+00 1.269899999999999984e+01 1.466799999999999926e+01 1.582199999999999918e+01
8.599999999999999867e-01 -5.294999999999999929e+00 -1.713999999999999968e+00 4.189000000000000057e+00 4.189000000000000057e+00 5.653999999999999915e+00 9.217000000000000526e+00 9.217000000000000526e+00 1.269100000000000072e+01 1.476699999999999946e+01 1.590700000000000003e+01
8.699999999999999956e-01 -5.269999999999999574e+00 -1.754999999999999893e+00 4.182999999999999829e+00 4.182999999999999829e+00 5.647999999999999687e+00 9.214999999999999858e+00 9.214999999999999858e+00 1.268399999999999928e+01 1.486700000000000088e+01 1.599200000000000088e+01
8.800000000000000044e-01 -5.246999999999999886e+00 -1.794000000000000039e+00 4.177999999999999936e+00 4.177999999999999936e+00 5.642000000000000348e+00 9.212999999999999190e+00 9.212999999999999190e+00 1.267699999999999960e+01 1.496700000000000053e+01 1.607700000000000173e+01
8.900000000000000133e-01 -5.224999999999999645e+00 -1.830000000000000071e+00 4.173000000000000043e+00 4.173000000000000043e+00 5.636999999999999567e+00 9.211000000000000298e+00 9.211000000000000298e+00 1.267099999999999937e+01 1.506799999999999962e+01 1.616300000000000026e+01
9.000000000000000222e-01 -5.203999999999999737e+00 -1.864000000000000101e+00 4.168999999999999595e+00 4.168999999999999595e+00 5.633000000000000007e+00 9.208999999999999631e+00 9.208999999999999631e+00 1.266499999999999915e+01 1.516799999999999926e+01 1.624699999999999989e+01
9.100000000000000311e-01 -5.184999999999999609e+00 -1.895000000000000018e+00 4.165000000000000036e+00 4.165000000000000036e+00 5.628999999999999559e+00 9.207000000000000739e+00 9.207000000000000739e+00 1.265900000000000070e+01 1.526800000000000068e+01 1.633099999999999952e+01
9.200000000000000400e-01 -5.168000000000000149e+00 -1.921999999999999931e+00 4.160999999999999588e+00 4.160999999999999588e+00 5.625000000000000000e+00 9.205000000000000071e+00 9.205000000000000071e+00 1.265399999999999991e+01 1.536800000000000033e+01 1.641400000000000148e+01
9.300000000000000488e-01 -5.152000000000000135e+00 -1.947000000000000064e+00 4.158000000000000362e+00 4.158000000000000362e+00 5.621999999999999886e+00 9.204000000000000625e+00 9.204000000000000625e+00 1.265000000000000036e+01 1.546700000000000053e+01 1.649500000000000099e+01
9.399999999999999467e-01 -5.139000000000000234e+00 -1.969000000000000083e+00 4.155000000000000249e+00 4.155000000000000249e+00 5.618999999999999773e+00 9.201999999999999957e+00 9.201999999999999957e+00 1.264600000000000080e+01 1.556499999999999950e+01 1.657199999999999918e+01
9.499999999999999556e-01 -5.126999999999999780e+00 -1.987000000000000099e+00 4.152999999999999581e+00 4.152999999999999581e+00 5.616999999999999993e+00 9.201000000000000512e+00 9.201000000000000512e+00 1.264199999999999946e+01 1.566200000000000081e+01 1.664399999999999835e+01
9.599999999999999645e-01 -5.116999999999999993e+00 -2.003000000000000114e+00 4.150999999999999801e+00 4.150999999999999801e+00 5.615000000000000213e+00 9.199999999999999289e+00 9.199999999999999289e+00 1.264000000000000057e+01 1.575600000000000023e+01 1.667099999999999937e+01
9.699999999999999734e-01 -5.110000000000000320e+00 -2.015000000000000124e+00 4.150000000000000355e+00 4.150000000000000355e+00 5.613000000000000433e+00 9.198999999999999844e+00 9.198999999999999844e+00 1.263700000000000045e+01 1.584500000000000064e+01 1.658500000000000085e+01
9.799999999999999822e-01 -5.104000000000000092e+00 -2.023000000000000131e+00 4.149000000000000021e+00 4.149000000000000021e+00 5.612000000000000099e+00 9.198999999999999844e+00 9.198999999999999844e+00 1.263599999999999923e+01 1.592399999999999949e+01 1.650799999999999912e+01
9.899999999999999911e-01 -5.100999999999999979e+00 -2.028000000000000025e+00 4.147999999999999687e+00 4.147999999999999687e+00 5.610999999999999766e+00 9.198000000000000398e+00 9.198000000000000398e+00 1.263499999999999979e+01 1.598399999999999999e+01 1.644900000000000162e+01
1.000000000000000000e+00 -5.099999999999999645e+00 -2.029999999999999805e+00 4.147999999999999687e+00 4.147999999999999687e+00 5.610999999999999766e+00 9.198000000000000398e+00 9.198000000000000398e+00 1.263499999999999979e+01 1.600799999999999912e+01 1.642599999999999838e+01
