0.000000000000000000e+00 -7.136000000000000121e+00 5.458000000000000185e+00 5.509000000000000341e+00 5.509000000000000341e+00 5.509000000000000341e+00 8.057000000000000384e+00 8.057000000000000384e+00 8.057000000000000384e+00 1.185800000000000054e+01 1.491200000000000081e+01
1.010101010101010187e-02 -7.136000000000000121e+00 5.384000000000000341e+00 5.506999999999999673e+00 5.506999999999999673e+00 5.583000000000000185e+00 8.054999999999999716e+00 8.058999999999999275e+00 8.058999999999999275e+00 1.186100000000000065e+01 1.490300000000000047e+01
2.020202020202020374e-02 -7.134999999999999787e+00 5.290000000000000036e+00 5.501000000000000334e+00 5.501000000000000334e+00 5.676999999999999602e+00 8.051000000000000156e+00 8.067000000000000171e+00 8.067000000000000171e+00 1.186800000000000033e+01 1.487599999999999945e+01
3.030303030303030387e-02 -7.133000000000000007e+00 5.193999999999999950e+00 5.490999999999999659e+00 5.490999999999999659e+00 5.772999999999999687e+00 8.042999999999999261e+00 8.080000000000000071e+00 8.080000000000000071e+00 1.188000000000000078e+01 1.483399999999999963e+01
4.040404040404040747e-02 -7.129999999999999893e+00 5.097999999999999865e+00 5.475999999999999979e+00 5.475999999999999979e+00 5.868000000000000327e+00 8.032999999999999474e+00 8.098000000000000753e+00 8.098000000000000753e+00 1.189600000000000080e+01 1.477800000000000047e+01
5.050505050505051108e-02 -7.126000000000000334e+00 5.001999999999999780e+00 5.458000000000000185e+00 5.458000000000000185e+00 5.963000000000000078e+00 8.019999999999999574e+00 8.121000000000000441e+00 8.121000000000000441e+00 1.191799999999999926e+01 1.471000000000000085e+01
6.060606060606060774e-02 -7.121999999999999886e+00 4.905000000000000249e+00 5.437000000000000277e+00 5.437000000000000277e+00 6.057999999999999829e+00 8.005000000000000782e+00 8.147999999999999687e+00 8.147999999999999687e+00 1.194299999999999962e+01 1.463400000000000034e+01
7.070707070707071829e-02 -7.116999999999999993e+00 4.809000000000000163e+00 5.411999999999999922e+00 5.411999999999999922e+00 6.152999999999999581e+00 7.987000000000000099e+00 8.179999999999999716e+00 8.179999999999999716e+00 1.197300000000000075e+01 1.455000000000000071e+01
8.080808080808081495e-02 -7.110999999999999766e+00 4.713000000000000078e+00 5.384000000000000341e+00 5.384000000000000341e+00 6.246999999999999886e+00 7.966000000000000192e+00 8.215999999999999304e+00 8.215999999999999304e+00 1.200699999999999967e+01 1.446000000000000085e+01
9.090909090909091161e-02 -7.104000000000000092e+00 4.615999999999999659e+00 5.352999999999999758e+00 5.352999999999999758e+00 6.341000000000000192e+00 7.942999999999999616e+00 8.256000000000000227e+00 8.256000000000000227e+00 1.204599999999999937e+01 1.436700000000000088e+01
1.010101010101010222e-01 -7.096000000000000085e+00 4.519999999999999574e+00 5.320000000000000284e+00 5.320000000000000284e+00 6.434000000000000163e+00 7.918000000000000149e+00 8.300000000000000711e+00 8.300000000000000711e+00 1.208799999999999919e+01 1.426999999999999957e+01
1.111111111111111188e-01 -7.088000000000000078e+00 4.424000000000000377e+00 5.283999999999999808e+00 5.283999999999999808e+00 6.527000000000000135e+00 7.891000000000000014e+00 8.346999999999999531e+00 8.346999999999999531e+00 1.213400000000000034e+01 1.417099999999999937e+01
1.212121212121212155e-01 -7.078999999999999737e+00 4.328000000000000291e+00 5.246000000000000441e+00 5.246000000000000441e+00 6.620000000000000107e+00 7.862000000000000099e+00 8.397000000000000242e+00 8.397000000000000242e+00 1.218399999999999928e+01 1.407000000000000028e+01
1.313131313131313260e-01 -7.068999999999999950e+00 4.232000000000000206e+00 5.206999999999999851e+00 5.206999999999999851e+00 6.711000000000000298e+00 7.831999999999999851e+00 8.449999999999999289e+00 8.449999999999999289e+00 1.223700000000000010e+01 1.396899999999999942e+01
1.414141414141414366e-01 -7.057999999999999829e+00 4.136000000000000121e+00 5.165000000000000036e+00 5.165000000000000036e+00 6.801999999999999602e+00 7.799999999999999822e+00 8.505000000000000782e+00 8.505000000000000782e+00 1.229400000000000048e+01 1.386700000000000088e+01
1.515151515151515194e-01 -7.046000000000000263e+00 4.040000000000000036e+00 5.123000000000000220e+00 5.123000000000000220e+00 6.892000000000000348e+00 7.766000000000000014e+00 8.564000000000000057e+00 8.564000000000000057e+00 1.235299999999999976e+01 1.376500000000000057e+01
1.616161616161616299e-01 -7.033999999999999808e+00 3.944999999999999840e+00 5.078999999999999737e+00 5.078999999999999737e+00 6.980999999999999872e+00 7.732000000000000206e+00 8.624000000000000554e+00 8.624000000000000554e+00 1.241600000000000037e+01 1.366399999999999970e+01
1.717171717171717404e-01 -7.020999999999999908e+00 3.849000000000000199e+00 5.033000000000000362e+00 5.033000000000000362e+00 7.068999999999999950e+00 7.695999999999999730e+00 8.686999999999999389e+00 8.686999999999999389e+00 1.248199999999999932e+01 1.356300000000000061e+01
1.818181818181818232e-01 -7.006999999999999673e+00 3.753000000000000114e+00 4.987000000000000099e+00 4.987000000000000099e+00 7.155999999999999694e+00 7.658999999999999808e+00 8.750999999999999446e+00 8.750999999999999446e+00 1.255000000000000071e+01 1.346400000000000041e+01
1.919191919191919338e-01 -6.991999999999999993e+00 3.657999999999999918e+00 4.940999999999999837e+00 4.940999999999999837e+00 7.241999999999999993e+00 7.621000000000000441e+00 8.817999999999999616e+00 8.817999999999999616e+00 1.262100000000000044e+01 1.336599999999999966e+01
2.020202020202020443e-01 -6.975999999999999979e+00 3.563000000000000167e+00 4.892999999999999794e+00 4.892999999999999794e+00 7.325999999999999623e+00 7.583000000000000185e+00 8.885999999999999233e+00 8.885999999999999233e+00 1.269500000000000028e+01 1.326999999999999957e+01
2.121212121212121271e-01 -6.959999999999999964e+00 3.467999999999999972e+00 4.844999999999999751e+00 4.844999999999999751e+00 7.408999999999999808e+00 7.543999999999999595e+00 8.955999999999999517e+00 8.955999999999999517e+00 1.277100000000000080e+01 1.317600000000000016e+01
2.222222222222222376e-01 -6.942999999999999616e+00 3.373000000000000220e+00 4.796999999999999709e+00 4.796999999999999709e+00 7.490000000000000213e+00 7.504999999999999893e+00 9.026999999999999247e+00 9.026999999999999247e+00 1.284900000000000020e+01 1.308399999999999963e+01
2.323232323232323482e-01 -6.924999999999999822e+00 3.278000000000000025e+00 4.748000000000000220e+00 4.748000000000000220e+00 7.464999999999999858e+00 7.568999999999999950e+00 9.099000000000000199e+00 9.099000000000000199e+00 1.292900000000000027e+01 1.299499999999999922e+01
2.424242424242424310e-01 -6.905999999999999694e+00 3.182999999999999829e+00 4.698999999999999844e+00 4.698999999999999844e+00 7.424999999999999822e+00 7.645999999999999908e+00 9.173000000000000043e+00 9.173000000000000043e+00 1.290900000000000070e+01 1.301099999999999923e+01
2.525252525252525415e-01 -6.886999999999999567e+00 3.088999999999999968e+00 4.650000000000000355e+00 4.650000000000000355e+00 7.384000000000000341e+00 7.721000000000000085e+00 9.247999999999999332e+00 9.247999999999999332e+00 1.282600000000000051e+01 1.309600000000000009e+01
2.626262626262626521e-01 -6.865999999999999659e+00 2.994000000000000217e+00 4.600999999999999979e+00 4.600999999999999979e+00 7.344000000000000306e+00 7.793000000000000149e+00 9.323000000000000398e+00 9.323000000000000398e+00 1.274600000000000044e+01 1.318200000000000038e+01
2.727272727272727626e-01 -6.844999999999999751e+00 2.899999999999999911e+00 4.551999999999999602e+00 4.551999999999999602e+00 7.302999999999999936e+00 7.862000000000000099e+00 9.400000000000000355e+00 9.400000000000000355e+00 1.266999999999999993e+01 1.326999999999999957e+01
2.828282828282828731e-01 -6.823000000000000398e+00 2.806000000000000050e+00 4.503000000000000114e+00 4.503000000000000114e+00 7.262999999999999901e+00 7.927999999999999936e+00 9.477999999999999758e+00 9.477999999999999758e+00 1.259900000000000020e+01 1.335899999999999999e+01
2.929292929292929282e-01 -6.801000000000000156e+00 2.712000000000000188e+00 4.453999999999999737e+00 4.453999999999999737e+00 7.222000000000000419e+00 7.990999999999999659e+00 9.557000000000000384e+00 9.557000000000000384e+00 1.253200000000000003e+01 1.344999999999999929e+01
3.030303030303030387e-01 -6.777000000000000135e+00 2.619000000000000217e+00 4.405000000000000249e+00 4.405000000000000249e+00 7.182000000000000384e+00 8.050000000000000711e+00 9.635999999999999233e+00 9.635999999999999233e+00 1.246899999999999942e+01 1.354299999999999926e+01
3.131313131313131493e-01 -6.753000000000000114e+00 2.524999999999999911e+00 4.355999999999999872e+00 4.355999999999999872e+00 7.141000000000000014e+00 8.105000000000000426e+00 9.715999999999999304e+00 9.715999999999999304e+00 1.241200000000000081e+01 1.363700000000000045e+01
3.232323232323232598e-01 -6.727999999999999758e+00 2.431999999999999940e+00 4.307999999999999829e+00 4.307999999999999829e+00 7.100999999999999979e+00 8.156000000000000583e+00 9.797000000000000597e+00 9.797000000000000597e+00 1.235999999999999943e+01 1.373300000000000054e+01
3.333333333333333703e-01 -6.701999999999999957e+00 2.338000000000000078e+00 4.259999999999999787e+00 4.259999999999999787e+00 7.062000000000000277e+00 8.201999999999999957e+00 9.878999999999999559e+00 9.878999999999999559e+00 1.231300000000000061e+01 1.382900000000000063e+01
3.434343434343434809e-01 -6.676000000000000156e+00 2.245000000000000107e+00 4.211999999999999744e+00 4.211999999999999744e+00 7.022000000000000242e+00 8.243999999999999773e+00 9.961000000000000298e+00 9.961000000000000298e+00 1.227299999999999969e+01 1.392800000000000082e+01
3.535353535353535359e-01 -6.647999999999999687e+00 2.153000000000000025e+00 4.163999999999999702e+00 4.163999999999999702e+00 6.982999999999999652e+00 8.281000000000000583e+00 1.004400000000000048e+01 1.004400000000000048e+01 1.223900000000000077e+01 1.402699999999999925e+01
3.636363636363636465e-01 -6.620000000000000107e+00 2.060000000000000053e+00 4.116999999999999993e+00 4.116999999999999993e+00 6.945000000000000284e+00 8.311999999999999389e+00 1.012700000000000067e+01 1.012700000000000067e+01 1.221100000000000030e+01 1.412700000000000067e+01
3.737373737373737570e-01 -6.591000000000000192e+00 1.967000000000000082e+00 4.070999999999999730e+00 4.070999999999999730e+00 6.905999999999999694e+00 8.337999999999999190e+00 1.021100000000000030e+01 1.021100000000000030e+01 1.219100000000000072e+01 1.422899999999999920e+01
3.838383838383838675e-01 -6.562000000000000277e+00 1.875000000000000000e+00 4.025000000000000355e+00 4.025000000000000355e+00 6.868999999999999773e+00 8.358999999999999986e+00 1.029599999999999937e+01 1.029599999999999937e+01 1.217699999999999960e+01 1.433099999999999952e+01
3.939393939393939781e-01 -6.530999999999999694e+00 1.782999999999999918e+00 3.979000000000000092e+00 3.979000000000000092e+00 6.831999999999999851e+00 8.372999999999999332e+00 1.038000000000000078e+01 1.038000000000000078e+01 1.216999999999999993e+01 1.443399999999999928e+01
4.040404040404040886e-01 -6.500000000000000000e+00 1.691000000000000059e+00 3.934000000000000163e+00 3.934000000000000163e+00 6.794999999999999929e+00 8.382999999999999119e+00 1.046599999999999930e+01 1.046599999999999930e+01 1.216999999999999993e+01 1.453800000000000026e+01
4.141414141414141437e-01 -6.467999999999999972e+00 1.598999999999999977e+00 3.888999999999999790e+00 3.888999999999999790e+00 6.759000000000000341e+00 8.385999999999999233e+00 1.055100000000000016e+01 1.055100000000000016e+01 1.217699999999999960e+01 1.464300000000000068e+01
4.242424242424242542e-01 -6.434999999999999609e+00 1.508000000000000007e+00 3.845000000000000195e+00 3.845000000000000195e+00 6.724000000000000199e+00 8.384000000000000341e+00 1.063700000000000045e+01 1.063700000000000045e+01 1.218999999999999950e+01 1.474900000000000055e+01
4.343434343434343647e-01 -6.402000000000000135e+00 1.415999999999999925e+00 3.801000000000000156e+00 3.801000000000000156e+00 6.689000000000000057e+00 8.377000000000000668e+00 1.072400000000000020e+01 1.072400000000000020e+01 1.221000000000000085e+01 1.485500000000000043e+01
4.444444444444444753e-01 -6.368000000000000327e+00 1.324999999999999956e+00 3.758000000000000007e+00 3.758000000000000007e+00 6.655000000000000249e+00 8.365000000000000213e+00 1.081000000000000050e+01 1.081000000000000050e+01 1.223700000000000010e+01 1.496199999999999974e+01
4.545454545454545858e-01 -6.333000000000000185e+00 1.233999999999999986e+00 3.716000000000000192e+00 3.716000000000000192e+00 6.621000000000000441e+00 8.348000000000000753e+00 1.089700000000000024e+01 1.089700000000000024e+01 1.226999999999999957e+01 1.507000000000000028e+01
4.646464646464646964e-01 -6.296999999999999709e+00 1.143000000000000016e+00 3.673999999999999932e+00 3.673999999999999932e+00 6.588000000000000078e+00 8.326000000000000512e+00 1.098399999999999999e+01 1.098399999999999999e+01 1.230799999999999983e+01 1.517800000000000082e+01
4.747474747474747514e-01 -6.259999999999999787e+00 1.052999999999999936e+00 3.633000000000000007e+00 3.633000000000000007e+00 6.556000000000000050e+00 8.301000000000000156e+00 1.107199999999999918e+01 1.107199999999999918e+01 1.235200000000000031e+01 1.528599999999999959e+01
4.848484848484848619e-01 -6.222999999999999865e+00 9.619999999999999662e-01 3.592000000000000082e+00 3.592000000000000082e+00 6.525000000000000355e+00 8.271000000000000796e+00 1.115900000000000070e+01 1.115900000000000070e+01 1.240099999999999980e+01 1.539499999999999957e+01
4.949494949494949725e-01 -6.184999999999999609e+00 8.719999999999999973e-01 3.552000000000000046e+00 3.552000000000000046e+00 6.493999999999999773e+00 8.237999999999999545e+00 1.124699999999999989e+01 1.124699999999999989e+01 1.245500000000000007e+01 1.550300000000000011e+01
5.050505050505050830e-01 -6.145999999999999908e+00 7.820000000000000284e-01 3.512999999999999901e+00 3.512999999999999901e+00 6.464999999999999858e+00 8.201999999999999957e+00 1.133500000000000085e+01 1.133500000000000085e+01 1.251399999999999935e+01 1.561200000000000010e+01
5.151515151515151381e-01 -6.107000000000000206e+00 6.929999999999999494e-01 3.474000000000000199e+00 3.474000000000000199e+00 6.435999999999999943e+00 8.163999999999999702e+00 1.142399999999999949e+01 1.142399999999999949e+01 1.257600000000000051e+01 1.572100000000000009e+01
5.252525252525253041e-01 -6.065999999999999837e+00 6.029999999999999805e-01 3.435999999999999943e+00 3.435999999999999943e+00 6.407000000000000028e+00 8.122999999999999332e+00 1.151200000000000045e+01 1.151200000000000045e+01 1.264199999999999946e+01 1.583000000000000007e+01
5.353535353535353591e-01 -6.025000000000000355e+00 5.140000000000000124e-01 3.399000000000000021e+00 3.399000000000000021e+00 6.379999999999999893e+00 8.079000000000000625e+00 1.160100000000000087e+01 1.160100000000000087e+01 1.271199999999999974e+01 1.593800000000000061e+01
5.454545454545455252e-01 -5.983999999999999986e+00 4.249999999999999889e-01 3.362000000000000099e+00 3.362000000000000099e+00 6.352999999999999758e+00 8.034000000000000696e+00 1.168900000000000006e+01 1.168900000000000006e+01 1.278400000000000070e+01 1.604599999999999937e+01
5.555555555555555802e-01 -5.940999999999999837e+00 3.360000000000000209e-01 3.326000000000000068e+00 3.326000000000000068e+00 6.328000000000000291e+00 7.988000000000000433e+00 1.177800000000000047e+01 1.177800000000000047e+01 1.285999999999999943e+01 1.615399999999999991e+01
5.656565656565657463e-01 -5.897999999999999687e+00 2.479999999999999982e-01 3.290999999999999925e+00 3.290999999999999925e+00 6.302999999999999936e+00 7.940000000000000391e+00 1.186700000000000088e+01 1.186700000000000088e+01 1.293800000000000061e+01 1.626099999999999923e+01
5.757575757575756903e-01 -5.854000000000000092e+00 1.590000000000000024e-01 3.255999999999999783e+00 3.255999999999999783e+00 6.278999999999999915e+00 7.891000000000000014e+00 1.195599999999999952e+01 1.195599999999999952e+01 1.301800000000000068e+01 1.636700000000000088e+01
5.858585858585858563e-01 -5.809000000000000163e+00 7.099999999999999367e-02 3.222999999999999865e+00 3.222999999999999865e+00 6.254999999999999893e+00 7.841000000000000192e+00 1.204499999999999993e+01 1.204499999999999993e+01 1.309999999999999964e+01 1.644900000000000162e+01
5.959595959595959114e-01 -5.764000000000000234e+00 -1.700000000000000122e-02 3.189000000000000057e+00 3.189000000000000057e+00 6.232999999999999652e+00 7.790000000000000036e+00 1.213400000000000034e+01 1.213400000000000034e+01 1.318500000000000050e+01 1.650199999999999889e+01
6.060606060606060774e-01 -5.717999999999999972e+00 -1.039999999999999952e-01 3.157000000000000028e+00 3.157000000000000028e+00 6.211999999999999744e+00 7.738999999999999879e+00 1.222300000000000075e+01 1.222300000000000075e+01 1.327100000000000080e+01 1.655600000000000094e+01
6.161616161616161325e-01 -5.671000000000000263e+00 -1.910000000000000031e-01 3.125000000000000000e+00 3.125000000000000000e+00 6.190999999999999837e+00 7.687999999999999723e+00 1.231199999999999939e+01 1.231199999999999939e+01 1.335899999999999999e+01 1.661199999999999832e+01
6.262626262626262985e-01 -5.623000000000000220e+00 -2.780000000000000249e-01 3.095000000000000195e+00 3.095000000000000195e+00 6.171000000000000263e+00 7.636000000000000121e+00 1.240099999999999980e+01 1.240099999999999980e+01 1.344800000000000040e+01 1.666799999999999926e+01
6.363636363636363535e-01 -5.575000000000000178e+00 -3.649999999999999911e-01 3.064000000000000057e+00 3.064000000000000057e+00 6.152999999999999581e+00 7.584999999999999964e+00 1.249000000000000021e+01 1.249000000000000021e+01 1.353800000000000026e+01 1.672500000000000142e+01
6.464646464646465196e-01 -5.525999999999999801e+00 -4.520000000000000129e-01 3.035000000000000142e+00 3.035000000000000142e+00 6.134999999999999787e+00 7.533000000000000362e+00 1.257799999999999940e+01 1.257799999999999940e+01 1.362899999999999956e+01 1.678300000000000125e+01
6.565656565656565746e-01 -5.475999999999999979e+00 -5.380000000000000338e-01 3.005999999999999783e+00 3.005999999999999783e+00 6.118000000000000327e+00 7.482000000000000206e+00 1.266699999999999982e+01 1.266699999999999982e+01 1.372199999999999953e+01 1.684199999999999875e+01
6.666666666666667407e-01 -5.426000000000000156e+00 -6.239999999999999991e-01 2.978000000000000203e+00 2.978000000000000203e+00 6.102000000000000313e+00 7.431000000000000050e+00 1.275600000000000023e+01 1.275600000000000023e+01 1.381499999999999950e+01 1.690099999999999980e+01
6.767676767676767957e-01 -5.375000000000000000e+00 -7.089999999999999636e-01 2.951000000000000068e+00 2.951000000000000068e+00 6.086999999999999744e+00 7.379999999999999893e+00 1.284399999999999942e+01 1.284399999999999942e+01 1.390900000000000070e+01 1.696199999999999974e+01
6.868686868686869618e-01 -5.323000000000000398e+00 -7.950000000000000400e-01 2.924999999999999822e+00 2.924999999999999822e+00 6.073000000000000398e+00 7.328999999999999737e+00 1.293200000000000038e+01 1.293200000000000038e+01 1.400399999999999956e+01 1.702400000000000091e+01
6.969696969696969058e-01 -5.270999999999999908e+00 -8.800000000000000044e-01 2.899000000000000021e+00 2.899000000000000021e+00 6.059999999999999609e+00 7.278999999999999915e+00 1.301999999999999957e+01 1.301999999999999957e+01 1.409999999999999964e+01 1.708599999999999852e+01
7.070707070707070718e-01 -5.216999999999999638e+00 -9.639999999999999680e-01 2.875000000000000000e+00 2.875000000000000000e+00 6.048000000000000043e+00 7.230000000000000426e+00 1.310800000000000054e+01 1.310800000000000054e+01 1.419599999999999973e+01 1.714999999999999858e+01
7.171717171717171269e-01 -5.163999999999999702e+00 -1.048999999999999932e+00 2.850999999999999979e+00 2.850999999999999979e+00 6.036999999999999922e+00 7.181000000000000050e+00 1.319500000000000028e+01 1.319500000000000028e+01 1.429199999999999982e+01 1.721399999999999864e+01
7.272727272727272929e-01 -5.108999999999999986e+00 -1.133000000000000007e+00 2.826999999999999957e+00 2.826999999999999957e+00 6.027000000000000135e+00 7.133000000000000007e+00 1.328200000000000003e+01 1.328200000000000003e+01 1.438899999999999935e+01 1.727899999999999991e+01
7.373737373737373479e-01 -5.054000000000000270e+00 -1.215999999999999970e+00 2.805000000000000160e+00 2.805000000000000160e+00 6.017999999999999794e+00 7.086000000000000298e+00 1.336800000000000033e+01 1.336800000000000033e+01 1.448600000000000065e+01 1.734499999999999886e+01
7.474747474747475140e-01 -4.998000000000000220e+00 -1.300000000000000044e+00 2.782999999999999918e+00 2.782999999999999918e+00 6.009999999999999787e+00 7.038999999999999702e+00 1.345400000000000063e+01 1.345400000000000063e+01 1.458300000000000018e+01 1.741199999999999903e+01
7.575757575757575690e-01 -4.940999999999999837e+00 -1.383000000000000007e+00 2.762999999999999901e+00 2.762999999999999901e+00 6.003000000000000114e+00 6.993000000000000327e+00 1.353999999999999915e+01 1.353999999999999915e+01 1.468099999999999916e+01 1.748000000000000043e+01
7.676767676767677351e-01 -4.884000000000000341e+00 -1.465999999999999970e+00 2.741999999999999993e+00 2.741999999999999993e+00 5.996999999999999886e+00 6.948000000000000398e+00 1.362400000000000055e+01 1.362400000000000055e+01 1.477899999999999991e+01 1.754899999999999949e+01
7.777777777777777901e-01 -4.825999999999999623e+00 -1.548000000000000043e+00 2.722999999999999865e+00 2.722999999999999865e+00 5.991999999999999993e+00 6.903999999999999915e+00 1.370800000000000018e+01 1.370800000000000018e+01 1.487700000000000067e+01 1.761899999999999977e+01
7.878787878787879562e-01 -4.767999999999999794e+00 -1.629999999999999893e+00 2.705000000000000071e+00 2.705000000000000071e+00 5.987000000000000099e+00 6.860999999999999766e+00 1.379100000000000037e+01 1.379100000000000037e+01 1.497400000000000020e+01 1.768900000000000006e+01
7.979797979797980112e-01 -4.708999999999999631e+00 -1.711000000000000076e+00 2.686999999999999833e+00 2.686999999999999833e+00 5.983999999999999986e+00 6.817999999999999616e+00 1.387299999999999933e+01 1.387299999999999933e+01 1.507199999999999918e+01 1.776099999999999923e+01
8.080808080808081773e-01 -4.649000000000000021e+00 -1.792999999999999927e+00 2.669999999999999929e+00 2.669999999999999929e+00 5.982000000000000206e+00 6.777000000000000135e+00 1.395500000000000007e+01 1.395500000000000007e+01 1.516999999999999993e+01 1.783299999999999841e+01
8.181818181818182323e-01 -4.589000000000000412e+00 -1.872999999999999998e+00 2.653999999999999915e+00 2.653999999999999915e+00 5.980999999999999872e+00 6.735999999999999766e+00 1.403400000000000070e+01 1.403400000000000070e+01 1.526800000000000068e+01 1.790700000000000003e+01
8.282828282828282873e-01 -4.527000000000000135e+00 -1.953999999999999959e+00 2.638999999999999790e+00 2.638999999999999790e+00 5.980999999999999872e+00 6.697000000000000064e+00 1.411299999999999955e+01 1.411299999999999955e+01 1.536500000000000021e+01 1.797400000000000020e+01
8.383838383838383423e-01 -4.466000000000000192e+00 -2.033999999999999808e+00 2.625000000000000000e+00 2.625000000000000000e+00 5.982999999999999652e+00 6.658000000000000362e+00 1.418999999999999950e+01 1.418999999999999950e+01 1.546199999999999974e+01 1.796300000000000097e+01
8.484848484848485084e-01 -4.402999999999999581e+00 -2.112999999999999989e+00 2.611000000000000210e+00 2.611000000000000210e+00 5.985000000000000320e+00 6.621000000000000441e+00 1.426500000000000057e+01 1.426500000000000057e+01 1.555899999999999928e+01 1.794500000000000028e+01
8.585858585858585634e-01 -4.339999999999999858e+00 -2.193000000000000060e+00 2.597999999999999865e+00 2.597999999999999865e+00 5.988000000000000433e+00 6.583999999999999631e+00 1.433799999999999919e+01 1.433799999999999919e+01 1.565600000000000058e+01 1.792099999999999937e+01
8.686868686868687295e-01 -4.277000000000000135e+00 -2.270999999999999908e+00 2.585999999999999854e+00 2.585999999999999854e+00 5.991999999999999993e+00 6.549000000000000377e+00 1.440900000000000070e+01 1.440900000000000070e+01 1.575200000000000067e+01 1.789099999999999824e+01
8.787878787878787845e-01 -4.213000000000000078e+00 -2.350000000000000089e+00 2.575000000000000178e+00 2.575000000000000178e+00 5.996999999999999886e+00 6.514000000000000234e+00 1.447700000000000031e+01 1.447700000000000031e+01 1.584800000000000075e+01 1.785600000000000165e+01
8.888888888888889506e-01 -4.147999999999999687e+00 -2.427000000000000046e+00 2.564999999999999947e+00 2.564999999999999947e+00 6.003999999999999559e+00 6.480999999999999872e+00 1.454299999999999926e+01 1.454299999999999926e+01 1.594299999999999962e+01 1.781400000000000006e+01
8.989898989898990056e-01 -4.083000000000000185e+00 -2.504999999999999893e+00 2.555000000000000160e+00 2.555000000000000160e+00 6.011000000000000121e+00 6.448999999999999844e+00 1.460500000000000043e+01 1.460500000000000043e+01 1.603800000000000026e+01 1.776800000000000068e+01
9.090909090909091717e-01 -4.017000000000000348e+00 -2.581999999999999851e+00 2.547000000000000153e+00 2.547000000000000153e+00 6.019999999999999574e+00 6.416999999999999815e+00 1.466399999999999970e+01 1.466399999999999970e+01 1.613200000000000145e+01 1.771799999999999997e+01
9.191919191919192267e-01 -3.950000000000000178e+00 -2.657999999999999918e+00 2.539000000000000146e+00 2.539000000000000146e+00 6.028999999999999915e+00 6.386999999999999567e+00 1.471899999999999942e+01 1.471899999999999942e+01 1.622599999999999909e+01 1.766199999999999903e+01
9.292929292929293927e-01 -3.883000000000000007e+00 -2.734999999999999876e+00 2.532000000000000028e+00 2.532000000000000028e+00 6.040000000000000036e+00 6.357999999999999652e+00 1.476999999999999957e+01 1.476999999999999957e+01 1.631800000000000139e+01 1.760300000000000153e+01
9.393939393939394478e-01 -3.814999999999999947e+00 -2.810000000000000053e+00 2.525999999999999801e+00 2.525999999999999801e+00 6.051999999999999602e+00 6.330000000000000071e+00 1.481600000000000072e+01 1.481600000000000072e+01 1.641000000000000014e+01 1.754100000000000037e+01
9.494949494949495028e-01 -3.746999999999999886e+00 -2.884999999999999787e+00 2.520000000000000018e+00 2.520000000000000018e+00 6.064000000000000057e+00 6.302999999999999936e+00 1.485699999999999932e+01 1.485699999999999932e+01 1.650100000000000122e+01 1.747400000000000020e+01
9.595959595959595578e-01 -3.677999999999999936e+00 -2.959999999999999964e+00 2.516000000000000014e+00 2.516000000000000014e+00 6.078000000000000291e+00 6.277000000000000135e+00 1.489300000000000068e+01 1.489300000000000068e+01 1.659100000000000108e+01 1.740500000000000114e+01
9.696969696969697239e-01 -3.608999999999999986e+00 -3.033999999999999808e+00 2.512000000000000011e+00 2.512000000000000011e+00 6.092999999999999972e+00 6.251999999999999780e+00 1.492300000000000004e+01 1.492300000000000004e+01 1.667999999999999972e+01 1.733299999999999841e+01
9.797979797979797789e-01 -3.539000000000000146e+00 -3.108000000000000096e+00 2.508999999999999897e+00 2.508999999999999897e+00 6.108999999999999986e+00 6.229000000000000092e+00 1.494699999999999918e+01 1.494699999999999918e+01 1.676699999999999946e+01 1.725799999999999912e+01
9.898989898989899450e-01 -3.467999999999999972e+00 -3.181000000000000050e+00 2.507000000000000117e+00 2.507000000000000117e+00 6.126999999999999780e+00 6.206000000000000405e+00 1.496400000000000041e+01 1.496400000000000041e+01 1.685300000000000153e+01 1.718100000000000094e+01
1.000000000000000000e+00 -3.396999999999999797e+00 -3.253000000000000114e+00 2.505999999999999783e+00 2.505999999999999783e+00 6.144999999999999574e+00 6.184999999999999609e+00 1.497400000000000020e+01 1.497400000000000020e+01 1.693799999999999883e+01 1.710200000000000031e+01
