0.0000000000 0.7942000000 0.7942000000 0.7942000000 4.9843000000 8.0496000000 8.0496000000 8.0496000000 8.8906000000
0.0150000000 0.7924000000 0.7937000000 0.7940000000 4.9879000000 8.0478000000 8.0508000000 8.0522000000 8.8921000000
0.0300000000 0.7869000000 0.7919000000 0.7933000000 4.9985000000 8.0426000000 8.0544000000 8.0602000000 8.8964000000
0.0450000000 0.7778000000 0.7890000000 0.7920000000 5.0161000000 8.0340000000 8.0603000000 8.0734000000 8.9035000000
0.0600000000 0.7653000000 0.7850000000 0.7903000000 5.0406000000 8.0223000000 8.0687000000 8.0919000000 8.9135000000
0.0750000000 0.7495000000 0.7799000000 0.7881000000 5.0717000000 8.0079000000 8.0795000000 8.1156000000 8.9263000000
0.0900000000 0.7308000000 0.7737000000 0.7855000000 5.1091000000 7.9911000000 8.0926000000 8.1444000000 8.9419000000
0.1050000000 0.7093000000 0.7666000000 0.7823000000 5.1526000000 7.9723000000 8.1081000000 8.1783000000 8.9603000000
0.1200000000 0.6854000000 0.7586000000 0.7787000000 5.2019000000 7.9520000000 8.1260000000 8.2172000000 8.9814000000
0.1350000000 0.6595000000 0.7497000000 0.7746000000 5.2565000000 7.9307000000 8.1463000000 8.2609000000 9.0051000000
0.1500000000 0.6317000000 0.7401000000 0.7700000000 5.3161000000 7.9086000000 8.1689000000 8.3093000000 9.0313000000
0.1650000000 0.6025000000 0.7298000000 0.7650000000 5.3803000000 7.8864000000 8.1938000000 8.3623000000 9.0601000000
0.1800000000 0.5723000000 0.7189000000 0.7595000000 5.4487000000 7.8644000000 8.2211000000 8.4197000000 9.0912000000
0.1950000000 0.5412000000 0.7076000000 0.7536000000 5.5211000000 7.8430000000 8.2508000000 8.4813000000 9.1246000000
0.2100000000 0.5097000000 0.6958000000 0.7472000000 5.5969000000 7.8225000000 8.2827000000 8.5469000000 9.1600000000
0.2250000000 0.4779000000 0.6837000000 0.7404000000 5.6759000000 7.8032000000 8.3170000000 8.6163000000 9.1972000000
0.2400000000 0.4463000000 0.6715000000 0.7333000000 5.7576000000 7.7855000000 8.3535000000 8.6891000000 9.2360000000
0.2550000000 0.4151000000 0.6591000000 0.7257000000 5.8418000000 7.7695000000 8.3923000000 8.7651000000 9.2759000000
0.2700000000 0.3845000000 0.6467000000 0.7177000000 5.9282000000 7.7556000000 8.4334000000 8.8439000000 9.3166000000
0.2850000000 0.3547000000 0.6344000000 0.7094000000 6.0163000000 7.7438000000 8.4767000000 8.9252000000 9.3575000000
0.3000000000 0.3260000000 0.6223000000 0.7008000000 6.1059000000 7.7344000000 8.5223000000 9.0085000000 9.3981000000
0.3150000000 0.2986000000 0.6104000000 0.6918000000 6.1968000000 7.7275000000 8.5700000000 9.0934000000 9.4375000000
0.3300000000 0.2726000000 0.5989000000 0.6825000000 6.2885000000 7.7233000000 8.6199000000 9.1793000000 9.4747000000
0.3450000000 0.2481000000 0.5878000000 0.6730000000 6.3808000000 7.7218000000 8.6719000000 9.2656000000 9.5087000000
0.3600000000 0.2254000000 0.5772000000 0.6631000000 6.4734000000 7.7231000000 8.7260000000 9.3516000000 9.5383000000
0.3750000000 0.2045000000 0.5672000000 0.6531000000 6.5660000000 7.7273000000 8.7822000000 9.4360000000 9.5624000000
0.3900000000 0.1855000000 0.5577000000 0.6428000000 6.6583000000 7.7345000000 8.8404000000 9.5158000000 9.5818000000
0.4050000000 0.1687000000 0.5490000000 0.6324000000 6.7499000000 7.7447000000 8.9006000000 9.5677000000 9.6172000000
0.4200000000 0.1539000000 0.5409000000 0.6218000000 6.8404000000 7.7579000000 8.9627000000 9.5714000000 9.6863000000
0.4350000000 0.1413000000 0.5337000000 0.6111000000 6.9294000000 7.7741000000 9.0268000000 9.5574000000 9.7561000000
0.4500000000 0.1310000000 0.5272000000 0.6003000000 7.0165000000 7.7933000000 9.0927000000 9.5309000000 9.8196000000
0.4650000000 0.1229000000 0.5216000000 0.5895000000 7.1011000000 7.8156000000 9.1603000000 9.4930000000 9.8739000000
0.4800000000 0.1172000000 0.5168000000 0.5786000000 7.1824000000 7.8409000000 9.2297000000 9.4454000000 9.9165000000
0.4950000000 0.1137000000 0.5128000000 0.5676000000 7.2597000000 7.8692000000 9.3007000000 9.3902000000 9.9447000000
0.5100000000 0.1126000000 0.5098000000 0.5567000000 7.3320000000 7.9005000000 9.3300000000 9.3733000000 9.9564000000
0.5250000000 0.1137000000 0.5076000000 0.5459000000 7.3981000000 7.9347000000 9.2678000000 9.4473000000 9.9503000000
0.5400000000 0.1171000000 0.5063000000 0.5351000000 7.4566000000 7.9717000000 9.2064000000 9.5227000000 9.9260000000
0.5550000000 0.1227000000 0.5059000000 0.5244000000 7.5059000000 8.0116000000 9.1490000000 9.5994000000 9.8845000000
0.5700000000 0.1305000000 0.5062000000 0.5139000000 7.5442000000 8.0542000000 9.0985000000 9.6772000000 9.8276000000
0.5850000000 0.1403000000 0.5034000000 0.5074000000 7.5699000000 8.0995000000 9.0574000000 9.7560000000 9.7577000000
0.6000000000 0.1522000000 0.4932000000 0.5094000000 7.5815000000 8.1475000000 9.0277000000 9.6775000000 9.8356000000
0.6150000000 0.1660000000 0.4832000000 0.5121000000 7.5786000000 8.1979000000 9.0102000000 9.5898000000 9.9160000000
0.6300000000 0.1816000000 0.4734000000 0.5155000000 7.5613000000 8.2508000000 9.0038000000 9.4980000000 9.9968000000
0.6450000000 0.1990000000 0.4638000000 0.5196000000 7.5310000000 8.3060000000 9.0055000000 9.4063000000 10.0780000000
0.6600000000 0.2179000000 0.4545000000 0.5243000000 7.4896000000 8.3634000000 9.0076000000 9.3224000000 10.1592000000
0.6750000000 0.2382000000 0.4454000000 0.5295000000 7.4393000000 8.4229000000 8.9941000000 9.2616000000 10.2403000000
0.6900000000 0.2598000000 0.4367000000 0.5352000000 7.3823000000 8.4844000000 8.9466000000 9.2415000000 10.3211000000
0.7050000000 0.2825000000 0.4283000000 0.5413000000 7.3207000000 8.5477000000 8.8688000000 9.2575000000 10.4011000000
0.7200000000 0.3061000000 0.4202000000 0.5477000000 7.2561000000 8.6127000000 8.7766000000 9.2930000000 10.4801000000
0.7350000000 0.3305000000 0.4125000000 0.5545000000 7.1900000000 8.6791000000 8.6795000000 9.3379000000 10.5578000000
0.7500000000 0.3554000000 0.4051000000 0.5614000000 7.1236000000 8.5817000000 8.7468000000 9.3876000000 10.5500000000
0.7551000000 0.3639000000 0.4027000000 0.5638000000 7.1012000000 8.5487000000 8.7701000000 9.4051000000 10.5234000000
0.7602000000 0.3725000000 0.4003000000 0.5662000000 7.0788000000 8.5160000000 8.7934000000 9.4227000000 10.4972000000
0.7653000000 0.3811000000 0.3979000000 0.5686000000 7.0565000000 8.4835000000 8.8169000000 9.4405000000 10.4715000000
0.7704000000 0.3897000000 0.3956000000 0.5710000000 7.0344000000 8.4513000000 8.8405000000 9.4583000000 10.4462000000
0.7755000000 0.3934000000 0.3983000000 0.5734000000 7.0125000000 8.4195000000 8.8641000000 9.4762000000 10.4215000000
0.7806000000 0.3912000000 0.4069000000 0.5758000000 6.9909000000 8.3881000000 8.8878000000 9.4941000000 10.3972000000
0.7857000000 0.3890000000 0.4155000000 0.5782000000 6.9694000000 8.3571000000 8.9116000000 9.5118000000 10.3733000000
0.7908000000 0.3869000000 0.4240000000 0.5806000000 6.9482000000 8.3266000000 8.9354000000 9.5296000000 10.3500000000
0.7959000000 0.3849000000 0.4326000000 0.5830000000 6.9273000000 8.2966000000 8.9592000000 9.5471000000 10.3272000000
0.8010000000 0.3828000000 0.4410000000 0.5854000000 6.9067000000 8.2670000000 8.9831000000 9.5646000000 10.3048000000
0.8061000000 0.3809000000 0.4495000000 0.5878000000 6.8864000000 8.2380000000 9.0069000000 9.5818000000 10.2830000000
0.8112000000 0.3789000000 0.4578000000 0.5901000000 6.8664000000 8.2096000000 9.0307000000 9.5989000000 10.2617000000
0.8163000000 0.3771000000 0.4661000000 0.5925000000 6.8468000000 8.1817000000 9.0544000000 9.6157000000 10.2408000000
0.8214000000 0.3752000000 0.4743000000 0.5947000000 6.8276000000 8.1544000000 9.0782000000 9.6323000000 10.2205000000
0.8265000000 0.3734000000 0.4824000000 0.5970000000 6.8087000000 8.1277000000 9.1018000000 9.6486000000 10.2007000000
0.8316000000 0.3717000000 0.4904000000 0.5993000000 6.7903000000 8.1016000000 9.1253000000 9.6647000000 10.1815000000
0.8367000000 0.3700000000 0.4983000000 0.6015000000 6.7722000000 8.0761000000 9.1488000000 9.6804000000 10.1628000000
0.8418000000 0.3684000000 0.5061000000 0.6036000000 6.7545000000 8.0513000000 9.1720000000 9.6958000000 10.1446000000
0.8469000000 0.3668000000 0.5137000000 0.6058000000 6.7373000000 8.0272000000 9.1952000000 9.7109000000 10.1269000000
0.8520000000 0.3653000000 0.5212000000 0.6079000000 6.7206000000 8.0037000000 9.2181000000 9.7257000000 10.1098000000
0.8571000000 0.3638000000 0.5286000000 0.6099000000 6.7043000000 7.9810000000 9.2408000000 9.7400000000 10.0932000000
0.8622000000 0.3624000000 0.5357000000 0.6119000000 6.6884000000 7.9589000000 9.2633000000 9.7540000000 10.0772000000
0.8673000000 0.3610000000 0.5428000000 0.6139000000 6.6731000000 7.9375000000 9.2855000000 9.7676000000 10.0617000000
0.8724000000 0.3596000000 0.5496000000 0.6158000000 6.6582000000 7.9169000000 9.3074000000 9.7808000000 10.0467000000
0.8776000000 0.3584000000 0.5563000000 0.6176000000 6.6438000000 7.8970000000 9.3290000000 9.7935000000 10.0324000000
0.8827000000 0.3571000000 0.5627000000 0.6194000000 6.6300000000 7.8778000000 9.3502000000 9.8058000000 10.0186000000
0.8878000000 0.3559000000 0.5690000000 0.6211000000 6.6166000000 7.8594000000 9.3710000000 9.8177000000 10.0053000000
0.8929000000 0.3548000000 0.5750000000 0.6228000000 6.6038000000 7.8417000000 9.3913000000 9.8292000000 9.9927000000
0.8980000000 0.3537000000 0.5808000000 0.6244000000 6.5916000000 7.8249000000 9.4112000000 9.8401000000 9.9806000000
0.9031000000 0.3527000000 0.5864000000 0.6260000000 6.5798000000 7.8087000000 9.4305000000 9.8506000000 9.9691000000
0.9082000000 0.3517000000 0.5918000000 0.6275000000 6.5687000000 7.7934000000 9.4493000000 9.8606000000 9.9581000000
0.9133000000 0.3508000000 0.5969000000 0.6289000000 6.5580000000 7.7789000000 9.4674000000 9.8701000000 9.9477000000
0.9184000000 0.3499000000 0.6018000000 0.6302000000 6.5480000000 7.7651000000 9.4849000000 9.8791000000 9.9379000000
0.9235000000 0.3491000000 0.6064000000 0.6315000000 6.5385000000 7.7522000000 9.5017000000 9.8876000000 9.9287000000
0.9286000000 0.3483000000 0.6107000000 0.6327000000 6.5296000000 7.7401000000 9.5177000000 9.8956000000 9.9201000000
0.9337000000 0.3476000000 0.6148000000 0.6338000000 6.5213000000 7.7288000000 9.5329000000 9.9031000000 9.9120000000
0.9388000000 0.3470000000 0.6186000000 0.6348000000 6.5136000000 7.7183000000 9.5472000000 9.9046000000 9.9100000000
0.9439000000 0.3464000000 0.6221000000 0.6358000000 6.5064000000 7.7086000000 9.5606000000 9.8977000000 9.9164000000
0.9490000000 0.3458000000 0.6253000000 0.6366000000 6.4999000000 7.6997000000 9.5731000000 9.8914000000 9.9223000000
0.9541000000 0.3453000000 0.6282000000 0.6374000000 6.4940000000 7.6917000000 9.5846000000 9.8857000000 9.9276000000
0.9592000000 0.3448000000 0.6309000000 0.6382000000 6.4887000000 7.6846000000 9.5950000000 9.8806000000 9.9324000000
0.9643000000 0.3444000000 0.6332000000 0.6388000000 6.4840000000 7.6782000000 9.6042000000 9.8761000000 9.9366000000
0.9694000000 0.3441000000 0.6352000000 0.6394000000 6.4800000000 7.6727000000 9.6124000000 9.8722000000 9.9403000000
0.9745000000 0.3438000000 0.6370000000 0.6398000000 6.4765000000 7.6681000000 9.6194000000 9.8689000000 9.9434000000
0.9796000000 0.3436000000 0.6384000000 0.6402000000 6.4737000000 7.6642000000 9.6251000000 9.8662000000 9.9459000000
0.9847000000 0.3434000000 0.6395000000 0.6405000000 6.4715000000 7.6613000000 9.6296000000 9.8641000000 9.9479000000
0.9898000000 0.3432000000 0.6403000000 0.6407000000 6.4699000000 7.6592000000 9.6328000000 9.8626000000 9.9493000000
0.9949000000 0.3432000000 0.6407000000 0.6409000000 6.4690000000 7.6579000000 9.6348000000 9.8617000000 9.9502000000
1.0000000000 0.3431000000 0.6409000000 0.6409000000 6.4686000000 7.6575000000 9.6354000000 9.8614000000 9.9505000000
