0.0000000000 0.7942000000 0.7942000000 0.7942000000 4.9843000000 8.0496000000 8.0496000000 8.0496000000 8.8906000000
0.0100410126 0.7938000000 0.7942000000 0.7942000000 4.9851000000 8.0488000000 8.0502000000 8.0502000000 8.8908000000
0.0202234479 0.7923000000 0.7940000000 0.7940000000 4.9875000000 8.0467000000 8.0520000000 8.0520000000 8.8914000000
0.0302644605 0.7898000000 0.7937000000 0.7937000000 4.9916000000 8.0430000000 8.0550000000 8.0550000000 8.8924000000
0.0404468958 0.7864000000 0.7934000000 0.7934000000 4.9972000000 8.0379000000 8.0592000000 8.0592000000 8.8937000000
0.0504879084 0.7820000000 0.7929000000 0.7929000000 5.0044000000 8.0315000000 8.0646000000 8.0646000000 8.8954000000
0.0606703437 0.7766000000 0.7923000000 0.7923000000 5.0131000000 8.0236000000 8.0712000000 8.0712000000 8.8975000000
0.0707113562 0.7704000000 0.7916000000 0.7916000000 5.0234000000 8.0144000000 8.0790000000 8.0790000000 8.9000000000
0.0807523688 0.7633000000 0.7907000000 0.7907000000 5.0351000000 8.0039000000 8.0880000000 8.0880000000 8.9028000000
0.0909348041 0.7553000000 0.7898000000 0.7898000000 5.0484000000 7.9921000000 8.0982000000 8.0982000000 8.9061000000
0.1009758167 0.7466000000 0.7888000000 0.7888000000 5.0630000000 7.9792000000 8.1095000000 8.1095000000 8.9097000000
0.1111582520 0.7371000000 0.7877000000 0.7877000000 5.0790000000 7.9651000000 8.1221000000 8.1221000000 8.9136000000
0.1211992646 0.7268000000 0.7865000000 0.7865000000 5.0964000000 7.9499000000 8.1358000000 8.1358000000 8.9180000000
0.1313816999 0.7159000000 0.7851000000 0.7851000000 5.1150000000 7.9336000000 8.1507000000 8.1507000000 8.9227000000
0.1414227125 0.7044000000 0.7837000000 0.7837000000 5.1349000000 7.9164000000 8.1668000000 8.1668000000 8.9278000000
0.1514637251 0.6923000000 0.7822000000 0.7822000000 5.1560000000 7.8982000000 8.1840000000 8.1840000000 8.9333000000
0.1616461604 0.6797000000 0.7807000000 0.7807000000 5.1782000000 7.8791000000 8.2023000000 8.2023000000 8.9391000000
0.1716871730 0.6666000000 0.7790000000 0.7790000000 5.2015000000 7.8593000000 8.2218000000 8.2218000000 8.9452000000
0.1818696083 0.6531000000 0.7772000000 0.7772000000 5.2258000000 7.8387000000 8.2425000000 8.2425000000 8.9518000000
0.1919106208 0.6392000000 0.7754000000 0.7754000000 5.2511000000 7.8175000000 8.2642000000 8.2642000000 8.9587000000
0.2019516334 0.6250000000 0.7735000000 0.7735000000 5.2774000000 7.7956000000 8.2871000000 8.2871000000 8.9659000000
0.2121340687 0.6105000000 0.7716000000 0.7716000000 5.3045000000 7.7731000000 8.3111000000 8.3111000000 8.9735000000
0.2221750813 0.5958000000 0.7695000000 0.7695000000 5.3324000000 7.7501000000 8.3362000000 8.3362000000 8.9814000000
0.2323575166 0.5810000000 0.7674000000 0.7674000000 5.3612000000 7.7267000000 8.3624000000 8.3624000000 8.9897000000
0.2423985292 0.5661000000 0.7653000000 0.7653000000 5.3907000000 7.7028000000 8.3896000000 8.3896000000 8.9983000000
0.2525809645 0.5511000000 0.7631000000 0.7631000000 5.4208000000 7.6785000000 8.4180000000 8.4180000000 9.0072000000
0.2626219771 0.5360000000 0.7608000000 0.7608000000 5.4516000000 7.6540000000 8.4473000000 8.4473000000 9.0164000000
0.2726629897 0.5210000000 0.7585000000 0.7585000000 5.4830000000 7.6291000000 8.4777000000 8.4777000000 9.0261000000
0.2828454250 0.5061000000 0.7561000000 0.7561000000 5.5150000000 7.6041000000 8.5092000000 8.5092000000 9.0360000000
0.2928864376 0.4913000000 0.7538000000 0.7538000000 5.5474000000 7.5788000000 8.5417000000 8.5417000000 9.0462000000
0.3030688729 0.4767000000 0.7513000000 0.7513000000 5.5804000000 7.5534000000 8.5752000000 8.5752000000 9.0567000000
0.3131098854 0.4622000000 0.7489000000 0.7489000000 5.6138000000 7.5279000000 8.6097000000 8.6097000000 9.0675000000
0.3232923207 0.4480000000 0.7464000000 0.7464000000 5.6476000000 7.5023000000 8.6451000000 8.6451000000 9.0786000000
0.3333333333 0.4341000000 0.7439000000 0.7439000000 5.6818000000 7.4766000000 8.6816000000 8.6816000000 9.0899000000
0.3433743459 0.4204000000 0.7413000000 0.7413000000 5.7163000000 7.4509000000 8.7189000000 8.7189000000 9.1016000000
0.3535567812 0.4071000000 0.7388000000 0.7388000000 5.7511000000 7.4252000000 8.7573000000 8.7573000000 9.1136000000
0.3635977938 0.3942000000 0.7362000000 0.7362000000 5.7863000000 7.3996000000 8.7965000000 8.7965000000 9.1258000000
0.3737802291 0.3817000000 0.7337000000 0.7337000000 5.8217000000 7.3741000000 8.8367000000 8.8367000000 9.1383000000
0.3838212417 0.3695000000 0.7311000000 0.7311000000 5.8574000000 7.3486000000 8.8777000000 8.8777000000 9.1510000000
0.3940036770 0.3579000000 0.7285000000 0.7285000000 5.8932000000 7.3233000000 8.9196000000 8.9196000000 9.1639000000
0.4040446896 0.3466000000 0.7259000000 0.7259000000 5.9293000000 7.2981000000 8.9624000000 8.9624000000 9.1771000000
0.4140857022 0.3359000000 0.7234000000 0.7234000000 5.9656000000 7.2730000000 9.0060000000 9.0060000000 9.1905000000
0.4242681375 0.3256000000 0.7208000000 0.7208000000 6.0020000000 7.2482000000 9.0504000000 9.0504000000 9.2042000000
0.4343091500 0.3159000000 0.7183000000 0.7183000000 6.0386000000 7.2235000000 9.0956000000 9.0956000000 9.2180000000
0.4444915853 0.3067000000 0.7157000000 0.7157000000 6.0753000000 7.1991000000 9.1416000000 9.1416000000 9.2320000000
0.4545325979 0.2980000000 0.7132000000 0.7132000000 6.1121000000 7.1749000000 9.1884000000 9.1884000000 9.2462000000
0.4647150332 0.2899000000 0.7107000000 0.7107000000 6.1490000000 7.1509000000 9.2359000000 9.2359000000 9.2606000000
0.4747560458 0.2824000000 0.7082000000 0.7082000000 6.1860000000 7.1273000000 9.2752000000 9.2841000000 9.2841000000
0.4847970584 0.2753000000 0.7058000000 0.7058000000 6.2231000000 7.1039000000 9.2899000000 9.3329000000 9.3329000000
0.4949794937 0.2689000000 0.7033000000 0.7033000000 6.2603000000 7.0808000000 9.3047000000 9.3825000000 9.3825000000
0.5050205063 0.2630000000 0.7010000000 0.7010000000 6.2975000000 7.0580000000 9.3197000000 9.4327000000 9.4327000000
0.5152029416 0.2577000000 0.6986000000 0.6986000000 6.3347000000 7.0355000000 9.3348000000 9.4834000000 9.4834000000
0.5252439542 0.2529000000 0.6963000000 0.6963000000 6.3720000000 7.0134000000 9.3500000000 9.5348000000 9.5348000000
0.5354263895 0.2487000000 0.6940000000 0.6940000000 6.4093000000 6.9916000000 9.3653000000 9.5867000000 9.5867000000
0.5454674021 0.2451000000 0.6917000000 0.6917000000 6.4466000000 6.9702000000 9.3807000000 9.6391000000 9.6391000000
0.5555084147 0.2420000000 0.6895000000 0.6895000000 6.4839000000 6.9491000000 9.3961000000 9.6920000000 9.6920000000
0.5656908500 0.2394000000 0.6873000000 0.6873000000 6.5211000000 6.9284000000 9.4115000000 9.7453000000 9.7453000000
0.5757318625 0.2374000000 0.6852000000 0.6852000000 6.5584000000 6.9081000000 9.4270000000 9.7991000000 9.7991000000
0.5859142978 0.2358000000 0.6831000000 0.6831000000 6.5955000000 6.8882000000 9.4425000000 9.8532000000 9.8532000000
0.5959553104 0.2348000000 0.6810000000 0.6810000000 6.6326000000 6.8687000000 9.4580000000 9.9075000000 9.9075000000
0.6059963230 0.2343000000 0.6790000000 0.6790000000 6.6697000000 6.8496000000 9.4735000000 9.9622000000 9.9622000000
0.6161787583 0.2342000000 0.6771000000 0.6771000000 6.7066000000 6.8309000000 9.4890000000 10.0171000000 10.0171000000
0.6262197709 0.2345000000 0.6752000000 0.6752000000 6.7434000000 6.8126000000 9.5044000000 10.0721000000 10.0721000000
0.6364022062 0.2354000000 0.6733000000 0.6733000000 6.7801000000 6.7947000000 9.5197000000 10.1272000000 10.1272000000
0.6464432188 0.2366000000 0.6715000000 0.6715000000 6.7773000000 6.8166000000 9.5350000000 10.1652000000 10.1823000000
0.6566256541 0.2382000000 0.6698000000 0.6698000000 6.7603000000 6.8529000000 9.5501000000 10.1506000000 10.2374000000
0.6666666667 0.2402000000 0.6681000000 0.6681000000 6.7438000000 6.8890000000 9.5651000000 10.1339000000 10.2923000000
0.6767076793 0.2425000000 0.6664000000 0.6664000000 6.7277000000 6.9249000000 9.5800000000 10.1155000000 10.3471000000
0.6868901146 0.2451000000 0.6648000000 0.6648000000 6.7120000000 6.9605000000 9.5947000000 10.0955000000 10.4015000000
0.6969311271 0.2480000000 0.6633000000 0.6633000000 6.6968000000 6.9958000000 9.6092000000 10.0741000000 10.4556000000
0.7071135624 0.2512000000 0.6618000000 0.6618000000 6.6821000000 7.0307000000 9.6235000000 10.0515000000 10.5091000000
0.7171545750 0.2547000000 0.6603000000 0.6603000000 6.6679000000 7.0653000000 9.6376000000 10.0279000000 10.5620000000
0.7273370103 0.2584000000 0.6590000000 0.6590000000 6.6541000000 7.0995000000 9.6514000000 10.0036000000 10.6142000000
0.7373780229 0.2622000000 0.6576000000 0.6576000000 6.6408000000 7.1333000000 9.6650000000 9.9788000000 10.6656000000
0.7474190355 0.2662000000 0.6563000000 0.6563000000 6.6279000000 7.1665000000 9.6783000000 9.9537000000 10.7119000000
0.7576014708 0.2704000000 0.6551000000 0.6551000000 6.6156000000 7.1992000000 9.6913000000 9.9286000000 10.6648000000
0.7676424834 0.2746000000 0.6539000000 0.6539000000 6.6037000000 7.2313000000 9.7039000000 9.9036000000 10.6187000000
0.7778249187 0.2790000000 0.6528000000 0.6528000000 6.5923000000 7.2627000000 9.7162000000 9.8789000000 10.5736000000
0.7878659313 0.2833000000 0.6517000000 0.6517000000 6.5814000000 7.2935000000 9.7282000000 9.8547000000 10.5295000000
0.7980483666 0.2877000000 0.6507000000 0.6507000000 6.5710000000 7.3235000000 9.7397000000 9.8313000000 10.4864000000
0.8080893792 0.2921000000 0.6497000000 0.6497000000 6.5611000000 7.3526000000 9.7508000000 9.8088000000 10.4443000000
0.8181303917 0.2965000000 0.6488000000 0.6488000000 6.5517000000 7.3808000000 9.7615000000 9.7873000000 10.4033000000
0.8283128270 0.3008000000 0.6480000000 0.6480000000 6.5427000000 7.4081000000 9.7670000000 9.7717000000 10.3633000000
0.8383538396 0.3050000000 0.6471000000 0.6471000000 6.5343000000 7.4343000000 9.7480000000 9.7815000000 10.3243000000
0.8485362749 0.3091000000 0.6464000000 0.6464000000 6.5264000000 7.4594000000 9.7304000000 9.7908000000 10.2866000000
0.8585772875 0.3130000000 0.6457000000 0.6457000000 6.5190000000 7.4833000000 9.7143000000 9.7996000000 10.2501000000
0.8687597228 0.3168000000 0.6450000000 0.6450000000 6.5121000000 7.5060000000 9.6997000000 9.8079000000 10.2149000000
0.8788007354 0.3205000000 0.6444000000 0.6444000000 6.5057000000 7.5274000000 9.6868000000 9.8156000000 10.1811000000
0.8888417480 0.3239000000 0.6438000000 0.6438000000 6.4998000000 7.5473000000 9.6755000000 9.8228000000 10.1489000000
0.8990241833 0.3271000000 0.6433000000 0.6433000000 6.4944000000 7.5658000000 9.6658000000 9.8293000000 10.1183000000
0.9090651959 0.3300000000 0.6429000000 0.6429000000 6.4895000000 7.5828000000 9.6577000000 9.8354000000 10.0896000000
0.9192476312 0.3327000000 0.6425000000 0.6425000000 6.4851000000 7.5981000000 9.6511000000 9.8408000000 10.0629000000
0.9292886438 0.3351000000 0.6421000000 0.6421000000 6.4813000000 7.6118000000 9.6460000000 9.8456000000 10.0384000000
0.9394710791 0.3372000000 0.6418000000 0.6418000000 6.4779000000 7.6238000000 9.6421000000 9.8498000000 10.0164000000
0.9495120916 0.3390000000 0.6415000000 0.6415000000 6.4751000000 7.6340000000 9.6393000000 9.8533000000 9.9971000000
0.9595531042 0.3405000000 0.6413000000 0.6413000000 6.4728000000 7.6424000000 9.6375000000 9.8562000000 9.9808000000
0.9697355395 0.3416000000 0.6411000000 0.6411000000 6.4710000000 7.6490000000 9.6364000000 9.8585000000 9.9678000000
0.9797765521 0.3425000000 0.6410000000 0.6410000000 6.4697000000 7.6537000000 9.6358000000 9.8601000000 9.9582000000
0.9899589874 0.3430000000 0.6409000000 0.6409000000 6.4689000000 7.6565000000 9.6355000000 9.8611000000 9.9524000000
1.0000000000 0.3431000000 0.6409000000 0.6409000000 6.4686000000 7.6575000000 9.6354000000 9.8614000000 9.9505000000
