0.0000000000 0.7942000000 0.7942000000 0.7942000000 4.9843000000 8.0496000000 8.0496000000 8.0496000000 8.8906000000
0.0101241019 0.7940000000 0.7942000000 0.7942000000 4.9849000000 8.0494000000 8.0499000000 8.0499000000 8.8910000000
0.0202482038 0.7931000000 0.7939000000 0.7939000000 4.9867000000 8.0487000000 8.0507000000 8.0507000000 8.8920000000
0.0303723057 0.7916000000 0.7935000000 0.7935000000 4.9897000000 8.0476000000 8.0522000000 8.0522000000 8.8937000000
0.0403331156 0.7895000000 0.7930000000 0.7930000000 4.9940000000 8.0461000000 8.0542000000 8.0542000000 8.8961000000
0.0504572175 0.7869000000 0.7922000000 0.7922000000 4.9994000000 8.0442000000 8.0567000000 8.0567000000 8.8992000000
0.0605813194 0.7837000000 0.7914000000 0.7914000000 5.0060000000 8.0418000000 8.0599000000 8.0599000000 8.9030000000
0.0707054213 0.7799000000 0.7903000000 0.7903000000 5.0138000000 8.0391000000 8.0636000000 8.0636000000 8.9075000000
0.0808295232 0.7756000000 0.7891000000 0.7891000000 5.0228000000 8.0360000000 8.0679000000 8.0679000000 8.9126000000
0.0909536251 0.7707000000 0.7878000000 0.7878000000 5.0329000000 8.0326000000 8.0727000000 8.0727000000 8.9184000000
0.1010777270 0.7653000000 0.7863000000 0.7863000000 5.0442000000 8.0288000000 8.0781000000 8.0781000000 8.9249000000
0.1110385369 0.7593000000 0.7847000000 0.7847000000 5.0567000000 8.0247000000 8.0841000000 8.0841000000 8.9321000000
0.1211626388 0.7529000000 0.7829000000 0.7829000000 5.0702000000 8.0203000000 8.0907000000 8.0907000000 8.9400000000
0.1312867407 0.7459000000 0.7809000000 0.7809000000 5.0849000000 8.0156000000 8.0978000000 8.0978000000 8.9485000000
0.1414108426 0.7385000000 0.7788000000 0.7788000000 5.1006000000 8.0107000000 8.1054000000 8.1054000000 8.9577000000
0.1515349445 0.7306000000 0.7766000000 0.7766000000 5.1174000000 8.0056000000 8.1137000000 8.1137000000 8.9675000000
0.1616590464 0.7222000000 0.7742000000 0.7742000000 5.1353000000 8.0002000000 8.1225000000 8.1225000000 8.9780000000
0.1717831483 0.7134000000 0.7717000000 0.7717000000 5.1542000000 7.9947000000 8.1318000000 8.1318000000 8.9892000000
0.1817439582 0.7042000000 0.7691000000 0.7691000000 5.1741000000 7.9891000000 8.1417000000 8.1417000000 9.0010000000
0.1918680601 0.6945000000 0.7663000000 0.7663000000 5.1950000000 7.9833000000 8.1522000000 8.1522000000 9.0134000000
0.2019921620 0.6845000000 0.7634000000 0.7634000000 5.2168000000 7.9775000000 8.1632000000 8.1632000000 9.0265000000
0.2121162639 0.6742000000 0.7604000000 0.7604000000 5.2396000000 7.9716000000 8.1747000000 8.1747000000 9.0403000000
0.2222403658 0.6635000000 0.7573000000 0.7573000000 5.2633000000 7.9657000000 8.1868000000 8.1868000000 9.0546000000
0.2323644677 0.6524000000 0.7541000000 0.7541000000 5.2879000000 7.9598000000 8.1995000000 8.1995000000 9.0696000000
0.2424885696 0.6410000000 0.7507000000 0.7507000000 5.3134000000 7.9539000000 8.2127000000 8.2127000000 9.0852000000
0.2524493795 0.6294000000 0.7472000000 0.7472000000 5.3397000000 7.9480000000 8.2264000000 8.2264000000 9.1014000000
0.2625734814 0.6175000000 0.7437000000 0.7437000000 5.3669000000 7.9422000000 8.2407000000 8.2407000000 9.1182000000
0.2726975833 0.6053000000 0.7400000000 0.7400000000 5.3948000000 7.9366000000 8.2555000000 8.2555000000 9.1356000000
0.2828216852 0.5929000000 0.7362000000 0.7362000000 5.4235000000 7.9311000000 8.2708000000 8.2708000000 9.1536000000
0.2929457871 0.5803000000 0.7324000000 0.7324000000 5.4530000000 7.9257000000 8.2866000000 8.2866000000 9.1722000000
0.3030698890 0.5674000000 0.7284000000 0.7284000000 5.4832000000 7.9204000000 8.3030000000 8.3030000000 9.1913000000
0.3131939909 0.5544000000 0.7244000000 0.7244000000 5.5140000000 7.9154000000 8.3199000000 8.3199000000 9.2111000000
0.3231548008 0.5412000000 0.7203000000 0.7203000000 5.5456000000 7.9106000000 8.3373000000 8.3373000000 9.2313000000
0.3332789027 0.5279000000 0.7161000000 0.7161000000 5.5777000000 7.9060000000 8.3552000000 8.3552000000 9.2521000000
0.3434030046 0.5145000000 0.7119000000 0.7119000000 5.6105000000 7.9017000000 8.3737000000 8.3737000000 9.2735000000
0.3535271065 0.5009000000 0.7076000000 0.7076000000 5.6439000000 7.8976000000 8.3926000000 8.3926000000 9.2954000000
0.3636512084 0.4873000000 0.7032000000 0.7032000000 5.6778000000 7.8939000000 8.4121000000 8.4121000000 9.3178000000
0.3737753103 0.4736000000 0.6988000000 0.6988000000 5.7122000000 7.8904000000 8.4320000000 8.4320000000 9.3408000000
0.3838994121 0.4598000000 0.6944000000 0.6944000000 5.7471000000 7.8873000000 8.4524000000 8.4524000000 9.3642000000
0.3938602221 0.4459000000 0.6898000000 0.6898000000 5.7825000000 7.8845000000 8.4734000000 8.4734000000 9.3881000000
0.4039843240 0.4321000000 0.6853000000 0.6853000000 5.8183000000 7.8821000000 8.4948000000 8.4948000000 9.4124000000
0.4141084259 0.4182000000 0.6807000000 0.6807000000 5.8546000000 7.8800000000 8.5167000000 8.5167000000 9.4373000000
0.4242325278 0.4043000000 0.6761000000 0.6761000000 5.8912000000 7.8783000000 8.5391000000 8.5391000000 9.4626000000
0.4343566297 0.3904000000 0.6715000000 0.6715000000 5.9281000000 7.8770000000 8.5619000000 8.5619000000 9.4883000000
0.4444807315 0.3766000000 0.6668000000 0.6668000000 5.9654000000 7.8761000000 8.5853000000 8.5853000000 9.5145000000
0.4546048334 0.3628000000 0.6621000000 0.6621000000 6.0030000000 7.8756000000 8.6091000000 8.6091000000 9.5410000000
0.4645656434 0.3490000000 0.6575000000 0.6575000000 6.0408000000 7.8755000000 8.6333000000 8.6333000000 9.5680000000
0.4746897453 0.3353000000 0.6528000000 0.6528000000 6.0788000000 7.8759000000 8.6580000000 8.6580000000 9.5953000000
0.4848138472 0.3217000000 0.6481000000 0.6481000000 6.1171000000 7.8767000000 8.6831000000 8.6831000000 9.6230000000
0.4949379491 0.3082000000 0.6434000000 0.6434000000 6.1554000000 7.8779000000 8.7087000000 8.7087000000 9.6510000000
0.5050620509 0.2948000000 0.6387000000 0.6387000000 6.1939000000 7.8796000000 8.7348000000 8.7348000000 9.6793000000
0.5151861528 0.2815000000 0.6341000000 0.6341000000 6.2325000000 7.8817000000 8.7612000000 8.7612000000 9.7080000000
0.5253102547 0.2683000000 0.6294000000 0.6294000000 6.2711000000 7.8843000000 8.7881000000 8.7881000000 9.7370000000
0.5352710647 0.2553000000 0.6248000000 0.6248000000 6.3098000000 7.8874000000 8.8154000000 8.8154000000 9.7662000000
0.5453951666 0.2424000000 0.6202000000 0.6202000000 6.3484000000 7.8909000000 8.8431000000 8.8431000000 9.7956000000
0.5555192685 0.2296000000 0.6157000000 0.6157000000 6.3869000000 7.8949000000 8.8712000000 8.8712000000 9.8253000000
0.5656433703 0.2170000000 0.6111000000 0.6111000000 6.4253000000 7.8994000000 8.8996000000 8.8996000000 9.8552000000
0.5757674722 0.2046000000 0.6067000000 0.6067000000 6.4636000000 7.9043000000 8.9285000000 8.9285000000 9.8853000000
0.5858915741 0.1924000000 0.6022000000 0.6022000000 6.5017000000 7.9097000000 8.9578000000 8.9578000000 9.9155000000
0.5958523841 0.1803000000 0.5978000000 0.5978000000 6.5396000000 7.9156000000 8.9874000000 8.9874000000 9.9458000000
0.6059764860 0.1685000000 0.5935000000 0.5935000000 6.5772000000 7.9220000000 9.0173000000 9.0173000000 9.9763000000
0.6161005879 0.1569000000 0.5892000000 0.5892000000 6.6144000000 7.9287000000 9.0476000000 9.0476000000 10.0067000000
0.6262246897 0.1454000000 0.5850000000 0.5850000000 6.6513000000 7.9360000000 9.0782000000 9.0782000000 10.0373000000
0.6363487916 0.1342000000 0.5808000000 0.5808000000 6.6879000000 7.9437000000 9.1091000000 9.1091000000 10.0678000000
0.6464728935 0.1233000000 0.5767000000 0.5767000000 6.7239000000 7.9518000000 9.1404000000 9.1404000000 10.0983000000
0.6565969954 0.1125000000 0.5727000000 0.5727000000 6.7595000000 7.9604000000 9.1719000000 9.1719000000 10.1287000000
0.6665578054 0.1020000000 0.5688000000 0.5688000000 6.7945000000 7.9693000000 9.2036000000 9.2036000000 10.1589000000
0.6766819073 0.0918000000 0.5649000000 0.5649000000 6.8290000000 7.9787000000 9.2357000000 9.2357000000 10.1890000000
0.6868060091 0.0818000000 0.5611000000 0.5611000000 6.8628000000 7.9885000000 9.2679000000 9.2679000000 10.2190000000
0.6969301110 0.0721000000 0.5574000000 0.5574000000 6.8960000000 7.9986000000 9.3004000000 9.3004000000 10.2486000000
0.7070542129 0.0626000000 0.5538000000 0.5538000000 6.9284000000 8.0090000000 9.3330000000 9.3330000000 10.2780000000
0.7171783148 0.0534000000 0.5503000000 0.5503000000 6.9601000000 8.0197000000 9.3658000000 9.3658000000 10.3069000000
0.7273024167 0.0445000000 0.5469000000 0.5469000000 6.9910000000 8.0307000000 9.3988000000 9.3988000000 10.3355000000
0.7372632266 0.0359000000 0.5436000000 0.5436000000 7.0210000000 8.0420000000 9.4318000000 9.4318000000 10.3636000000
0.7473873285 0.0275000000 0.5404000000 0.5404000000 7.0502000000 8.0535000000 9.4649000000 9.4649000000 10.3911000000
0.7575114304 0.0195000000 0.5372000000 0.5372000000 7.0784000000 8.0651000000 9.4980000000 9.4980000000 10.4180000000
0.7676355323 0.0117000000 0.5342000000 0.5342000000 7.1057000000 8.0769000000 9.5311000000 9.5311000000 10.4442000000
0.7777596342 0.0042000000 0.5313000000 0.5313000000 7.1321000000 8.0888000000 9.5642000000 9.5642000000 10.4696000000
0.7878837361 -0.0029000000 0.5286000000 0.5286000000 7.1574000000 8.1007000000 9.5971000000 9.5971000000 10.4942000000
0.7980078380 -0.0098000000 0.5259000000 0.5259000000 7.1816000000 8.1126000000 9.6299000000 9.6299000000 10.5178000000
0.8079686479 -0.0163000000 0.5233000000 0.5233000000 7.2049000000 8.1244000000 9.6624000000 9.6624000000 10.5404000000
0.8180927498 -0.0225000000 0.5209000000 0.5209000000 7.2270000000 8.1361000000 9.6946000000 9.6946000000 10.5620000000
0.8282168517 -0.0284000000 0.5186000000 0.5186000000 7.2480000000 8.1476000000 9.7265000000 9.7265000000 10.5823000000
0.8383409536 -0.0340000000 0.5164000000 0.5164000000 7.2679000000 8.1588000000 9.7578000000 9.7578000000 10.6013000000
0.8484650555 -0.0392000000 0.5143000000 0.5143000000 7.2866000000 8.1698000000 9.7886000000 9.7886000000 10.6191000000
0.8585891574 -0.0442000000 0.5123000000 0.5123000000 7.3042000000 8.1804000000 9.8187000000 9.8187000000 10.6353000000
0.8687132593 -0.0488000000 0.5105000000 0.5105000000 7.3206000000 8.1906000000 9.8480000000 9.8480000000 10.6501000000
0.8786740692 -0.0530000000 0.5088000000 0.5088000000 7.3359000000 8.2003000000 9.8764000000 9.8764000000 10.6634000000
0.8887981711 -0.0570000000 0.5073000000 0.5073000000 7.3499000000 8.2095000000 9.9036000000 9.9036000000 10.6752000000
0.8989222730 -0.0606000000 0.5058000000 0.5058000000 7.3628000000 8.2180000000 9.9296000000 9.9296000000 10.6854000000
0.9090463749 -0.0638000000 0.5046000000 0.5046000000 7.3744000000 8.2260000000 9.9540000000 9.9540000000 10.6940000000
0.9191704768 -0.0667000000 0.5034000000 0.5034000000 7.3849000000 8.2332000000 9.9768000000 9.9768000000 10.7013000000
0.9292945787 -0.0693000000 0.5024000000 0.5024000000 7.3941000000 8.2397000000 9.9977000000 9.9977000000 10.7071000000
0.9394186806 -0.0716000000 0.5015000000 0.5015000000 7.4021000000 8.2454000000 10.0165000000 10.0165000000 10.7117000000
0.9493794905 -0.0735000000 0.5007000000 0.5007000000 7.4089000000 8.2503000000 10.0329000000 10.0329000000 10.7153000000
0.9595035924 -0.0750000000 0.5001000000 0.5001000000 7.4144000000 8.2544000000 10.0467000000 10.0467000000 10.7178000000
0.9696276943 -0.0762000000 0.4996000000 0.4996000000 7.4187000000 8.2575000000 10.0577000000 10.0577000000 10.7196000000
0.9797517962 -0.0771000000 0.4993000000 0.4993000000 7.4218000000 8.2598000000 10.0657000000 10.0657000000 10.7208000000
0.9898758981 -0.0776000000 0.4991000000 0.4991000000 7.4237000000 8.2612000000 10.0705000000 10.0705000000 10.7214000000
1.0000000000 -0.0778000000 0.4990000000 0.4990000000 7.4243000000 8.2617000000 10.0722000000 10.0722000000 10.7216000000
