0.000	0.00000000	0.00000000	0.00000000	2.32923540	2.32923540	3.51301800
0.015	0.03744093	0.05846796	0.07914531	2.32854060	2.32932000	3.51212700
0.030	0.07487190	0.11688774	0.15818814	2.32646190	2.32957290	3.50945100
0.045	0.11228313	0.17521158	0.23702637	2.32301610	2.32999410	3.50500200
0.060	0.14966505	0.23339235	0.31555860	2.31823140	2.33058270	3.49879800
0.075	0.18700848	0.29138397	0.39368430	2.31214650	2.33133750	3.49086300
0.090	0.22430469	0.34914150	0.47130450	2.30480940	2.33225700	3.48122100
0.105	0.26154540	0.40662180	0.54832140	2.29627650	2.33333940	3.46990500
0.120	0.29872299	0.46378320	0.62463960	2.28661200	2.33458230	3.45695700
0.135	0.33583020	0.52058610	0.70016580	2.27588580	2.33598390	3.44241600
0.150	0.37286070	0.57699240	0.77480880	2.26417290	2.33754060	3.42632100
0.165	0.40980810	0.63296640	0.84847980	2.25155040	2.33924970	3.40872000
0.180	0.44666670	0.68847390	0.92109300	2.23809780	2.34110760	3.38965800
0.195	0.48343050	0.74348250	0.99256620	2.22389370	2.34311070	3.36917700
0.210	0.52009410	0.79796160	1.06281870	2.20901550	2.34525480	3.34732200
0.225	0.55665180	0.85188150	1.13177400	2.19353700	2.34753540	3.32413200
0.240	0.59309730	0.90521310	1.19935830	2.17752750	2.34994800	3.29964600
0.255	0.62942400	0.95792820	1.26550140	2.16105030	2.35248750	3.27389100
0.270	0.66562410	1.00999800	1.33013640	2.14416300	2.35514910	3.24690000
0.285	0.70168890	1.06139340	1.39319880	2.12691480	2.35792740	3.21869400
0.300	0.73760910	1.11208350	1.45462890	2.10934920	2.36081670	3.18929100
0.315	0.77337330	1.16203500	1.51436880	2.09150100	2.36381130	3.15870000
0.330	0.80896830	1.21121100	1.57236480	2.07339960	2.36690520	3.12693300
0.345	0.84438000	1.25956890	1.62856650	2.05507020	2.37009240	3.09398400
0.360	0.87959160	1.30705920	1.68292680	2.03653470	2.37336660	3.05985300
0.375	0.91458540	1.35362040	1.73540190	2.01781830	2.37672150	3.02452800
0.390	0.94934070	1.39917540	1.78595160	1.99895340	2.38014990	2.98799460
0.405	0.98383560	1.44362160	1.83453900	1.97999070	2.38364580	2.95023870
0.420	1.01804610	1.48681650	1.88113050	1.96101450	2.38720230	2.91124050
0.435	1.05194610	1.52855070	1.92569640	1.94217240	2.39081160	2.87098020
0.450	1.08550860	1.56849780	1.92372510	1.96821030	2.39446740	2.82943800
0.465	1.11870390	1.60611780	1.90614690	2.00864940	2.39816160	2.78659560
0.480	1.15150200	1.64046660	1.89031620	2.04699390	2.40188730	2.74243800
0.495	1.18387110	1.66985910	1.87785570	2.08322670	2.40563640	2.69695470
0.510	1.21577820	1.69151760	1.87148430	2.11733280	2.40940140	2.65014330
0.525	1.24719030	1.70218860	1.87440330	2.14929600	2.41317450	2.60201220
0.540	1.27807290	1.70077800	1.88766210	2.17909410	2.41694700	2.55258900
0.555	1.30839180	1.68966900	1.90884120	2.20668240	2.42071140	2.50193580
0.570	1.33811220	1.67221860	1.93455870	2.23194840	2.42445870	2.45019870
0.585	1.36719960	1.65081210	1.96241640	2.25451740	2.39780190	2.42818110
0.600	1.39561950	1.62682410	1.99103730	2.27244180	2.34675960	2.43186990
0.615	1.42333800	1.60103340	2.01965580	2.26763880	2.31524040	2.43551670
0.630	1.45032150	1.57390710	2.04783180	2.22071940	2.32273830	2.43911250
0.645	1.47653670	1.54575300	2.07529800	2.16452550	2.33653920	2.44264920
0.660	1.50195150	1.51679760	2.10188430	2.10602790	2.34981990	2.44611780
0.675	1.48722420	1.52653440	2.04622980	2.12747880	2.36174970	2.44951020
0.690	1.45719570	1.55025450	1.98548460	2.15200380	2.37217260	2.45281770
0.705	1.42686690	1.57308180	1.92401670	2.17540650	2.38108530	2.45603190
0.720	1.39639020	1.59498720	1.86202380	2.19764970	2.38854090	2.45914500
0.735	1.36592040	1.61594280	1.79970480	2.21870820	2.39461710	2.46214830
0.750	1.33561680	1.63592100	1.73727330	2.23856610	2.39940840	2.46503460
0.755	1.32558090	1.64235840	1.71647760	2.24491650	2.40073800	2.46596940
0.760	1.31558790	1.64868360	1.69570500	2.25113250	2.40194010	2.46688980
0.765	1.30564470	1.65489510	1.67496450	2.25721380	2.40301950	2.46779610
0.770	1.29575730	1.65426630	1.66099230	2.26315980	2.40398040	2.46868770
0.775	1.28593230	1.63362090	1.66697400	2.26897110	2.40482670	2.46956400
0.780	1.27617600	1.61303910	1.67283960	2.27464740	2.40556320	2.47042530
0.785	1.26649590	1.59253170	1.67858790	2.28018900	2.40619410	2.47127130
0.790	1.25689800	1.57211070	1.68421830	2.28559590	2.40672420	2.47210140
0.795	1.24738920	1.55178810	1.68972960	2.29086810	2.40715800	2.47291560
0.800	1.23797670	1.53157620	1.69512120	2.29600620	2.40750000	2.47371360
0.805	1.22866770	1.51148820	1.70039220	2.30100990	2.40775470	2.47449510
0.810	1.21946850	1.49153760	1.70554170	2.30587980	2.40792720	2.47526010
0.815	1.21038660	1.47173850	1.71056880	2.31061620	2.40802170	2.47600800
0.820	1.20142950	1.45210500	1.71547260	2.31521940	2.40804300	2.47673880
0.825	1.19260380	1.43265270	1.72025280	2.31968970	2.40799590	2.47745220
0.830	1.18391670	1.41339690	1.72490790	2.32402740	2.40788520	2.47814820
0.835	1.17537600	1.39435410	1.72943760	2.32823280	2.40771510	2.47882620
0.840	1.16698860	1.37554110	1.73384100	2.33230650	2.40749070	2.47948620
0.845	1.15876200	1.35697530	1.73811720	2.33624880	2.40721680	2.48012820
0.850	1.15070310	1.33867470	1.74226560	2.34006030	2.40689730	2.48075190
0.855	1.14281970	1.32065820	1.74628560	2.34374100	2.40653730	2.48135670
0.860	1.13511900	1.30294500	1.75017630	2.34729180	2.40614100	2.48194290
0.865	1.12760790	1.28555490	1.75393740	2.35071300	2.40571320	2.48251020
0.870	1.12029390	1.26850860	1.75756770	2.35400490	2.40525810	2.48305860
0.875	1.11318390	1.25182710	1.76106660	2.35716780	2.40477960	2.48358750
0.880	1.10628540	1.23553200	1.76443380	2.36020260	2.40428250	2.48409690
0.885	1.09960530	1.21964550	1.76766870	2.36310960	2.40377070	2.48458680
0.890	1.09315050	1.20419070	1.77077040	2.36588910	2.40324840	2.48505690
0.895	1.08692760	1.18919040	1.77373830	2.36854170	2.40271920	2.48550720
0.900	1.08094350	1.17466800	1.77657210	2.37106740	2.40218730	2.48593770
0.905	1.07520450	1.16064810	1.77927150	2.37346710	2.40165630	2.48634780
0.910	1.06971720	1.14715410	1.78183530	2.37574110	2.40112950	2.48673750
0.915	1.06448790	1.13421090	1.78426350	2.37788970	2.40061050	2.48710710
0.920	1.05952230	1.12184220	1.78655550	2.37991350	2.40010260	2.48745600
0.925	1.05482640	1.11007260	1.78871070	2.38181250	2.39960910	2.48778450
0.930	1.05040530	1.09892580	1.79072910	2.38358730	2.39913270	2.48809200
0.935	1.04626500	1.08842580	1.79261010	2.38523820	2.39867640	2.48837880
0.940	1.04240970	1.07859540	1.79435310	2.38676550	2.39824320	2.48864490
0.945	1.03884480	1.06945740	1.79595810	2.38816920	2.39783490	2.48888970
0.950	1.03557450	1.06103280	1.79742450	2.38945020	2.39745420	2.48911380
0.955	1.03260270	1.05334230	1.79875200	2.39060820	2.39710350	2.48931660
0.960	1.02993360	1.04640540	1.79994060	2.39164380	2.39678400	2.48949810
0.965	1.02757020	1.04023950	1.80099000	2.39255700	2.39649810	2.48965860
0.970	1.02551550	1.03486140	1.80189990	2.39334810	2.39624730	2.48979750
0.975	1.02377250	1.03028490	1.80267000	2.39401710	2.39603250	2.48991540
0.980	1.02234330	1.02652290	1.80330060	2.39456460	2.39585550	2.49001170
0.985	1.02122970	1.02358590	1.80379080	2.39499000	2.39571660	2.49008670
0.990	1.02043320	1.02148200	1.80414120	2.39529390	2.39561700	2.49014040
0.995	1.01995470	1.02021720	1.80435150	2.39547630	2.39555700	2.49017250
1.000	1.01979510	1.01979510	1.80442170	2.39553690	2.39553690	2.49018330