0.00	0.00000000	0.00000000	0.00000000	2.32923540	2.32923540	3.51301800
0.01	0.01764948	0.01764948	0.04290336	2.32925430	2.32925430	3.51270600
0.02	0.03529218	0.03529218	0.08579055	2.32931040	2.32931040	3.51176700
0.03	0.05292141	0.05292141	0.12864546	2.32940430	2.32940430	3.51019800
0.04	0.07053036	0.07053036	0.17145201	2.32953510	2.32953510	3.50800800
0.05	0.08811234	0.08811234	0.21419409	2.32970310	2.32970310	3.50519100
0.06	0.10566066	0.10566066	0.25685574	2.32990830	2.32990830	3.50175000
0.07	0.12316869	0.12316869	0.29942100	2.33014980	2.33014980	3.49768800
0.08	0.14062977	0.14062977	0.34187400	2.33042760	2.33042760	3.49300800
0.09	0.15803739	0.15803739	0.38419920	2.33074170	2.33074170	3.48770700
0.10	0.17538498	0.17538498	0.42638070	2.33109090	2.33109090	3.48178800
0.11	0.19266615	0.19266615	0.46840320	2.33147550	2.33147550	3.47526000
0.12	0.20987451	0.20987451	0.51025140	2.33189460	2.33189460	3.46811700
0.13	0.22700376	0.22700376	0.55191000	2.33234760	2.33234760	3.46036800
0.14	0.24404763	0.24404763	0.59336400	2.33283390	2.33283390	3.45201600
0.15	0.26100003	0.26100003	0.63459870	2.33335320	2.33335320	3.44306100
0.16	0.27785493	0.27785493	0.67559940	2.33390460	2.33390460	3.43350900
0.17	0.29460633	0.29460633	0.71635170	2.33448750	2.33448750	3.42336300
0.18	0.31124850	0.31124850	0.75684120	2.33510100	2.33510100	3.41263200
0.19	0.32777550	0.32777550	0.79705440	2.33574420	2.33574420	3.40131600
0.20	0.34418190	0.34418190	0.83697690	2.33641650	2.33641650	3.38942100
0.21	0.36046200	0.36046200	0.87659610	2.33711700	2.33711700	3.37695300
0.22	0.37661070	0.37661070	0.91589820	2.33784450	2.33784450	3.36391800
0.23	0.39262260	0.39262260	0.95487030	2.33859870	2.33859870	3.35031900
0.24	0.40849260	0.40849260	0.99350010	2.33937780	2.33937780	3.33616800
0.25	0.42421590	0.42421590	1.03177530	2.34018150	2.34018150	3.32146800
0.26	0.43978710	0.43978710	1.06968360	2.34100860	2.34100860	3.30622500
0.27	0.45520200	0.45520200	1.10721330	2.34185790	2.34185790	3.29044800
0.28	0.47045580	0.47045580	1.14435300	2.34272850	2.34272850	3.27414300
0.29	0.48554430	0.48554430	1.18109190	2.34361920	2.34361920	3.25731900
0.30	0.50046300	0.50046300	1.21741890	2.34452880	2.34452880	3.23998800
0.31	0.51520770	0.51520770	1.25332380	2.34545640	2.34545640	3.22215300
0.32	0.52977510	0.52977510	1.28879670	2.34640080	2.34640080	3.20382300
0.33	0.54416040	0.54416040	1.32382740	2.34736080	2.34736080	3.18501300
0.34	0.55836090	0.55836090	1.35840690	2.34833520	2.34833520	3.16572900
0.35	0.57237240	0.57237240	1.39252620	2.34932310	2.34932310	3.14598300
0.36	0.58619190	0.58619190	1.42617630	2.35032300	2.35032300	3.12578100
0.37	0.59981640	0.59981640	1.45934880	2.35133370	2.35133370	3.10514100
0.38	0.61324230	0.61324230	1.49203620	2.35235400	2.35235400	3.08407200
0.39	0.62646720	0.62646720	1.52423040	2.35338300	2.35338300	3.06258600
0.40	0.63948840	0.63948840	1.55592420	2.35441950	2.35441950	3.04069200
0.41	0.65230320	0.65230320	1.58711040	2.35546200	2.35546200	3.01841100
0.42	0.66490920	0.66490920	1.61778270	2.35650930	2.35650930	2.99574870
0.43	0.67730430	0.67730430	1.64793390	2.35756080	2.35756080	2.97272430
0.44	0.68948640	0.68948640	1.67755890	2.35861470	2.35861470	2.94935130
0.45	0.70145340	0.70145340	1.70665080	2.35967010	2.35967010	2.92564530
0.46	0.71320350	0.71320350	1.73520450	2.36072580	2.36072580	2.90162250
0.47	0.72473550	0.72473550	1.76321430	2.36178090	2.36178090	2.87730000
0.48	0.73604730	0.73604730	1.79067510	2.36283390	2.36283390	2.85269550
0.49	0.74713830	0.74713830	1.81758150	2.36388420	2.36388420	2.82782760
0.50	0.75800670	0.75800670	1.84392810	2.36493030	2.36493030	2.80271610
0.51	0.76865160	0.76865160	1.86970980	2.36597130	2.36597130	2.77738140
0.52	0.77907210	0.77907210	1.89492090	2.36700600	2.36700600	2.75184540
0.53	0.78926760	0.78926760	1.91955540	2.36803380	2.36803380	2.72613150
0.54	0.79923690	0.79923690	1.94360730	2.36905320	2.36905320	2.70026460
0.55	0.80898030	0.80898030	1.96706910	2.37006390	2.37006390	2.67427110
0.56	0.81849660	0.81849660	1.98993210	2.37106440	2.37106440	2.64818040
0.57	0.82778610	0.82778610	2.01218610	2.37205380	2.37205380	2.62202430
0.58	0.83684790	0.83684790	2.03381730	2.37303150	2.37303150	2.59583880
0.59	0.84568260	0.84568260	2.05480920	2.37399630	2.37399630	2.56966440
0.60	0.85429020	0.85429020	2.07513900	2.37494790	2.37494790	2.54354940
0.61	0.86267010	0.86267010	2.09477430	2.37588480	2.37588480	2.51755080
0.62	0.87082350	0.87082350	2.11367010	2.37680700	2.37680700	2.49174150
0.63	0.87874980	0.87874980	2.13175890	2.37771300	2.37771300	2.46621690
0.64	0.88645020	0.88645020	2.14893780	2.37860250	2.37860250	2.44110990
0.65	0.89392440	0.89392440	2.16504120	2.37947490	2.37947490	2.41661610
0.66	0.90117360	0.90117360	2.17979250	2.38032900	2.38032900	2.39304300
0.67	0.90819840	0.90819840	2.19271260	2.37090420	2.38116480	2.38116480
0.68	0.91499880	0.91499880	2.20295250	2.35108080	2.38198140	2.38198140
0.69	0.92157630	0.92157630	2.20909080	2.33503050	2.38277820	2.38277820
0.70	0.92793120	0.92793120	2.20925820	2.32465830	2.38355460	2.38355460
0.71	0.93406470	0.93406470	2.20232940	2.32112640	2.38431000	2.38431000
0.72	0.93997740	0.93997740	2.18922780	2.32355040	2.38504410	2.38504410
0.73	0.94567020	0.94567020	2.17207020	2.32985190	2.38575630	2.38575630
0.74	0.95114460	0.95114460	2.15265720	2.33827110	2.38644630	2.38644630
0.75	0.95640090	0.95640090	2.13210960	2.34772860	2.38711350	2.38711350
0.76	0.96144030	0.96144030	2.11107570	2.35761750	2.38775760	2.38775760
0.77	0.96626430	0.96626430	2.08994010	2.36759610	2.38837800	2.38837800
0.78	0.97087320	0.97087320	2.06894640	2.37746430	2.38897470	2.38897470
0.79	0.97526850	0.97526850	2.04826080	2.38710000	2.38954680	2.38954680
0.80	0.97945110	0.97945110	2.02800450	2.39009460	2.39009460	2.39642580
0.81	0.98342190	0.98342190	2.00827350	2.39061750	2.39061750	2.40539100
0.82	0.98718210	0.98718210	1.98914580	2.39111490	2.39111490	2.41396140
0.83	0.99073260	0.99073260	1.97068980	2.39158710	2.39158710	2.42211420
0.84	0.99407430	0.99407430	1.95296640	2.39203350	2.39203350	2.42983260
0.85	0.99720810	0.99720810	1.93603050	2.39245380	2.39245380	2.43710490
0.86	1.00013550	1.00013550	1.91993430	2.39284830	2.39284830	2.44392300
0.87	1.00285650	1.00285650	1.90472520	2.39321610	2.39321610	2.45028150
0.88	1.00537260	1.00537260	1.89044850	2.39355750	2.39355750	2.45617530
0.89	1.00768410	1.00768410	1.87714650	2.39387220	2.39387220	2.46160230
0.90	1.00979220	1.00979220	1.86485940	2.39415990	2.39415990	2.46656010
0.91	1.01169720	1.01169720	1.85362380	2.39442090	2.39442090	2.47104750
0.92	1.01340000	1.01340000	1.84347420	2.39465460	2.39465460	2.47506330
0.93	1.01490090	1.01490090	1.83444180	2.39486100	2.39486100	2.47860690
0.94	1.01620080	1.01620080	1.82655450	2.39504010	2.39504010	2.48167830
0.95	1.01730000	1.01730000	1.81983750	2.39519160	2.39519160	2.48427720
0.96	1.01819880	1.01819880	1.81431180	2.39531580	2.39531580	2.48640360
0.97	1.01889750	1.01889750	1.80999540	2.39541270	2.39541270	2.48805720
0.98	1.01939610	1.01939610	1.80690210	2.39548170	2.39548170	2.48923830
0.99	1.01969550	1.01969550	1.80504240	2.39552310	2.39552310	2.48994720
1.00	1.01979510	1.01979510	1.80442170	2.39553690	2.39553690	2.49018330