# Filename: vasprun_01.xml, Snapshot: 1, E_pot (eV): -195.70652446
      0.0188973       0.0000000       0.0000000      -5.16242976E-04 -0.00000000E+00  0.00000000E+00
      0.0000000       0.0000000       0.0000000      -4.88700714E-06 -0.00000000E+00  0.00000000E+00
      0.0000000       0.0000000       0.0000000      -4.88700714E-06 -0.00000000E+00  0.00000000E+00
      0.0000000       0.0000000       0.0000000      -3.66457471E-06 -0.00000000E+00  0.00000000E+00
      0.0000000       0.0000000       0.0000000       6.17345878E-05 -0.00000000E+00  0.00000000E+00
      0.0000000       0.0000000       0.0000000       6.09193735E-06 -0.00000000E+00  0.00000000E+00
      0.0000000       0.0000000       0.0000000       6.09193735E-06 -0.00000000E+00  0.00000000E+00
      0.0000000       0.0000000       0.0000000       3.70346852E-06 -0.00000000E+00  0.00000000E+00
      0.0000000       0.0000000       0.0000000      -1.58550614E-05 -4.97840759E-08 -4.97840759E-08
      0.0000000       0.0000000       0.0000000      -1.58550614E-05 -4.97840759E-08  4.97840759E-08
      0.0000000       0.0000000       0.0000000      -1.58550614E-05  4.97840759E-08 -4.97840759E-08
      0.0000000       0.0000000       0.0000000      -1.58550614E-05  4.97840759E-08  4.97840759E-08
      0.0000000       0.0000000       0.0000000       1.03663670E-05  9.33451423E-09  9.33451423E-09
      0.0000000       0.0000000       0.0000000       1.03663670E-05  9.33451423E-09 -9.33451423E-09
      0.0000000       0.0000000       0.0000000       1.03663670E-05 -9.33451423E-09  9.33451423E-09
      0.0000000       0.0000000       0.0000000       1.03663670E-05 -9.33451423E-09 -9.33451423E-09
      0.0000000       0.0000000       0.0000000       1.64493588E-05 -0.00000000E+00  4.67270225E-05
      0.0000000       0.0000000       0.0000000       1.64493588E-05 -0.00000000E+00 -4.67270225E-05
      0.0000000       0.0000000       0.0000000      -1.21737623E-07 -0.00000000E+00  1.11352976E-06
      0.0000000       0.0000000       0.0000000      -1.21737623E-07 -0.00000000E+00 -1.11352976E-06
      0.0000000       0.0000000       0.0000000       1.64310787E-05 -0.00000000E+00 -4.64524322E-05
      0.0000000       0.0000000       0.0000000       1.64310787E-05 -0.00000000E+00  4.64524322E-05
      0.0000000       0.0000000       0.0000000      -9.80123995E-08 -0.00000000E+00 -1.10341737E-06
      0.0000000       0.0000000       0.0000000      -9.80123995E-08 -0.00000000E+00  1.10341737E-06
      0.0000000       0.0000000       0.0000000       1.64493588E-05  4.67270225E-05  0.00000000E+00
      0.0000000       0.0000000       0.0000000      -1.21737623E-07  1.11352976E-06  0.00000000E+00
      0.0000000       0.0000000       0.0000000       1.64493588E-05 -4.67270225E-05  0.00000000E+00
      0.0000000       0.0000000       0.0000000      -1.21737623E-07 -1.11352976E-06  0.00000000E+00
      0.0000000       0.0000000       0.0000000       1.64310787E-05 -4.64524322E-05  0.00000000E+00
      0.0000000       0.0000000       0.0000000      -9.80123995E-08 -1.10341737E-06  0.00000000E+00
      0.0000000       0.0000000       0.0000000       1.64310787E-05  4.64524322E-05  0.00000000E+00
      0.0000000       0.0000000       0.0000000      -9.80123995E-08  1.10341737E-06  0.00000000E+00
      0.0000000       0.0000000       0.0000000       1.44129956E-04 -0.00000000E+00  0.00000000E+00
      0.0000000       0.0000000       0.0000000       5.38290321E-07 -0.00000000E+00  0.00000000E+00
      0.0000000       0.0000000       0.0000000       5.38290321E-07 -0.00000000E+00  0.00000000E+00
      0.0000000       0.0000000       0.0000000       3.26707998E-08 -0.00000000E+00  0.00000000E+00
      0.0000000       0.0000000       0.0000000       1.35029194E-04 -0.00000000E+00  0.00000000E+00
      0.0000000       0.0000000       0.0000000       4.70615093E-07 -0.00000000E+00  0.00000000E+00
      0.0000000       0.0000000       0.0000000       4.70615093E-07 -0.00000000E+00  0.00000000E+00
      0.0000000       0.0000000       0.0000000       3.88938093E-09 -0.00000000E+00  0.00000000E+00
      0.0000000       0.0000000       0.0000000      -2.19944492E-06 -9.99609793E-06 -9.99609793E-06
      0.0000000       0.0000000       0.0000000      -2.19944492E-06 -9.99609793E-06  9.99609793E-06
      0.0000000       0.0000000       0.0000000      -2.19944492E-06  9.99609793E-06 -9.99609793E-06
      0.0000000       0.0000000       0.0000000      -2.19944492E-06  9.99609793E-06  9.99609793E-06
      0.0000000       0.0000000       0.0000000      -2.25195156E-06  9.95331474E-06  9.95331474E-06
      0.0000000       0.0000000       0.0000000      -2.25195156E-06  9.95331474E-06 -9.95331474E-06
      0.0000000       0.0000000       0.0000000      -2.25195156E-06 -9.95331474E-06  9.95331474E-06
      0.0000000       0.0000000       0.0000000      -2.25195156E-06 -9.95331474E-06 -9.95331474E-06
      0.0000000       0.0000000       0.0000000       4.07887157E-05 -0.00000000E+00 -2.33362856E-07
      0.0000000       0.0000000       0.0000000       4.07887157E-05 -0.00000000E+00  2.33362856E-07
      0.0000000       0.0000000       0.0000000       5.03791512E-06 -0.00000000E+00  1.71132761E-08
      0.0000000       0.0000000       0.0000000       5.03791512E-06 -0.00000000E+00 -1.71132761E-08
      0.0000000       0.0000000       0.0000000      -2.05250410E-05 -0.00000000E+00 -1.63353999E-08
      0.0000000       0.0000000       0.0000000      -2.05250410E-05 -0.00000000E+00  1.63353999E-08
      0.0000000       0.0000000       0.0000000      -5.31017179E-06 -0.00000000E+00 -1.55575237E-09
      0.0000000       0.0000000       0.0000000      -5.31017179E-06 -0.00000000E+00  1.55575237E-09
      0.0000000       0.0000000       0.0000000       4.07887157E-05 -2.33362856E-07  0.00000000E+00
      0.0000000       0.0000000       0.0000000       5.03791512E-06  1.71132761E-08  0.00000000E+00
      0.0000000       0.0000000       0.0000000       4.07887157E-05  2.33362856E-07  0.00000000E+00
      0.0000000       0.0000000       0.0000000       5.03791512E-06 -1.71132761E-08  0.00000000E+00
      0.0000000       0.0000000       0.0000000      -2.05250410E-05 -1.63353999E-08  0.00000000E+00
      0.0000000       0.0000000       0.0000000      -5.31017179E-06 -1.55575237E-09  0.00000000E+00
      0.0000000       0.0000000       0.0000000      -2.05250410E-05  1.63353999E-08  0.00000000E+00
      0.0000000       0.0000000       0.0000000      -5.31017179E-06  1.55575237E-09  0.00000000E+00
# Filename: vasprun_02.xml, Snapshot: 1, E_pot (eV): -195.70652456
      0.0000000       0.0000000       0.0000000       1.35201882E-04  0.00000000E+00  0.00000000E+00
      0.0000000       0.0000000       0.0000000       5.32845188E-07  0.00000000E+00  0.00000000E+00
      0.0000000       0.0000000       0.0000000       5.32845188E-07  0.00000000E+00  0.00000000E+00
      0.0000000       0.0000000       0.0000000       5.98964663E-08  0.00000000E+00  0.00000000E+00
      0.0000000       0.0000000       0.0000000       1.44029221E-04  0.00000000E+00  0.00000000E+00
      0.0000000       0.0000000       0.0000000       5.81462449E-07  0.00000000E+00  0.00000000E+00
      0.0000000       0.0000000       0.0000000       5.81462449E-07  0.00000000E+00  0.00000000E+00
      0.0000000       0.0000000       0.0000000       9.17893900E-08  0.00000000E+00  0.00000000E+00
      0.0000000       0.0000000       0.0000000      -2.21578032E-06  1.00089329E-05  1.00089329E-05
      0.0000000       0.0000000       0.0000000      -2.21578032E-06  1.00089329E-05 -1.00089329E-05
      0.0000000       0.0000000       0.0000000      -2.21578032E-06 -1.00089329E-05  1.00089329E-05
      0.0000000       0.0000000       0.0000000      -2.21578032E-06 -1.00089329E-05 -1.00089329E-05
      0.0000000       0.0000000       0.0000000      -2.14927190E-06 -1.00330470E-05 -1.00330470E-05
      0.0000000       0.0000000       0.0000000      -2.14927190E-06 -1.00330470E-05  1.00330470E-05
      0.0000000       0.0000000       0.0000000      -2.14927190E-06  1.00330470E-05 -1.00330470E-05
      0.0000000       0.0000000       0.0000000      -2.14927190E-06  1.00330470E-05  1.00330470E-05
      0.0000000       0.0000000       0.0000000       4.09637378E-05  0.00000000E+00 -1.63742937E-07
      0.0000000       0.0000000       0.0000000       4.09637378E-05  0.00000000E+00  1.63742937E-07
      0.0000000       0.0000000       0.0000000       5.13942796E-06  0.00000000E+00  1.12792047E-08
      0.0000000       0.0000000       0.0000000       5.13942796E-06  0.00000000E+00 -1.12792047E-08
      0.0000000       0.0000000       0.0000000      -2.06144968E-05  0.00000000E+00 -5.40623949E-08
      0.0000000       0.0000000       0.0000000      -2.06144968E-05  0.00000000E+00  5.40623949E-08
      0.0000000       0.0000000       0.0000000      -5.29733683E-06  0.00000000E+00  2.72256665E-09
      0.0000000       0.0000000       0.0000000      -5.29733683E-06  0.00000000E+00 -2.72256665E-09
      0.0000000       0.0000000       0.0000000       4.09637378E-05 -1.63742937E-07  0.00000000E+00
      0.0000000       0.0000000       0.0000000       5.13942796E-06  1.12792047E-08  0.00000000E+00
      0.0000000       0.0000000       0.0000000       4.09637378E-05  1.63742937E-07  0.00000000E+00
      0.0000000       0.0000000       0.0000000       5.13942796E-06 -1.12792047E-08  0.00000000E+00
      0.0000000       0.0000000       0.0000000      -2.06144968E-05 -5.40623949E-08  0.00000000E+00
      0.0000000       0.0000000       0.0000000      -5.29733683E-06  2.72256665E-09  0.00000000E+00
      0.0000000       0.0000000       0.0000000      -2.06144968E-05  5.40623949E-08  0.00000000E+00
      0.0000000       0.0000000       0.0000000      -5.29733683E-06 -2.72256665E-09  0.00000000E+00
      0.0188973       0.0000000       0.0000000      -5.14770068E-04  0.00000000E+00  0.00000000E+00
      0.0000000       0.0000000       0.0000000      -8.62936947E-06  0.00000000E+00  0.00000000E+00
      0.0000000       0.0000000       0.0000000      -8.62936947E-06  0.00000000E+00  0.00000000E+00
      0.0000000       0.0000000       0.0000000      -3.39387380E-06  0.00000000E+00  0.00000000E+00
      0.0000000       0.0000000       0.0000000       6.10162191E-05  0.00000000E+00  0.00000000E+00
      0.0000000       0.0000000       0.0000000       1.05386666E-05  0.00000000E+00  0.00000000E+00
      0.0000000       0.0000000       0.0000000       1.05386666E-05  0.00000000E+00  0.00000000E+00
      0.0000000       0.0000000       0.0000000       3.55761674E-06  0.00000000E+00  0.00000000E+00
      0.0000000       0.0000000       0.0000000      -1.57831078E-05 -5.17287664E-08 -5.17287664E-08
      0.0000000       0.0000000       0.0000000      -1.57831078E-05 -5.17287664E-08  5.17287664E-08
      0.0000000       0.0000000       0.0000000      -1.57831078E-05  5.17287664E-08 -5.17287664E-08
      0.0000000       0.0000000       0.0000000      -1.57831078E-05  5.17287664E-08  5.17287664E-08
      0.0000000       0.0000000       0.0000000       1.00929435E-05  1.75022142E-08  1.75022142E-08
      0.0000000       0.0000000       0.0000000       1.00929435E-05  1.75022142E-08 -1.75022142E-08
      0.0000000       0.0000000       0.0000000       1.00929435E-05 -1.75022142E-08  1.75022142E-08
      0.0000000       0.0000000       0.0000000       1.00929435E-05 -1.75022142E-08 -1.75022142E-08
      0.0000000       0.0000000       0.0000000       1.60911468E-05  0.00000000E+00 -3.44840292E-05
      0.0000000       0.0000000       0.0000000       1.60911468E-05  0.00000000E+00  3.44840292E-05
      0.0000000       0.0000000       0.0000000      -7.73986805E-08  0.00000000E+00 -3.22857511E-06
      0.0000000       0.0000000       0.0000000      -7.73986805E-08  0.00000000E+00  3.22857511E-06
      0.0000000       0.0000000       0.0000000       1.60044136E-05  0.00000000E+00  3.46442717E-05
      0.0000000       0.0000000       0.0000000       1.60044136E-05  0.00000000E+00 -3.46442717E-05
      0.0000000       0.0000000       0.0000000      -1.13958861E-07  0.00000000E+00  3.24024325E-06
      0.0000000       0.0000000       0.0000000      -1.13958861E-07  0.00000000E+00 -3.24024325E-06
      0.0000000       0.0000000       0.0000000       1.60911468E-05 -3.44840292E-05  0.00000000E+00
      0.0000000       0.0000000       0.0000000      -7.73986805E-08 -3.22857511E-06  0.00000000E+00
      0.0000000       0.0000000       0.0000000       1.60911468E-05  3.44840292E-05  0.00000000E+00
      0.0000000       0.0000000       0.0000000      -7.73986805E-08  3.22857511E-06  0.00000000E+00
      0.0000000       0.0000000       0.0000000       1.60044136E-05  3.46442717E-05  0.00000000E+00
      0.0000000       0.0000000       0.0000000      -1.13958861E-07  3.24024325E-06  0.00000000E+00
      0.0000000       0.0000000       0.0000000       1.60044136E-05 -3.46442717E-05  0.00000000E+00
      0.0000000       0.0000000       0.0000000      -1.13958861E-07 -3.24024325E-06  0.00000000E+00
