0.00	-5.745300	-2.327600	-2.327600	-2.122200	-1.299700	-1.299700	-0.539800	2.801200	2.801200	3.060200	3.060200
0.01	-5.742900	-2.332800	-2.325700	-2.129200	-1.303100	-1.295400	-0.540100	2.794000	2.804300	3.048800	3.057000
0.02	-5.735800	-2.348300	-2.319800	-2.149700	-1.313200	-1.282800	-0.541000	2.773000	2.813600	3.015500	3.047600
0.03	-5.723900	-2.373800	-2.310000	-2.182300	-1.330200	-1.263400	-0.542600	2.739200	2.829100	2.962700	3.031800
0.04	-5.707300	-2.409000	-2.296400	-2.224900	-1.354100	-1.239100	-0.545100	2.694400	2.850400	2.893900	3.009900
0.05	-5.686100	-2.453500	-2.279000	-2.275700	-1.385300	-1.211800	-0.548600	2.640800	2.812700	2.877400	2.982000
0.06	-5.660500	-2.506600	-2.332600	-2.258000	-1.424000	-1.183100	-0.553500	2.580900	2.722500	2.909600	2.948200
0.07	-5.630500	-2.567800	-2.394300	-2.233500	-1.470300	-1.154400	-0.560100	2.517200	2.626500	2.908900	2.946800
0.08	-5.596400	-2.636200	-2.459500	-2.205700	-1.524600	-1.126700	-0.568800	2.452100	2.527300	2.864400	2.988400
0.09	-5.558400	-2.711000	-2.527100	-2.174800	-1.586800	-1.100900	-0.579900	2.387800	2.427200	2.815000	3.033900
0.10	-5.516700	-2.791500	-2.596400	-2.141100	-1.657000	-1.077600	-0.593900	2.326300	2.328000	2.761400	3.082700
0.11	-5.471600	-2.876800	-2.666600	-2.104900	-1.735200	-1.057200	-0.611100	2.231500	2.269200	2.704100	3.134300
0.12	-5.423400	-2.966000	-2.737200	-2.066800	-1.820900	-1.040200	-0.631800	2.138800	2.217800	2.644000	3.188000
0.13	-5.372600	-3.058300	-2.807700	-2.027200	-1.913900	-1.026800	-0.656300	2.051100	2.173000	2.581900	3.243200
0.14	-5.319500	-3.152600	-2.878000	-2.013400	-1.987000	-1.017200	-0.684500	1.969000	2.135600	2.518900	3.299300
0.15	-5.264800	-3.248200	-2.947600	-2.118700	-1.946800	-1.011500	-0.716100	1.892900	2.105800	2.456200	3.355600
0.16	-5.209000	-3.343800	-3.016600	-2.228900	-1.908000	-1.010000	-0.750500	1.823000	2.083900	2.395100	3.411500
0.17	-5.153000	-3.438600	-3.084900	-2.342700	-1.872000	-1.012600	-0.786700	1.759100	2.069600	2.337000	3.466300
0.18	-5.097600	-3.531200	-3.152800	-2.459000	-1.840500	-1.019500	-0.823200	1.700800	2.062900	2.283300	3.519600
0.19	-5.044200	-3.620200	-3.220700	-2.576000	-1.815800	-1.030600	-0.858000	1.647700	2.063200	2.235400	3.570700
0.20	-4.994100	-3.704100	-3.289400	-2.691900	-1.800400	-1.045900	-0.888700	1.599400	2.070100	2.194300	3.619300
0.21	-4.949300	-3.780800	-3.360000	-2.804600	-1.796800	-1.065500	-0.913100	1.555700	2.083000	2.160900	3.664900
0.22	-4.911900	-3.848000	-3.434100	-2.911600	-1.806900	-1.089200	-0.929200	1.517000	2.101400	2.135400	3.707100
0.23	-4.884400	-3.903300	-3.513400	-3.010100	-1.831800	-1.117000	-0.936100	1.483700	2.117700	2.124500	3.745800
0.24	-4.869300	-3.944200	-3.599300	-3.097900	-1.871200	-1.148800	-0.934300	1.456800	2.107200	2.151700	3.780900
0.25	-4.867900	-3.969400	-3.692500	-3.173500	-1.923600	-1.184400	-0.925300	1.437400	2.103000	2.182200	3.812400
0.26	-4.880400	-3.978700	-3.792200	-3.236900	-1.987200	-1.223700	-0.910900	1.426400	2.104000	2.215100	3.840300
0.27	-4.904900	-3.974100	-3.897100	-3.289000	-2.059900	-1.266500	-0.893200	1.424800	2.109200	2.249800	3.865100
0.28	-4.938700	-4.005000	-3.958500	-3.331100	-2.139800	-1.312600	-0.873300	1.433000	2.117400	2.285400	3.887200
0.29	-4.978200	-4.114000	-3.935200	-3.364600	-2.225600	-1.361700	-0.852400	1.451000	2.127700	2.320800	3.907000
0.30	-5.020600	-4.222700	-3.907300	-3.390700	-2.316100	-1.413500	-0.830600	1.478300	2.139400	2.355400	3.925300
0.31	-5.063300	-4.329700	-3.877400	-3.410100	-2.410300	-1.467800	-0.808000	1.513600	2.152200	2.388100	3.942800
0.32	-5.104300	-4.433900	-3.847400	-3.423700	-2.507500	-1.524200	-0.784200	1.554800	2.166400	2.418100	3.960300
0.33	-5.141900	-4.534600	-3.818800	-3.431800	-2.607100	-1.582500	-0.758700	1.599200	2.182700	2.444600	3.978500
0.34	-5.174800	-4.631200	-3.792800	-3.435100	-2.708600	-1.642100	-0.731000	1.643000	2.203100	2.466800	3.998200
0.35	-5.202200	-4.723000	-3.770200	-3.433800	-2.811200	-1.702800	-0.700400	1.681600	2.230200	2.484300	4.020000
0.36	-5.223000	-4.809600	-3.751600	-3.428400	-2.914400	-1.764000	-0.666900	1.710500	2.267000	2.496600	4.044100
0.37	-5.236800	-4.890700	-3.737700	-3.419100	-3.017400	-1.825400	-0.630200	1.726100	2.315300	2.503700	4.070800
0.38	-5.242900	-4.965900	-3.729400	-3.406500	-3.119000	-1.886500	-0.590500	1.727300	2.375100	2.505700	4.100000
0.39	-5.241100	-5.035100	-3.727600	-3.391000	-3.217600	-1.946600	-0.548200	1.715100	2.444200	2.503000	4.131200
0.40	-5.230900	-5.098000	-3.734400	-3.373000	-3.310500	-2.005300	-0.503900	1.691800	2.496100	2.519500	4.164000
0.41	-5.212400	-5.154500	-3.753200	-3.393600	-3.353200	-2.061900	-0.458400	1.660100	2.485700	2.597600	4.197700
0.42	-5.204600	-5.185500	-3.788500	-3.461600	-3.332100	-2.115700	-0.412600	1.622500	2.472700	2.675600	4.231400
0.43	-5.248200	-5.150500	-3.842600	-3.511200	-3.310500	-2.165900	-0.367700	1.581800	2.457900	2.750500	4.264100
0.44	-5.285400	-5.108100	-3.912600	-3.544100	-3.289300	-2.211700	-0.325100	1.540300	2.442300	2.819900	4.295100
0.45	-5.316200	-5.059200	-3.991800	-3.565700	-3.269400	-2.252200	-0.286100	1.500400	2.426700	2.881700	4.323300
0.46	-5.340800	-5.005600	-4.073400	-3.580300	-3.251700	-2.286600	-0.252200	1.464300	2.412100	2.934000	4.348000
0.47	-5.359500	-4.950400	-4.151600	-3.590700	-3.237100	-2.313900	-0.224500	1.434000	2.399300	2.975400	4.368200
0.48	-5.372400	-4.898700	-4.219500	-3.598200	-3.226400	-2.333500	-0.204200	1.411200	2.389200	3.005100	4.383400
0.49	-5.379800	-4.859400	-4.268100	-3.603100	-3.219900	-2.345200	-0.191900	1.397200	2.382600	3.022800	4.392800
0.50	-5.382200	-4.844200	-4.286300	-3.604900	-3.217800	-2.349000	-0.187900	1.392500	2.380300	3.028500	4.396000
0.51	-5.381600	-4.848200	-4.281600	-3.604300	-3.218300	-2.348100	-0.188900	1.393700	2.380900	3.027200	4.395200
0.52	-5.380000	-4.860100	-4.268000	-3.602500	-3.219700	-2.345500	-0.191700	1.397100	2.382900	3.023100	4.392700
0.53	-5.377300	-4.879000	-4.246800	-3.599200	-3.221900	-2.341200	-0.196300	1.402700	2.386200	3.016400	4.388500
0.54	-5.373600	-4.903500	-4.219600	-3.593800	-3.224800	-2.335500	-0.202500	1.410400	2.391000	3.007300	4.382600
0.55	-5.368900	-4.932300	-4.188300	-3.586000	-3.228300	-2.328500	-0.210100	1.420000	2.397500	2.995900	4.375000
0.56	-5.363500	-4.964400	-4.154700	-3.575100	-3.232200	-2.320300	-0.219000	1.431300	2.405500	2.982400	4.365700
0.57	-5.357200	-4.998700	-4.120500	-3.560300	-3.236300	-2.311100	-0.229000	1.444200	2.415200	2.967000	4.354700
0.58	-5.350200	-5.034600	-4.087300	-3.541000	-3.240600	-2.301100	-0.239800	1.458500	2.426700	2.949800	4.342000
0.59	-5.342600	-5.071600	-4.056400	-3.516200	-3.244800	-2.290500	-0.251400	1.473900	2.440000	2.931000	4.327700
0.60	-5.334500	-5.109200	-4.028800	-3.485400	-3.248900	-2.279300	-0.263500	1.490400	2.455100	2.910700	4.311800
0.61	-5.325800	-5.147100	-4.005300	-3.448200	-3.252700	-2.267800	-0.276000	1.507800	2.472200	2.889200	4.294300
0.62	-5.316800	-5.185100	-3.986300	-3.404600	-3.256200	-2.256100	-0.288700	1.525800	2.491200	2.866600	4.275400
0.63	-5.307400	-5.223000	-3.971400	-3.355000	-3.259100	-2.244300	-0.301500	1.544300	2.512200	2.842900	4.255000
0.64	-5.297700	-5.260600	-3.960500	-3.300000	-3.261400	-2.232600	-0.314300	1.563100	2.535200	2.818500	4.233300
0.65	-5.297900	-5.287800	-3.953000	-3.263100	-3.240200	-2.220900	-0.327000	1.582100	2.560100	2.793300	4.210400
0.66	-5.334700	-5.277800	-3.948300	-3.264000	-3.176400	-2.209600	-0.339400	1.601100	2.587200	2.767600	4.186200
0.67	-5.370900	-5.267800	-3.946000	-3.264000	-3.109100	-2.198500	-0.351600	1.620100	2.616200	2.741500	4.161000
0.68	-5.406500	-5.257800	-3.945600	-3.263200	-3.038900	-2.187900	-0.363500	1.638900	2.647300	2.715000	4.134800
0.69	-5.441400	-5.247800	-3.946800	-3.261500	-2.966400	-2.177800	-0.374900	1.657400	2.680400	2.688400	4.107700
0.70	-5.475500	-5.238000	-3.949300	-3.258800	-2.891900	-2.168200	-0.386000	1.675400	2.661800	2.715500	4.079900
0.71	-5.508900	-5.228300	-3.952900	-3.255100	-2.815800	-2.159300	-0.396600	1.692900	2.635100	2.752500	4.051400
0.72	-5.541400	-5.218900	-3.957200	-3.250400	-2.738300	-2.150900	-0.406800	1.709800	2.608700	2.791400	4.022400
0.73	-5.573100	-5.209800	-3.962300	-3.244700	-2.659900	-2.143300	-0.416600	1.726000	2.582500	2.832100	3.992900
0.74	-5.603800	-5.200900	-3.967900	-3.238100	-2.580600	-2.136400	-0.426000	1.741400	2.556700	2.874600	3.963200
0.75	-5.633600	-5.192400	-3.973900	-3.230500	-2.500900	-2.130200	-0.435100	1.756000	2.531400	2.918700	3.933400
0.76	-5.662500	-5.184300	-3.980200	-3.222000	-2.420800	-2.124700	-0.443800	1.769600	2.506700	2.964500	3.903500
0.77	-5.690300	-5.176600	-3.986800	-3.212600	-2.340600	-2.120000	-0.452300	1.782300	2.482600	3.011600	3.873800
0.78	-5.717100	-5.169300	-3.993500	-3.202300	-2.260500	-2.116100	-0.460600	1.793900	2.459400	3.060000	3.844400
0.79	-5.742900	-5.162500	-4.000400	-3.191400	-2.180600	-2.112900	-0.468900	1.804400	2.437000	3.109500	3.815500
0.80	-5.767600	-5.156000	-4.007200	-3.179700	-2.110400	-2.101200	-0.477000	1.813800	2.415700	3.159900	3.787200
0.81	-5.791200	-5.150000	-4.014000	-3.167500	-2.108600	-2.022500	-0.485300	1.822000	2.395400	3.210800	3.759800
0.82	-5.813800	-5.144500	-4.020800	-3.154700	-2.107500	-1.944600	-0.493800	1.829100	2.376300	3.262000	3.733500
0.83	-5.835200	-5.139300	-4.027400	-3.141600	-2.107000	-1.867700	-0.502600	1.834900	2.358300	3.312900	3.708900
0.84	-5.855400	-5.134600	-4.033900	-3.128100	-2.107200	-1.791900	-0.511800	1.839600	2.341700	3.362700	3.686500
0.85	-5.874500	-5.130200	-4.040100	-3.114500	-2.107800	-1.717600	-0.521500	1.843200	2.326300	3.410000	3.667600
0.86	-5.892500	-5.126300	-4.046100	-3.100900	-2.109000	-1.644800	-0.531900	1.845700	2.312300	3.452300	3.654500
0.87	-5.909200	-5.122700	-4.051900	-3.087300	-2.110500	-1.573700	-0.543100	1.847100	2.299600	3.484800	3.651800
0.88	-5.924800	-5.119500	-4.057300	-3.074000	-2.112500	-1.504500	-0.555300	1.847700	2.288200	3.502000	3.664600
0.89	-5.939200	-5.116600	-4.062400	-3.061000	-2.114700	-1.437400	-0.568500	1.847500	2.278100	3.504200	3.692500
0.90	-5.952300	-5.114100	-4.067200	-3.048600	-2.117100	-1.372500	-0.583000	1.846600	2.269200	3.497500	3.728900
0.91	-5.964300	-5.111800	-4.071500	-3.036800	-2.119600	-1.310100	-0.598800	1.845200	2.261400	3.487000	3.768300
0.92	-5.975000	-5.109900	-4.075500	-3.025700	-2.122200	-1.250300	-0.616100	1.843500	2.254700	3.475500	3.807600
0.93	-5.984400	-5.108200	-4.079000	-3.015600	-2.124800	-1.193200	-0.634800	1.841500	2.249000	3.464100	3.845000
0.94	-5.992600	-5.106800	-4.082100	-3.006500	-2.127200	-1.139100	-0.655100	1.839500	2.244300	3.453600	3.879400
0.95	-5.999600	-5.105600	-4.084800	-2.998600	-2.129400	-1.088400	-0.676900	1.837600	2.240400	3.444400	3.910000
0.96	-6.005300	-5.104600	-4.087000	-2.992000	-2.131300	-1.041400	-0.699900	1.835800	2.237200	3.436600	3.936000
0.97	-6.009700	-5.103900	-4.088700	-2.986700	-2.132800	-0.999000	-0.723500	1.834300	2.234900	3.430400	3.956900
0.98	-6.012900	-5.103400	-4.089900	-2.982900	-2.134000	-0.962900	-0.746000	1.833200	2.233200	3.425900	3.972100
0.99	-6.014800	-5.103000	-4.090600	-2.980600	-2.134700	-0.936700	-0.764100	1.832500	2.232200	3.423200	3.981500
1.00	-6.015400	-5.102900	-4.090900	-2.979800	-2.134900	-0.926500	-0.771500	1.832300	2.231900	3.422300	3.984600