&general
  PREFIX = Ge333_cubic
  MODE = suggest
  NAT = 216; NKD = 1
  KD = Ge
/

&interaction
  NORDER = 2  # 1: harmonic, 2: cubic, ..
/

&cell
  32.235 # factor in Bohr unit
  1.0 0.0 0.0 # a1
  0.0 1.0 0.0 # a2
  0.0 0.0 1.0 # a3
/

&cutoff 
  Ge-Ge None 9.7
/
&position
1 0.000000000000000 0.000000000000000 0.000000000000000 
1 0.083333333333333 0.083333333333333 0.083333333333333 
1 0.000000000000000 0.166666666666667 0.166666666666667 
1 0.083333333333333 0.250000000000000 0.250000000000000 
1 0.166666666666667 0.000000000000000 0.166666666666667 
1 0.250000000000000 0.083333333333333 0.250000000000000 
1 0.166666666666667 0.166666666666667 0.000000000000000 
1 0.250000000000000 0.250000000000000 0.083333333333333 
1 0.000000000000000 0.000000000000000 0.333333333333333 
1 0.083333333333333 0.083333333333333 0.416666666666667 
1 0.000000000000000 0.166666666666667 0.500000000000000 
1 0.083333333333333 0.250000000000000 0.583333333333333 
1 0.166666666666667 0.000000000000000 0.500000000000000 
1 0.250000000000000 0.083333333333333 0.583333333333333 
1 0.166666666666667 0.166666666666667 0.333333333333333 
1 0.250000000000000 0.250000000000000 0.416666666666667 
1 0.000000000000000 0.000000000000000 0.666666666666667 
1 0.083333333333333 0.083333333333333 0.750000000000000 
1 0.000000000000000 0.166666666666667 0.833333333333333 
1 0.083333333333333 0.250000000000000 0.916666666666667 
1 0.166666666666667 0.000000000000000 0.833333333333333 
1 0.250000000000000 0.083333333333333 0.916666666666667 
1 0.166666666666667 0.166666666666667 0.666666666666667 
1 0.250000000000000 0.250000000000000 0.750000000000000 
1 0.000000000000000 0.333333333333333 0.000000000000000 
1 0.083333333333333 0.416666666666667 0.083333333333333 
1 0.000000000000000 0.500000000000000 0.166666666666667 
1 0.083333333333333 0.583333333333333 0.250000000000000 
1 0.166666666666667 0.333333333333333 0.166666666666667 
1 0.250000000000000 0.416666666666667 0.250000000000000 
1 0.166666666666667 0.500000000000000 0.000000000000000 
1 0.250000000000000 0.583333333333333 0.083333333333333 
1 0.000000000000000 0.333333333333333 0.333333333333333 
1 0.083333333333333 0.416666666666667 0.416666666666667 
1 0.000000000000000 0.500000000000000 0.500000000000000 
1 0.083333333333333 0.583333333333333 0.583333333333333 
1 0.166666666666667 0.333333333333333 0.500000000000000 
1 0.250000000000000 0.416666666666667 0.583333333333333 
1 0.166666666666667 0.500000000000000 0.333333333333333 
1 0.250000000000000 0.583333333333333 0.416666666666667 
1 0.000000000000000 0.333333333333333 0.666666666666667 
1 0.083333333333333 0.416666666666667 0.750000000000000 
1 0.000000000000000 0.500000000000000 0.833333333333333 
1 0.083333333333333 0.583333333333333 0.916666666666667 
1 0.166666666666667 0.333333333333333 0.833333333333333 
1 0.250000000000000 0.416666666666667 0.916666666666667 
1 0.166666666666667 0.500000000000000 0.666666666666667 
1 0.250000000000000 0.583333333333333 0.750000000000000 
1 0.000000000000000 0.666666666666667 0.000000000000000 
1 0.083333333333333 0.750000000000000 0.083333333333333 
1 0.000000000000000 0.833333333333333 0.166666666666667 
1 0.083333333333333 0.916666666666667 0.250000000000000 
1 0.166666666666667 0.666666666666667 0.166666666666667 
1 0.250000000000000 0.750000000000000 0.250000000000000 
1 0.166666666666667 0.833333333333333 0.000000000000000 
1 0.250000000000000 0.916666666666667 0.083333333333333 
1 0.000000000000000 0.666666666666667 0.333333333333333 
1 0.083333333333333 0.750000000000000 0.416666666666667 
1 0.000000000000000 0.833333333333333 0.500000000000000 
1 0.083333333333333 0.916666666666667 0.583333333333333 
1 0.166666666666667 0.666666666666667 0.500000000000000 
1 0.250000000000000 0.750000000000000 0.583333333333333 
1 0.166666666666667 0.833333333333333 0.333333333333333 
1 0.250000000000000 0.916666666666667 0.416666666666667 
1 0.000000000000000 0.666666666666667 0.666666666666667 
1 0.083333333333333 0.750000000000000 0.750000000000000 
1 0.000000000000000 0.833333333333333 0.833333333333333 
1 0.083333333333333 0.916666666666667 0.916666666666667 
1 0.166666666666667 0.666666666666667 0.833333333333333 
1 0.250000000000000 0.750000000000000 0.916666666666667 
1 0.166666666666667 0.833333333333333 0.666666666666667 
1 0.250000000000000 0.916666666666667 0.750000000000000 
1 0.333333333333333 0.000000000000000 0.000000000000000 
1 0.416666666666667 0.083333333333333 0.083333333333333 
1 0.333333333333333 0.166666666666667 0.166666666666667 
1 0.416666666666667 0.250000000000000 0.250000000000000 
1 0.500000000000000 0.000000000000000 0.166666666666667 
1 0.583333333333333 0.083333333333333 0.250000000000000 
1 0.500000000000000 0.166666666666667 0.000000000000000 
1 0.583333333333333 0.250000000000000 0.083333333333333 
1 0.333333333333333 0.000000000000000 0.333333333333333 
1 0.416666666666667 0.083333333333333 0.416666666666667 
1 0.333333333333333 0.166666666666667 0.500000000000000 
1 0.416666666666667 0.250000000000000 0.583333333333333 
1 0.500000000000000 0.000000000000000 0.500000000000000 
1 0.583333333333333 0.083333333333333 0.583333333333333 
1 0.500000000000000 0.166666666666667 0.333333333333333 
1 0.583333333333333 0.250000000000000 0.416666666666667 
1 0.333333333333333 0.000000000000000 0.666666666666667 
1 0.416666666666667 0.083333333333333 0.750000000000000 
1 0.333333333333333 0.166666666666667 0.833333333333333 
1 0.416666666666667 0.250000000000000 0.916666666666667 
1 0.500000000000000 0.000000000000000 0.833333333333333 
1 0.583333333333333 0.083333333333333 0.916666666666667 
1 0.500000000000000 0.166666666666667 0.666666666666667 
1 0.583333333333333 0.250000000000000 0.750000000000000 
1 0.333333333333333 0.333333333333333 0.000000000000000 
1 0.416666666666667 0.416666666666667 0.083333333333333 
1 0.333333333333333 0.500000000000000 0.166666666666667 
1 0.416666666666667 0.583333333333333 0.250000000000000 
1 0.500000000000000 0.333333333333333 0.166666666666667 
1 0.583333333333333 0.416666666666667 0.250000000000000 
1 0.500000000000000 0.500000000000000 0.000000000000000 
1 0.583333333333333 0.583333333333333 0.083333333333333 
1 0.333333333333333 0.333333333333333 0.333333333333333 
1 0.416666666666667 0.416666666666667 0.416666666666667 
1 0.333333333333333 0.500000000000000 0.500000000000000 
1 0.416666666666667 0.583333333333333 0.583333333333333 
1 0.500000000000000 0.333333333333333 0.500000000000000 
1 0.583333333333333 0.416666666666667 0.583333333333333 
1 0.500000000000000 0.500000000000000 0.333333333333333 
1 0.583333333333333 0.583333333333333 0.416666666666667 
1 0.333333333333333 0.333333333333333 0.666666666666667 
1 0.416666666666667 0.416666666666667 0.750000000000000 
1 0.333333333333333 0.500000000000000 0.833333333333333 
1 0.416666666666667 0.583333333333333 0.916666666666667 
1 0.500000000000000 0.333333333333333 0.833333333333333 
1 0.583333333333333 0.416666666666667 0.916666666666667 
1 0.500000000000000 0.500000000000000 0.666666666666667 
1 0.583333333333333 0.583333333333333 0.750000000000000 
1 0.333333333333333 0.666666666666667 0.000000000000000 
1 0.416666666666667 0.750000000000000 0.083333333333333 
1 0.333333333333333 0.833333333333333 0.166666666666667 
1 0.416666666666667 0.916666666666667 0.250000000000000 
1 0.500000000000000 0.666666666666667 0.166666666666667 
1 0.583333333333333 0.750000000000000 0.250000000000000 
1 0.500000000000000 0.833333333333333 0.000000000000000 
1 0.583333333333333 0.916666666666667 0.083333333333333 
1 0.333333333333333 0.666666666666667 0.333333333333333 
1 0.416666666666667 0.750000000000000 0.416666666666667 
1 0.333333333333333 0.833333333333333 0.500000000000000 
1 0.416666666666667 0.916666666666667 0.583333333333333 
1 0.500000000000000 0.666666666666667 0.500000000000000 
1 0.583333333333333 0.750000000000000 0.583333333333333 
1 0.500000000000000 0.833333333333333 0.333333333333333 
1 0.583333333333333 0.916666666666667 0.416666666666667 
1 0.333333333333333 0.666666666666667 0.666666666666667 
1 0.416666666666667 0.750000000000000 0.750000000000000 
1 0.333333333333333 0.833333333333333 0.833333333333333 
1 0.416666666666667 0.916666666666667 0.916666666666667 
1 0.500000000000000 0.666666666666667 0.833333333333333 
1 0.583333333333333 0.750000000000000 0.916666666666667 
1 0.500000000000000 0.833333333333333 0.666666666666667 
1 0.583333333333333 0.916666666666667 0.750000000000000 
1 0.666666666666667 0.000000000000000 0.000000000000000 
1 0.750000000000000 0.083333333333333 0.083333333333333 
1 0.666666666666667 0.166666666666667 0.166666666666667 
1 0.750000000000000 0.250000000000000 0.250000000000000 
1 0.833333333333333 0.000000000000000 0.166666666666667 
1 0.916666666666667 0.083333333333333 0.250000000000000 
1 0.833333333333333 0.166666666666667 0.000000000000000 
1 0.916666666666667 0.250000000000000 0.083333333333333 
1 0.666666666666667 0.000000000000000 0.333333333333333 
1 0.750000000000000 0.083333333333333 0.416666666666667 
1 0.666666666666667 0.166666666666667 0.500000000000000 
1 0.750000000000000 0.250000000000000 0.583333333333333 
1 0.833333333333333 0.000000000000000 0.500000000000000 
1 0.916666666666667 0.083333333333333 0.583333333333333 
1 0.833333333333333 0.166666666666667 0.333333333333333 
1 0.916666666666667 0.250000000000000 0.416666666666667 
1 0.666666666666667 0.000000000000000 0.666666666666667 
1 0.750000000000000 0.083333333333333 0.750000000000000 
1 0.666666666666667 0.166666666666667 0.833333333333333 
1 0.750000000000000 0.250000000000000 0.916666666666667 
1 0.833333333333333 0.000000000000000 0.833333333333333 
1 0.916666666666667 0.083333333333333 0.916666666666667 
1 0.833333333333333 0.166666666666667 0.666666666666667 
1 0.916666666666667 0.250000000000000 0.750000000000000 
1 0.666666666666667 0.333333333333333 0.000000000000000 
1 0.750000000000000 0.416666666666667 0.083333333333333 
1 0.666666666666667 0.500000000000000 0.166666666666667 
1 0.750000000000000 0.583333333333333 0.250000000000000 
1 0.833333333333333 0.333333333333333 0.166666666666667 
1 0.916666666666667 0.416666666666667 0.250000000000000 
1 0.833333333333333 0.500000000000000 0.000000000000000 
1 0.916666666666667 0.583333333333333 0.083333333333333 
1 0.666666666666667 0.333333333333333 0.333333333333333 
1 0.750000000000000 0.416666666666667 0.416666666666667 
1 0.666666666666667 0.500000000000000 0.500000000000000 
1 0.750000000000000 0.583333333333333 0.583333333333333 
1 0.833333333333333 0.333333333333333 0.500000000000000 
1 0.916666666666667 0.416666666666667 0.583333333333333 
1 0.833333333333333 0.500000000000000 0.333333333333333 
1 0.916666666666667 0.583333333333333 0.416666666666667 
1 0.666666666666667 0.333333333333333 0.666666666666667 
1 0.750000000000000 0.416666666666667 0.750000000000000 
1 0.666666666666667 0.500000000000000 0.833333333333333 
1 0.750000000000000 0.583333333333333 0.916666666666667 
1 0.833333333333333 0.333333333333333 0.833333333333333 
1 0.916666666666667 0.416666666666667 0.916666666666667 
1 0.833333333333333 0.500000000000000 0.666666666666667 
1 0.916666666666667 0.583333333333333 0.750000000000000 
1 0.666666666666667 0.666666666666667 0.000000000000000 
1 0.750000000000000 0.750000000000000 0.083333333333333 
1 0.666666666666667 0.833333333333333 0.166666666666667 
1 0.750000000000000 0.916666666666667 0.250000000000000 
1 0.833333333333333 0.666666666666667 0.166666666666667 
1 0.916666666666667 0.750000000000000 0.250000000000000 
1 0.833333333333333 0.833333333333333 0.000000000000000 
1 0.916666666666667 0.916666666666667 0.083333333333333 
1 0.666666666666667 0.666666666666667 0.333333333333333 
1 0.750000000000000 0.750000000000000 0.416666666666667 
1 0.666666666666667 0.833333333333333 0.500000000000000 
1 0.750000000000000 0.916666666666667 0.583333333333333 
1 0.833333333333333 0.666666666666667 0.500000000000000 
1 0.916666666666667 0.750000000000000 0.583333333333333 
1 0.833333333333333 0.833333333333333 0.333333333333333 
1 0.916666666666667 0.916666666666667 0.416666666666667 
1 0.666666666666667 0.666666666666667 0.666666666666667 
1 0.750000000000000 0.750000000000000 0.750000000000000 
1 0.666666666666667 0.833333333333333 0.833333333333333 
1 0.750000000000000 0.916666666666667 0.916666666666667 
1 0.833333333333333 0.666666666666667 0.833333333333333 
1 0.916666666666667 0.750000000000000 0.916666666666667 
1 0.833333333333333 0.833333333333333 0.666666666666667 
1 0.916666666666667 0.916666666666667 0.750000000000000 
/