&general
 PREFIX = cubic
 MODE = opt
 NAT = 64
 NKD = 1; KD = Ge 
 TOLERANCE = 1.0e-3
/

&optimize
 DFSET = DFSET_merged
 FC2XML = ../supercell222conv_0.01.xml
/

&interaction
 NORDER = 2
/

&cutoff
 *-* None 9.02354
/

&cell
    1.88972612545783
    11.4038172683164     0.0000000000000     0.0000000000000
     0.0000000000000    11.4038172683164     0.0000000000000
     0.0000000000000     0.0000000000000    11.4038172683164
/

&position
   1     0.50000000000000     0.00000000000000     0.00000000000000
   1     0.75000000000000     0.25000000000000     0.00000000000000
   1     0.75000000000000     0.00000000000000     0.25000000000000
   1     0.00000000000000     0.00000000000000     0.00000000000000
   1     0.25000000000000     0.25000000000000     0.00000000000000
   1     0.50000000000000     0.50000000000000     0.00000000000000
   1     0.75000000000000     0.75000000000000     0.00000000000000
   1     0.25000000000000     0.00000000000000     0.25000000000000
   1     0.50000000000000     0.25000000000000     0.25000000000000
   1     0.75000000000000     0.50000000000000     0.25000000000000
   1     0.50000000000000     0.00000000000000     0.50000000000000
   1     0.75000000000000     0.25000000000000     0.50000000000000
   1     0.75000000000000     0.00000000000000     0.75000000000000
   1     0.00000000000000     0.50000000000000     0.00000000000000
   1     0.25000000000000     0.75000000000000     0.00000000000000
   1     0.00000000000000     0.25000000000000     0.25000000000000
   1     0.25000000000000     0.50000000000000     0.25000000000000
   1     0.50000000000000     0.75000000000000     0.25000000000000
   1     0.00000000000000     0.00000000000000     0.50000000000000
   1     0.25000000000000     0.25000000000000     0.50000000000000
   1     0.50000000000000     0.50000000000000     0.50000000000000
   1     0.75000000000000     0.75000000000000     0.50000000000000
   1     0.25000000000000     0.00000000000000     0.75000000000000
   1     0.50000000000000     0.25000000000000     0.75000000000000
   1     0.75000000000000     0.50000000000000     0.75000000000000
   1     0.00000000000000     0.75000000000000     0.25000000000000
   1     0.00000000000000     0.50000000000000     0.50000000000000
   1     0.25000000000000     0.75000000000000     0.50000000000000
   1     0.00000000000000     0.25000000000000     0.75000000000000
   1     0.25000000000000     0.50000000000000     0.75000000000000
   1     0.50000000000000     0.75000000000000     0.75000000000000
   1     0.00000000000000     0.75000000000000     0.75000000000000
   1     0.62500000000000     0.12500000000000     0.12500000000000
   1     0.87500000000000     0.37500000000000     0.12500000000000
   1     0.87500000000000     0.12500000000000     0.37500000000000
   1     0.12500000000000     0.12500000000000     0.12500000000000
   1     0.37500000000000     0.37500000000000     0.12500000000000
   1     0.62500000000000     0.62500000000000     0.12500000000000
   1     0.87500000000000     0.87500000000000     0.12500000000000
   1     0.37500000000000     0.12500000000000     0.37500000000000
   1     0.62500000000000     0.37500000000000     0.37500000000000
   1     0.87500000000000     0.62500000000000     0.37500000000000
   1     0.62500000000000     0.12500000000000     0.62500000000000
   1     0.87500000000000     0.37500000000000     0.62500000000000
   1     0.87500000000000     0.12500000000000     0.87500000000000
   1     0.12500000000000     0.62500000000000     0.12500000000000
   1     0.37500000000000     0.87500000000000     0.12500000000000
   1     0.12500000000000     0.37500000000000     0.37500000000000
   1     0.37500000000000     0.62500000000000     0.37500000000000
   1     0.62500000000000     0.87500000000000     0.37500000000000
   1     0.12500000000000     0.12500000000000     0.62500000000000
   1     0.37500000000000     0.37500000000000     0.62500000000000
   1     0.62500000000000     0.62500000000000     0.62500000000000
   1     0.87500000000000     0.87500000000000     0.62500000000000
   1     0.37500000000000     0.12500000000000     0.87500000000000
   1     0.62500000000000     0.37500000000000     0.87500000000000
   1     0.87500000000000     0.62500000000000     0.87500000000000
   1     0.12500000000000     0.87500000000000     0.37500000000000
   1     0.12500000000000     0.62500000000000     0.62500000000000
   1     0.37500000000000     0.87500000000000     0.62500000000000
   1     0.12500000000000     0.37500000000000     0.87500000000000
   1     0.37500000000000     0.62500000000000     0.87500000000000
   1     0.62500000000000     0.87500000000000     0.87500000000000
   1     0.12500000000000     0.87500000000000     0.87500000000000
/

