# Filename: vasprun_disp1_ENCUT300.xml, Snapshot: 1, E_pot (eV): -313.31744715
      0.0188973       0.0000000       0.0000000      -4.25675280E-03  0.00000000E+00 -0.00000000E+00
      0.0000000       0.0000000       0.0000000       6.39165305E-05  5.35910020E-05  2.75846564E-05
      0.0000000       0.0000000       0.0000000       6.39165305E-05  2.75846564E-05  5.35910020E-05
      0.0000000       0.0000000       0.0000000       1.34490903E-05  0.00000000E+00 -0.00000000E+00
      0.0000000       0.0000000       0.0000000       6.31133733E-05 -5.28780784E-05  2.73011205E-05
      0.0000000       0.0000000       0.0000000       2.20489005E-05  0.00000000E+00 -0.00000000E+00
      0.0000000       0.0000000       0.0000000       6.39165305E-05 -5.35910020E-05 -2.75846564E-05
      0.0000000       0.0000000       0.0000000       6.31133733E-05  2.73011205E-05 -5.28780784E-05
      0.0000000       0.0000000       0.0000000      -1.34045958E-04 -2.75585975E-05 -2.75585975E-05
      0.0000000       0.0000000       0.0000000       2.01267684E-05  2.17844226E-06 -2.93076521E-05
      0.0000000       0.0000000       0.0000000       2.20489005E-05  0.00000000E+00 -0.00000000E+00
      0.0000000       0.0000000       0.0000000       2.01267684E-05 -2.93076521E-05  2.17844226E-06
      0.0000000       0.0000000       0.0000000       6.39165305E-05 -2.75846564E-05 -5.35910020E-05
      0.0000000       0.0000000       0.0000000       1.01551736E-06  0.00000000E+00 -0.00000000E+00
      0.0000000       0.0000000       0.0000000       6.31133733E-05  5.28780784E-05 -2.73011205E-05
      0.0000000       0.0000000       0.0000000       8.31394068E-06 -2.14577146E-06 -2.14577146E-06
      0.0000000       0.0000000       0.0000000       2.01010985E-05  2.21422456E-06  2.94212221E-05
      0.0000000       0.0000000       0.0000000      -1.33532171E-04 -2.73326245E-05  2.73326245E-05
      0.0000000       0.0000000       0.0000000       1.01551736E-06  0.00000000E+00 -0.00000000E+00
      0.0000000       0.0000000       0.0000000       2.01010985E-05  2.94212221E-05  2.21422456E-06
      0.0000000       0.0000000       0.0000000      -1.52285599E-04  0.00000000E+00 -0.00000000E+00
      0.0000000       0.0000000       0.0000000       2.01267684E-05  2.93076521E-05 -2.17844226E-06
      0.0000000       0.0000000       0.0000000       6.31133733E-05 -2.73011205E-05  5.28780784E-05
      0.0000000       0.0000000       0.0000000      -1.33532171E-04  2.73326245E-05 -2.73326245E-05
      0.0000000       0.0000000       0.0000000       2.01267684E-05 -2.17844226E-06  2.93076521E-05
      0.0000000       0.0000000       0.0000000       8.45823671E-06 -2.24650643E-06  2.24650643E-06
      0.0000000       0.0000000       0.0000000       1.40947276E-05  0.00000000E+00 -0.00000000E+00
      0.0000000       0.0000000       0.0000000       2.01010985E-05 -2.94212221E-05 -2.21422456E-06
      0.0000000       0.0000000       0.0000000       8.45823671E-06  2.24650643E-06 -2.24650643E-06
      0.0000000       0.0000000       0.0000000       2.01010985E-05 -2.21422456E-06 -2.94212221E-05
      0.0000000       0.0000000       0.0000000      -1.34045958E-04  2.75585975E-05  2.75585975E-05
      0.0000000       0.0000000       0.0000000       8.31394068E-06  2.14577146E-06  2.14577146E-06
      0.0000000       0.0000000       0.0000000       1.05415642E-03  7.73438014E-04  7.73438014E-04
      0.0000000       0.0000000       0.0000000      -3.82365039E-06  2.36785511E-06 -2.87619720E-06
      0.0000000       0.0000000       0.0000000      -3.82365039E-06 -2.87619720E-06  2.36785511E-06
      0.0000000       0.0000000       0.0000000      -1.35043195E-05  1.19870720E-05  1.19870720E-05
      0.0000000       0.0000000       0.0000000      -2.38963564E-05  1.19520676E-05 -2.27707696E-05
      0.0000000       0.0000000       0.0000000      -2.40005918E-05  1.20360782E-05  2.26136386E-05
      0.0000000       0.0000000       0.0000000      -1.35786067E-05  1.19971844E-05 -1.19971844E-05
      0.0000000       0.0000000       0.0000000      -2.38963564E-05 -2.27707696E-05  1.19520676E-05
      0.0000000       0.0000000       0.0000000       7.61074061E-05 -2.74123568E-06 -2.74123568E-06
      0.0000000       0.0000000       0.0000000      -1.42666382E-05 -1.17132596E-05  1.17132596E-05
      0.0000000       0.0000000       0.0000000      -2.40005918E-05  2.26136386E-05  1.20360782E-05
      0.0000000       0.0000000       0.0000000      -1.42666382E-05  1.17132596E-05 -1.17132596E-05
      0.0000000       0.0000000       0.0000000      -1.35786067E-05 -1.19971844E-05  1.19971844E-05
      0.0000000       0.0000000       0.0000000      -4.03951103E-06  2.17066350E-06  2.63233301E-06
      0.0000000       0.0000000       0.0000000       1.04511516E-03  7.55156368E-04 -7.55156368E-04
      0.0000000       0.0000000       0.0000000      -1.42285223E-05 -1.17579875E-05 -1.17579875E-05
      0.0000000       0.0000000       0.0000000       7.56920202E-05 -2.76146046E-06  2.76146046E-06
      0.0000000       0.0000000       0.0000000      -2.40005918E-05 -2.26136386E-05 -1.20360782E-05
      0.0000000       0.0000000       0.0000000      -4.03951103E-06  2.63233301E-06  2.17066350E-06
      0.0000000       0.0000000       0.0000000       7.56920202E-05  2.76146046E-06 -2.76146046E-06
      0.0000000       0.0000000       0.0000000       7.61074061E-05  2.74123568E-06  2.74123568E-06
      0.0000000       0.0000000       0.0000000      -3.82365039E-06  2.87619720E-06 -2.36785511E-06
      0.0000000       0.0000000       0.0000000       1.04511516E-03 -7.55156368E-04  7.55156368E-04
      0.0000000       0.0000000       0.0000000      -2.40005918E-05 -1.20360782E-05 -2.26136386E-05
      0.0000000       0.0000000       0.0000000      -3.82365039E-06 -2.36785511E-06  2.87619720E-06
      0.0000000       0.0000000       0.0000000      -4.03951103E-06 -2.63233301E-06 -2.17066350E-06
      0.0000000       0.0000000       0.0000000      -1.42285223E-05  1.17579875E-05  1.17579875E-05
      0.0000000       0.0000000       0.0000000      -2.38963564E-05  2.27707696E-05 -1.19520676E-05
      0.0000000       0.0000000       0.0000000      -4.03951103E-06 -2.17066350E-06 -2.63233301E-06
      0.0000000       0.0000000       0.0000000      -2.38963564E-05 -1.19520676E-05  2.27707696E-05
      0.0000000       0.0000000       0.0000000       1.05415642E-03 -7.73438014E-04 -7.73438014E-04
      0.0000000       0.0000000       0.0000000      -1.35043195E-05 -1.19870720E-05 -1.19870720E-05
