0.0000000000 -3.0178000000 0.3964000000 0.3964000000 0.6261000000 1.4305000000 1.4305000000 2.2182000000 5.5595000000 5.5595000000 5.8214000000 5.8214000000
0.0133000000 -3.0154000000 0.3912000000 0.3984000000 0.6188000000 1.4272000000 1.4351000000 2.2179000000 5.5524000000 5.5627000000 5.8099000000 5.8182000000
0.0267000000 -3.0083000000 0.3758000000 0.4043000000 0.5977000000 1.4170000000 1.4482000000 2.2169000000 5.5313000000 5.5721000000 5.7763000000 5.8087000000
0.0400000000 -2.9964000000 0.3503000000 0.4141000000 0.5643000000 1.4000000000 1.4684000000 2.2152000000 5.4975000000 5.5876000000 5.7231000000 5.7930000000
0.0533000000 -2.9799000000 0.3151000000 0.4278000000 0.5207000000 1.3760000000 1.4936000000 2.2126000000 5.4527000000 5.6091000000 5.6540000000 5.7710000000
0.0667000000 -2.9588000000 0.2706000000 0.4452000000 0.4689000000 1.3447000000 1.5218000000 2.2089000000 5.3991000000 5.5726000000 5.6363000000 5.7430000000
0.0800000000 -2.9332000000 0.2175000000 0.4110000000 0.4663000000 1.3059000000 1.5514000000 2.2038000000 5.3392000000 5.4824000000 5.6688000000 5.7092000000
0.0933000000 -2.9034000000 0.1565000000 0.3483000000 0.4908000000 1.2595000000 1.5810000000 2.1969000000 5.2754000000 5.3864000000 5.6697000000 5.7062000000
0.1067000000 -2.8694000000 0.0881000000 0.2822000000 0.5188000000 1.2051000000 1.6094000000 2.1879000000 5.2103000000 5.2874000000 5.6250000000 5.7481000000
0.1200000000 -2.8315000000 0.0134000000 0.2138000000 0.5498000000 1.1428000000 1.6359000000 2.1764000000 5.1460000000 5.1875000000 5.5756000000 5.7939000000
0.1333000000 -2.7900000000 -0.0670000000 0.1437000000 0.5836000000 1.0724000000 1.6599000000 2.1620000000 5.0844000000 5.0886000000 5.5218000000 5.8431000000
0.1467000000 -2.7451000000 -0.1522000000 0.0728000000 0.6199000000 0.9942000000 1.6808000000 2.1443000000 4.9923000000 5.0272000000 5.4644000000 5.8952000000
0.1600000000 -2.6972000000 -0.2412000000 0.0015000000 0.6581000000 0.9083000000 1.6983000000 2.1230000000 4.9000000000 4.9758000000 5.4041000000 5.9493000000
0.1733000000 -2.6466000000 -0.3333000000 -0.0697000000 0.6979000000 0.8153000000 1.7122000000 2.0980000000 4.8125000000 4.9310000000 5.3419000000 6.0051000000
0.1867000000 -2.5938000000 -0.4274000000 -0.1405000000 0.7157000000 0.7383000000 1.7222000000 2.0692000000 4.7307000000 4.8935000000 5.2787000000 6.0617000000
0.2000000000 -2.5394000000 -0.5225000000 -0.2106000000 0.6103000000 0.7787000000 1.7281000000 2.0369000000 4.6550000000 4.8638000000 5.2159000000 6.1185000000
0.2133000000 -2.4841000000 -0.6178000000 -0.2801000000 0.5000000000 0.8177000000 1.7300000000 2.0017000000 4.5853000000 4.8418000000 5.1546000000 6.1750000000
0.2267000000 -2.4285000000 -0.7121000000 -0.3489000000 0.3861000000 0.8541000000 1.7276000000 1.9647000000 4.5217000000 4.8276000000 5.0963000000 6.2304000000
0.2400000000 -2.3737000000 -0.8041000000 -0.4173000000 0.2699000000 0.8860000000 1.7210000000 1.9274000000 4.4636000000 4.8208000000 5.0424000000 6.2843000000
0.2533000000 -2.3209000000 -0.8925000000 -0.4857000000 0.1529000000 0.9112000000 1.7102000000 1.8916000000 4.4106000000 4.8212000000 4.9943000000 6.3360000000
0.2667000000 -2.2715000000 -0.9757000000 -0.5548000000 0.0370000000 0.9273000000 1.6950000000 1.8597000000 4.3624000000 4.8281000000 4.9530000000 6.3852000000
0.2800000000 -2.2274000000 -1.0515000000 -0.6260000000 -0.0756000000 0.9318000000 1.6756000000 1.8341000000 4.3188000000 4.8411000000 4.9194000000 6.4313000000
0.2933000000 -2.1908000000 -1.1179000000 -0.7007000000 -0.1824000000 0.9226000000 1.6521000000 1.8167000000 4.2801000000 4.8596000000 4.8936000000 6.4741000000
0.3067000000 -2.1641000000 -1.1723000000 -0.7806000000 -0.2806000000 0.8987000000 1.6244000000 1.8085000000 4.2468000000 4.8756000000 4.8828000000 6.5134000000
0.3200000000 -2.1496000000 -1.2124000000 -0.8673000000 -0.3679000000 0.8602000000 1.5927000000 1.8091000000 4.2198000000 4.8648000000 4.9101000000 6.5490000000
0.3333000000 -2.1486000000 -1.2370000000 -0.9612000000 -0.4431000000 0.8085000000 1.5572000000 1.8173000000 4.2002000000 4.8601000000 4.9407000000 6.5809000000
0.3467000000 -2.1611000000 -1.2461000000 -1.0618000000 -0.5061000000 0.7454000000 1.5180000000 1.8310000000 4.1891000000 4.8607000000 4.9739000000 6.6093000000
0.3600000000 -2.1855000000 -1.2415000000 -1.1673000000 -0.5577000000 0.6731000000 1.4753000000 1.8484000000 4.1874000000 4.8653000000 5.0087000000 6.6345000000
0.3733000000 -2.2187000000 -1.2758000000 -1.2261000000 -0.5995000000 0.5933000000 1.4294000000 1.8681000000 4.1954000000 4.8728000000 5.0445000000 6.6569000000
0.3867000000 -2.2577000000 -1.3855000000 -1.2032000000 -0.6327000000 0.5075000000 1.3803000000 1.8891000000 4.2133000000 4.8823000000 5.0803000000 6.6770000000
0.4000000000 -2.2994000000 -1.4946000000 -1.1758000000 -0.6585000000 0.4169000000 1.3286000000 1.9110000000 4.2403000000 4.8933000000 5.1151000000 6.6955000000
0.4133000000 -2.3414000000 -1.6020000000 -1.1463000000 -0.6778000000 0.3224000000 1.2743000000 1.9339000000 4.2754000000 4.9052000000 5.1482000000 6.7132000000
0.4267000000 -2.3816000000 -1.7067000000 -1.1168000000 -0.6911000000 0.2249000000 1.2179000000 1.9580000000 4.3165000000 4.9185000000 5.1786000000 6.7308000000
0.4400000000 -2.4184000000 -1.8078000000 -1.0886000000 -0.6991000000 0.1250000000 1.1597000000 1.9839000000 4.3606000000 4.9341000000 5.2054000000 6.7491000000
0.4533000000 -2.4507000000 -1.9047000000 -1.0630000000 -0.7021000000 0.0232000000 1.1001000000 2.0121000000 4.4040000000 4.9540000000 5.2281000000 6.7688000000
0.4667000000 -2.4773000000 -1.9969000000 -1.0407000000 -0.7006000000 -0.0798000000 1.0394000000 2.0430000000 4.4419000000 4.9809000000 5.2459000000 6.7905000000
0.4800000000 -2.4975000000 -2.0839000000 -1.0224000000 -0.6949000000 -0.1835000000 0.9781000000 2.0769000000 4.4697000000 5.0180000000 5.2587000000 6.8145000000
0.4933000000 -2.5106000000 -2.1653000000 -1.0088000000 -0.6855000000 -0.2869000000 0.9167000000 2.1140000000 4.4839000000 5.0671000000 5.2662000000 6.8411000000
0.5067000000 -2.5160000000 -2.2409000000 -1.0005000000 -0.6726000000 -0.3890000000 0.8557000000 2.1540000000 4.4835000000 5.1279000000 5.2687000000 6.8701000000
0.5200000000 -2.5135000000 -2.3104000000 -0.9988000000 -0.6568000000 -0.4883000000 0.7955000000 2.1966000000 4.4697000000 5.1982000000 5.2663000000 6.9013000000
0.5333000000 -2.5027000000 -2.3736000000 -1.0054000000 -0.6386000000 -0.5820000000 0.7367000000 2.2412000000 4.4450000000 5.2598000000 5.2746000000 6.9340000000
0.5467000000 -2.4834000000 -2.4304000000 -1.0239000000 -0.6661000000 -0.6185000000 0.6801000000 2.2870000000 4.4120000000 5.2497000000 5.3537000000 6.9675000000
0.5600000000 -2.4808000000 -2.4559000000 -1.0587000000 -0.7353000000 -0.5971000000 0.6262000000 2.3330000000 4.3734000000 5.2370000000 5.4326000000 7.0011000000
0.5733000000 -2.5247000000 -2.4203000000 -1.1125000000 -0.7859000000 -0.5753000000 0.5759000000 2.3781000000 4.3318000000 5.2224000000 5.5084000000 7.0338000000
0.5867000000 -2.5621000000 -2.3772000000 -1.1826000000 -0.8195000000 -0.5539000000 0.5300000000 2.4209000000 4.2896000000 5.2070000000 5.5785000000 7.0647000000
0.6000000000 -2.5931000000 -2.3276000000 -1.2621000000 -0.8414000000 -0.5337000000 0.4894000000 2.4601000000 4.2491000000 5.1915000000 5.6410000000 7.0929000000
0.6133000000 -2.6179000000 -2.2732000000 -1.3443000000 -0.8563000000 -0.5158000000 0.4550000000 2.4943000000 4.2125000000 5.1771000000 5.6938000000 7.1176000000
0.6267000000 -2.6367000000 -2.2170000000 -1.4231000000 -0.8669000000 -0.5010000000 0.4276000000 2.5222000000 4.1819000000 5.1644000000 5.7357000000 7.1378000000
0.6400000000 -2.6497000000 -2.1645000000 -1.4918000000 -0.8746000000 -0.4901000000 0.4079000000 2.5426000000 4.1589000000 5.1543000000 5.7658000000 7.1529000000
0.6533000000 -2.6572000000 -2.1244000000 -1.5411000000 -0.8795000000 -0.4836000000 0.3961000000 2.5549000000 4.1447000000 5.1478000000 5.7837000000 7.1624000000
0.6667000000 -2.6596000000 -2.1088000000 -1.5596000000 -0.8814000000 -0.4814000000 0.3923000000 2.5590000000 4.1399000000 5.1454000000 5.7895000000 7.1656000000
0.6735000000 -2.6590000000 -2.1131000000 -1.5547000000 -0.8808000000 -0.4819000000 0.3932000000 2.5580000000 4.1412000000 5.1461000000 5.7880000000 7.1647000000
0.6803000000 -2.6573000000 -2.1257000000 -1.5403000000 -0.8789000000 -0.4834000000 0.3960000000 2.5550000000 4.1448000000 5.1481000000 5.7837000000 7.1621000000
0.6871000000 -2.6544000000 -2.1456000000 -1.5180000000 -0.8752000000 -0.4858000000 0.4005000000 2.5502000000 4.1507000000 5.1516000000 5.7767000000 7.1578000000
0.6939000000 -2.6505000000 -2.1714000000 -1.4896000000 -0.8695000000 -0.4889000000 0.4064000000 2.5437000000 4.1587000000 5.1566000000 5.7671000000 7.1516000000
0.7007000000 -2.6456000000 -2.2016000000 -1.4572000000 -0.8610000000 -0.4925000000 0.4138000000 2.5357000000 4.1687000000 5.1633000000 5.7551000000 7.1437000000
0.7075000000 -2.6399000000 -2.2350000000 -1.4226000000 -0.8492000000 -0.4966000000 0.4223000000 2.5265000000 4.1806000000 5.1717000000 5.7410000000 7.1340000000
0.7143000000 -2.6333000000 -2.2707000000 -1.3878000000 -0.8332000000 -0.5010000000 0.4318000000 2.5161000000 4.1940000000 5.1818000000 5.7248000000 7.1225000000
0.7211000000 -2.6260000000 -2.3078000000 -1.3543000000 -0.8121000000 -0.5055000000 0.4422000000 2.5048000000 4.2089000000 5.1938000000 5.7067000000 7.1093000000
0.7279000000 -2.6180000000 -2.3460000000 -1.3236000000 -0.7852000000 -0.5100000000 0.4532000000 2.4928000000 4.2251000000 5.2077000000 5.6870000000 7.0944000000
0.7347000000 -2.6095000000 -2.3847000000 -1.2966000000 -0.7518000000 -0.5143000000 0.4648000000 2.4802000000 4.2422000000 5.2235000000 5.6658000000 7.0779000000
0.7415000000 -2.6004000000 -2.4237000000 -1.2741000000 -0.7117000000 -0.5184000000 0.4766000000 2.4673000000 4.2602000000 5.2413000000 5.6433000000 7.0597000000
0.7483000000 -2.5909000000 -2.4626000000 -1.2561000000 -0.6650000000 -0.5220000000 0.4887000000 2.4541000000 4.2788000000 5.2611000000 5.6196000000 7.0401000000
0.7551000000 -2.5810000000 -2.5015000000 -1.2425000000 -0.6123000000 -0.5251000000 0.5008000000 2.4409000000 4.2980000000 5.2830000000 5.5950000000 7.0189000000
0.7619000000 -2.5709000000 -2.5400000000 -1.2327000000 -0.5541000000 -0.5276000000 0.5129000000 2.4277000000 4.3174000000 5.3070000000 5.5695000000 6.9964000000
0.7687000000 -2.5780000000 -2.5606000000 -1.2263000000 -0.5293000000 -0.4913000000 0.5248000000 2.4147000000 4.3370000000 5.3331000000 5.5433000000 6.9726000000
0.7755000000 -2.6155000000 -2.5501000000 -1.2226000000 -0.5303000000 -0.4245000000 0.5364000000 2.4019000000 4.3566000000 5.3614000000 5.5166000000 6.9476000000
0.7823000000 -2.6524000000 -2.5396000000 -1.2212000000 -0.5303000000 -0.3543000000 0.5476000000 2.3894000000 4.3761000000 5.3917000000 5.4895000000 6.9215000000
0.7891000000 -2.6887000000 -2.5291000000 -1.2216000000 -0.5295000000 -0.2814000000 0.5583000000 2.3772000000 4.3953000000 5.4241000000 5.4621000000 6.8945000000
0.7959000000 -2.7241000000 -2.5187000000 -1.2235000000 -0.5277000000 -0.2062000000 0.5685000000 2.3655000000 4.4141000000 5.4346000000 5.4587000000 6.8665000000
0.8027000000 -2.7588000000 -2.5085000000 -1.2266000000 -0.5249000000 -0.1292000000 0.5782000000 2.3542000000 4.4325000000 5.4071000000 5.4953000000 6.8378000000
0.8095000000 -2.7926000000 -2.4985000000 -1.2306000000 -0.5210000000 -0.0506000000 0.5871000000 2.3433000000 4.4503000000 5.3796000000 5.5339000000 6.8085000000
0.8163000000 -2.8255000000 -2.4887000000 -1.2355000000 -0.5162000000 0.0291000000 0.5954000000 2.3329000000 4.4674000000 5.3524000000 5.5744000000 6.7787000000
0.8231000000 -2.8575000000 -2.4792000000 -1.2409000000 -0.5103000000 0.1098000000 0.6030000000 2.3229000000 4.4837000000 5.3256000000 5.6168000000 6.7485000000
0.8299000000 -2.8885000000 -2.4701000000 -1.2469000000 -0.5034000000 0.1911000000 0.6098000000 2.3133000000 4.4991000000 5.2992000000 5.6610000000 6.7182000000
0.8367000000 -2.9185000000 -2.4613000000 -1.2532000000 -0.4955000000 0.2729000000 0.6158000000 2.3040000000 4.5137000000 5.2733000000 5.7069000000 6.6877000000
0.8435000000 -2.9475000000 -2.4530000000 -1.2598000000 -0.4867000000 0.3549000000 0.6210000000 2.2950000000 4.5272000000 5.2482000000 5.7544000000 6.6573000000
0.8503000000 -2.9754000000 -2.4450000000 -1.2666000000 -0.4770000000 0.4369000000 0.6255000000 2.2862000000 4.5396000000 5.2238000000 5.8032000000 6.6271000000
0.8571000000 -3.0022000000 -2.4375000000 -1.2735000000 -0.4665000000 0.5187000000 0.6292000000 2.2775000000 4.5510000000 5.2004000000 5.8534000000 6.5974000000
0.8639000000 -3.0280000000 -2.4305000000 -1.2804000000 -0.4553000000 0.6001000000 0.6321000000 2.2689000000 4.5611000000 5.1779000000 5.9045000000 6.5683000000
0.8707000000 -3.0526000000 -2.4239000000 -1.2874000000 -0.4434000000 0.6342000000 0.6809000000 2.2603000000 4.5700000000 5.1566000000 5.9563000000 6.5399000000
0.8776000000 -3.0761000000 -2.4178000000 -1.2943000000 -0.4309000000 0.6357000000 0.7610000000 2.2515000000 4.5777000000 5.1364000000 6.0086000000 6.5127000000
0.8844000000 -3.0984000000 -2.4121000000 -1.3011000000 -0.4180000000 0.6365000000 0.8400000000 2.2424000000 4.5841000000 5.1176000000 6.0607000000 6.4870000000
0.8912000000 -3.1195000000 -2.4069000000 -1.3077000000 -0.4047000000 0.6366000000 0.9179000000 2.2329000000 4.5893000000 5.1000000000 6.1121000000 6.4633000000
0.8980000000 -3.1395000000 -2.4021000000 -1.3141000000 -0.3912000000 0.6362000000 0.9944000000 2.2229000000 4.5932000000 5.0839000000 6.1615000000 6.4427000000
0.9048000000 -3.1582000000 -2.3977000000 -1.3203000000 -0.3776000000 0.6352000000 1.0693000000 2.2122000000 4.5960000000 5.0691000000 6.2067000000 6.4273000000
0.9116000000 -3.1757000000 -2.3937000000 -1.3262000000 -0.3640000000 0.6338000000 1.1425000000 2.2007000000 4.5977000000 5.0558000000 6.2435000000 6.4208000000
0.9184000000 -3.1919000000 -2.3902000000 -1.3318000000 -0.3507000000 0.6320000000 1.2138000000 2.1882000000 4.5984000000 5.0438000000 6.2660000000 6.4291000000
0.9252000000 -3.2069000000 -2.3870000000 -1.3370000000 -0.3376000000 0.6299000000 1.2831000000 2.1746000000 4.5983000000 5.0332000000 6.2722000000 6.4538000000
0.9320000000 -3.2206000000 -2.3841000000 -1.3419000000 -0.3250000000 0.6275000000 1.3500000000 2.1598000000 4.5974000000 5.0239000000 6.2673000000 6.4893000000
0.9388000000 -3.2331000000 -2.3816000000 -1.3464000000 -0.3131000000 0.6250000000 1.4144000000 2.1436000000 4.5959000000 5.0159000000 6.2575000000 6.5290000000
0.9456000000 -3.2442000000 -2.3794000000 -1.3505000000 -0.3019000000 0.6225000000 1.4762000000 2.1259000000 4.5941000000 5.0089000000 6.2460000000 6.5692000000
0.9524000000 -3.2541000000 -2.3775000000 -1.3542000000 -0.2916000000 0.6200000000 1.5352000000 2.1066000000 4.5920000000 5.0031000000 6.2345000000 6.6078000000
0.9592000000 -3.2626000000 -2.3759000000 -1.3574000000 -0.2824000000 0.6176000000 1.5911000000 2.0857000000 4.5898000000 4.9982000000 6.2237000000 6.6434000000
0.9660000000 -3.2699000000 -2.3746000000 -1.3601000000 -0.2744000000 0.6154000000 1.6437000000 2.0632000000 4.5877000000 4.9942000000 6.2142000000 6.6752000000
0.9728000000 -3.2759000000 -2.3735000000 -1.3624000000 -0.2676000000 0.6134000000 1.6924000000 2.0394000000 4.5858000000 4.9910000000 6.2062000000 6.7022000000
0.9796000000 -3.2805000000 -2.3727000000 -1.3641000000 -0.2622000000 0.6119000000 1.7366000000 2.0148000000 4.5842000000 4.9886000000 6.1998000000 6.7240000000
0.9864000000 -3.2838000000 -2.3721000000 -1.3654000000 -0.2583000000 0.6107000000 1.7744000000 1.9910000000 4.5829000000 4.9869000000 6.1952000000 6.7399000000
0.9932000000 -3.2858000000 -2.3718000000 -1.3661000000 -0.2560000000 0.6100000000 1.8023000000 1.9716000000 4.5822000000 4.9859000000 6.1924000000 6.7496000000
1.0000000000 -3.2864000000 -2.3716000000 -1.3664000000 -0.2552000000 0.6098000000 1.8132000000 1.9635000000 4.5819000000 4.9856000000 6.1914000000 6.7529000000
