0.0000000000 -3.0178000000 0.3964000000 0.3964000000 0.6261000000 1.4305000000 1.4305000000 2.2182000000 5.5595000000 5.5595000000 5.8214000000 5.8214000000
0.0100450294 -3.0173000000 0.3954000000 0.3968000000 0.6247000000 1.4299000000 1.4314000000 2.2181000000 5.5582000000 5.5601000000 5.8192000000 5.8208000000
0.0202632490 -3.0160000000 0.3924000000 0.3979000000 0.6205000000 1.4280000000 1.4340000000 2.2180000000 5.5540000000 5.5619000000 5.8126000000 5.8190000000
0.0303082785 -3.0137000000 0.3875000000 0.3998000000 0.6137000000 1.4248000000 1.4383000000 2.2177000000 5.5473000000 5.5649000000 5.8017000000 5.8160000000
0.0403533079 -3.0105000000 0.3806000000 0.4024000000 0.6042000000 1.4203000000 1.4441000000 2.2172000000 5.5379000000 5.5691000000 5.7866000000 5.8117000000
0.0505715275 -3.0064000000 0.3718000000 0.4058000000 0.5923000000 1.4146000000 1.4513000000 2.2167000000 5.5260000000 5.5745000000 5.7677000000 5.8063000000
0.0606165570 -3.0014000000 0.3610000000 0.4100000000 0.5782000000 1.4076000000 1.4598000000 2.2160000000 5.5117000000 5.5810000000 5.7451000000 5.7998000000
0.0706615864 -2.9955000000 0.3483000000 0.4149000000 0.5619000000 1.3994000000 1.4692000000 2.2151000000 5.4952000000 5.5886000000 5.7191000000 5.7920000000
0.0808798060 -2.9887000000 0.3338000000 0.4205000000 0.5436000000 1.3900000000 1.4794000000 2.2141000000 5.4767000000 5.5974000000 5.6901000000 5.7832000000
0.0909248355 -2.9811000000 0.3175000000 0.4269000000 0.5236000000 1.3795000000 1.4902000000 2.2128000000 5.4563000000 5.6072000000 5.6583000000 5.7732000000
0.1009698649 -2.9725000000 0.2994000000 0.4340000000 0.5020000000 1.3678000000 1.5013000000 2.2114000000 5.4343000000 5.6180000000 5.6240000000 5.7622000000
0.1111880845 -2.9631000000 0.2795000000 0.4418000000 0.4789000000 1.3551000000 1.5127000000 2.2097000000 5.4109000000 5.5876000000 5.6298000000 5.7501000000
0.1212331140 -2.9528000000 0.2580000000 0.4503000000 0.4545000000 1.3412000000 1.5240000000 2.2078000000 5.3863000000 5.5494000000 5.6426000000 5.7370000000
0.1312781434 -2.9417000000 0.2348000000 0.4289000000 0.4596000000 1.3264000000 1.5351000000 2.2055000000 5.3607000000 5.5095000000 5.6563000000 5.7230000000
0.1413231728 -2.9298000000 0.2100000000 0.4022000000 0.4696000000 1.3105000000 1.5459000000 2.2030000000 5.3345000000 5.4683000000 5.6708000000 5.7080000000
0.1515413924 -2.9170000000 0.1836000000 0.3745000000 0.4803000000 1.2937000000 1.5562000000 2.2001000000 5.3078000000 5.4260000000 5.6862000000 5.6922000000
0.1615864219 -2.9035000000 0.1558000000 0.3460000000 0.4917000000 1.2760000000 1.5658000000 2.1968000000 5.2808000000 5.3828000000 5.6754000000 5.7024000000
0.1716314513 -2.8891000000 0.1266000000 0.3166000000 0.5037000000 1.2575000000 1.5746000000 2.1931000000 5.2539000000 5.3390000000 5.6579000000 5.7193000000
0.1818496709 -2.8740000000 0.0960000000 0.2865000000 0.5165000000 1.2381000000 1.5825000000 2.1890000000 5.2272000000 5.2947000000 5.6396000000 5.7368000000
0.1918947004 -2.8582000000 0.0640000000 0.2557000000 0.5299000000 1.2180000000 1.5893000000 2.1844000000 5.2010000000 5.2501000000 5.6206000000 5.7550000000
0.2019397298 -2.8416000000 0.0309000000 0.2242000000 0.5440000000 1.1971000000 1.5950000000 2.1792000000 5.1755000000 5.2055000000 5.6009000000 5.7737000000
0.2121579494 -2.8243000000 -0.0034000000 0.1922000000 0.5587000000 1.1755000000 1.5995000000 2.1735000000 5.1508000000 5.1610000000 5.5806000000 5.7930000000
0.2222029789 -2.8064000000 -0.0389000000 0.1595000000 0.5740000000 1.1533000000 1.6026000000 2.1671000000 5.1168000000 5.1272000000 5.5597000000 5.8128000000
0.2322480083 -2.7878000000 -0.0753000000 0.1264000000 0.5900000000 1.1305000000 1.6043000000 2.1601000000 5.0730000000 5.1049000000 5.5382000000 5.8329000000
0.2424662279 -2.7686000000 -0.1128000000 0.0927000000 0.6066000000 1.1072000000 1.6046000000 2.1525000000 5.0298000000 5.0840000000 5.5163000000 5.8535000000
0.2525112574 -2.7488000000 -0.1512000000 0.0585000000 0.6238000000 1.0833000000 1.6033000000 2.1441000000 4.9873000000 5.0647000000 5.4939000000 5.8743000000
0.2625562868 -2.7284000000 -0.1904000000 0.0239000000 0.6415000000 1.0590000000 1.6006000000 2.1349000000 4.9457000000 5.0470000000 5.4712000000 5.8955000000
0.2727745064 -2.7076000000 -0.2304000000 -0.0112000000 0.6599000000 1.0342000000 1.5962000000 2.1250000000 4.9051000000 5.0312000000 5.4480000000 5.9168000000
0.2828195359 -2.6862000000 -0.2711000000 -0.0468000000 0.6788000000 1.0091000000 1.5903000000 2.1142000000 4.8656000000 5.0173000000 5.4246000000 5.9384000000
0.2928645653 -2.6645000000 -0.3125000000 -0.0828000000 0.6982000000 0.9836000000 1.5828000000 2.1026000000 4.8273000000 5.0054000000 5.4009000000 5.9601000000
0.3030827849 -2.6423000000 -0.3544000000 -0.1192000000 0.7182000000 0.9578000000 1.5738000000 2.0901000000 4.7904000000 4.9955000000 5.3770000000 5.9819000000
0.3131278143 -2.6199000000 -0.3968000000 -0.1560000000 0.7386000000 0.9318000000 1.5633000000 2.0767000000 4.7550000000 4.9878000000 5.3530000000 6.0037000000
0.3231728438 -2.5971000000 -0.4397000000 -0.1933000000 0.7595000000 0.9055000000 1.5513000000 2.0624000000 4.7211000000 4.9822000000 5.3288000000 6.0256000000
0.3333910634 -2.5741000000 -0.4829000000 -0.2310000000 0.7809000000 0.8790000000 1.5378000000 2.0473000000 4.6888000000 4.9787000000 5.3045000000 6.0474000000
0.3434360928 -2.5510000000 -0.5264000000 -0.2691000000 0.8028000000 0.8523000000 1.5231000000 2.0312000000 4.6582000000 4.9773000000 5.2801000000 6.0692000000
0.3534811223 -2.5278000000 -0.5701000000 -0.3076000000 0.8251000000 0.8256000000 1.5070000000 2.0143000000 4.6294000000 4.9781000000 5.2558000000 6.0909000000
0.3635261517 -2.5046000000 -0.6139000000 -0.3465000000 0.7987000000 0.8478000000 1.4898000000 1.9966000000 4.6023000000 4.9810000000 5.2315000000 6.1124000000
0.3737443713 -2.4816000000 -0.6577000000 -0.3858000000 0.7718000000 0.8708000000 1.4715000000 1.9781000000 4.5772000000 4.9859000000 5.2072000000 6.1338000000
0.3837894008 -2.4587000000 -0.7014000000 -0.4255000000 0.7448000000 0.8943000000 1.4521000000 1.9588000000 4.5539000000 4.9928000000 5.1831000000 6.1550000000
0.3938344302 -2.4361000000 -0.7450000000 -0.4655000000 0.7178000000 0.9180000000 1.4319000000 1.9389000000 4.5324000000 5.0016000000 5.1591000000 6.1760000000
0.4040526498 -2.4139000000 -0.7883000000 -0.5060000000 0.6909000000 0.9421000000 1.4108000000 1.9183000000 4.5129000000 5.0123000000 5.1354000000 6.1968000000
0.4140976793 -2.3922000000 -0.8311000000 -0.5468000000 0.6640000000 0.9665000000 1.3891000000 1.8972000000 4.4953000000 5.0248000000 5.1118000000 6.2173000000
0.4241427087 -2.3712000000 -0.8735000000 -0.5880000000 0.6372000000 0.9911000000 1.3668000000 1.8756000000 4.4796000000 5.0389000000 5.0884000000 6.2374000000
0.4343609283 -2.3511000000 -0.9152000000 -0.6295000000 0.6104000000 1.0160000000 1.3439000000 1.8536000000 4.4657000000 5.0547000000 5.0654000000 6.2573000000
0.4444059577 -2.3319000000 -0.9561000000 -0.6713000000 0.5838000000 1.0411000000 1.3207000000 1.8314000000 4.4537000000 5.0427000000 5.0721000000 6.2769000000
0.4544509872 -2.3140000000 -0.9959000000 -0.7135000000 0.5574000000 1.0664000000 1.2972000000 1.8090000000 4.4434000000 5.0203000000 5.0908000000 6.2961000000
0.4646692068 -2.2975000000 -1.0346000000 -0.7559000000 0.5311000000 1.0918000000 1.2734000000 1.7865000000 4.4349000000 4.9983000000 5.1109000000 6.3149000000
0.4747142362 -2.2826000000 -1.0720000000 -0.7986000000 0.5051000000 1.1174000000 1.2496000000 1.7641000000 4.4282000000 4.9767000000 5.1323000000 6.3334000000
0.4847592657 -2.2695000000 -1.1077000000 -0.8415000000 0.4792000000 1.1430000000 1.2257000000 1.7419000000 4.4231000000 4.9555000000 5.1548000000 6.3514000000
0.4949774853 -2.2586000000 -1.1417000000 -0.8846000000 0.4536000000 1.1688000000 1.2019000000 1.7200000000 4.4195000000 4.9347000000 5.1784000000 6.3691000000
0.5050225147 -2.2500000000 -1.1736000000 -0.9279000000 0.4282000000 1.1782000000 1.1945000000 1.6985000000 4.4175000000 4.9145000000 5.2029000000 6.3864000000
0.5150675442 -2.2441000000 -1.2033000000 -0.9714000000 0.4031000000 1.1546000000 1.2203000000 1.6775000000 4.4170000000 4.8947000000 5.2284000000 6.4032000000
0.5252857638 -2.2410000000 -1.2305000000 -1.0149000000 0.3783000000 1.1313000000 1.2461000000 1.6573000000 4.4179000000 4.8755000000 5.2547000000 6.4196000000
0.5353307932 -2.2410000000 -1.2551000000 -1.0586000000 0.3538000000 1.1083000000 1.2718000000 1.6378000000 4.4202000000 4.8568000000 5.2816000000 6.4356000000
0.5453758227 -2.2443000000 -1.2769000000 -1.1023000000 0.3297000000 1.0857000000 1.2974000000 1.6192000000 4.4238000000 4.8387000000 5.3092000000 6.4511000000
0.5555940423 -2.2508000000 -1.2959000000 -1.1459000000 0.3058000000 1.0634000000 1.3229000000 1.6016000000 4.4285000000 4.8212000000 5.3373000000 6.4662000000
0.5656390717 -2.2608000000 -1.3120000000 -1.1895000000 0.2824000000 1.0416000000 1.3483000000 1.5851000000 4.4344000000 4.8043000000 5.3659000000 6.4809000000
0.5756841011 -2.2740000000 -1.3253000000 -1.2331000000 0.2593000000 1.0202000000 1.3735000000 1.5698000000 4.4415000000 4.7880000000 5.3949000000 6.4951000000
0.5857291306 -2.2905000000 -1.3360000000 -1.2765000000 0.2365000000 0.9994000000 1.3985000000 1.5559000000 4.4495000000 4.7723000000 5.4242000000 6.5089000000
0.5959473502 -2.3100000000 -1.3443000000 -1.3197000000 0.2142000000 0.9790000000 1.4232000000 1.5433000000 4.4585000000 4.7572000000 5.4537000000 6.5222000000
0.6059923796 -2.3323000000 -1.3626000000 -1.3503000000 0.1923000000 0.9592000000 1.4476000000 1.5321000000 4.4685000000 4.7428000000 5.4833000000 6.5351000000
0.6160374091 -2.3571000000 -1.4053000000 -1.3544000000 0.1708000000 0.9400000000 1.4718000000 1.5225000000 4.4792000000 4.7291000000 5.5130000000 6.5475000000
0.6262556287 -2.3841000000 -1.4477000000 -1.3569000000 0.1497000000 0.9213000000 1.4956000000 1.5144000000 4.4908000000 4.7160000000 5.5428000000 6.5595000000
0.6363006581 -2.4131000000 -1.4897000000 -1.3580000000 0.1291000000 0.9032000000 1.5079000000 1.5190000000 4.5032000000 4.7036000000 5.5724000000 6.5711000000
0.6463456876 -2.4437000000 -1.5313000000 -1.3580000000 0.1089000000 0.8857000000 1.5031000000 1.5421000000 4.5162000000 4.6919000000 5.6019000000 6.5822000000
0.6565639072 -2.4757000000 -1.5723000000 -1.3573000000 0.0892000000 0.8688000000 1.4999000000 1.5647000000 4.5298000000 4.6808000000 5.6312000000 6.5930000000
0.6666089366 -2.5087000000 -1.6129000000 -1.3559000000 0.0700000000 0.8525000000 1.4983000000 1.5869000000 4.5441000000 4.6704000000 5.6603000000 6.6033000000
0.6766539661 -2.5426000000 -1.6529000000 -1.3542000000 0.0513000000 0.8367000000 1.4983000000 1.6086000000 4.5589000000 4.6607000000 5.6890000000 6.6132000000
0.6868721857 -2.5771000000 -1.6922000000 -1.3522000000 0.0330000000 0.8216000000 1.5000000000 1.6298000000 4.5741000000 4.6517000000 5.7173000000 6.6226000000
0.6969172151 -2.6121000000 -1.7309000000 -1.3502000000 0.0152000000 0.8071000000 1.5032000000 1.6505000000 4.5899000000 4.6432000000 5.7451000000 6.6317000000
0.7069622445 -2.6473000000 -1.7688000000 -1.3483000000 -0.0020000000 0.7931000000 1.5079000000 1.6706000000 4.6060000000 4.6355000000 5.7725000000 6.6404000000
0.7171804641 -2.6825000000 -1.8060000000 -1.3464000000 -0.0187000000 0.7798000000 1.5140000000 1.6901000000 4.6224000000 4.6283000000 5.7993000000 6.6487000000
0.7272254936 -2.7177000000 -1.8424000000 -1.3448000000 -0.0349000000 0.7670000000 1.5215000000 1.7091000000 4.6218000000 4.6392000000 5.8254000000 6.6567000000
0.7372705230 -2.7526000000 -1.8778000000 -1.3435000000 -0.0506000000 0.7548000000 1.5303000000 1.7274000000 4.6159000000 4.6562000000 5.8509000000 6.6642000000
0.7474887426 -2.7872000000 -1.9124000000 -1.3424000000 -0.0657000000 0.7431000000 1.5403000000 1.7451000000 4.6105000000 4.6734000000 5.8757000000 6.6714000000
0.7575337721 -2.8213000000 -1.9460000000 -1.3417000000 -0.0803000000 0.7320000000 1.5513000000 1.7622000000 4.6057000000 4.6907000000 5.8998000000 6.6783000000
0.7675788015 -2.8548000000 -1.9786000000 -1.3413000000 -0.0943000000 0.7215000000 1.5633000000 1.7786000000 4.6014000000 4.7082000000 5.9230000000 6.6848000000
0.7777970211 -2.8876000000 -2.0102000000 -1.3412000000 -0.1078000000 0.7115000000 1.5761000000 1.7944000000 4.5977000000 4.7257000000 5.9454000000 6.6909000000
0.7878420506 -2.9196000000 -2.0407000000 -1.3415000000 -0.1207000000 0.7020000000 1.5897000000 1.8094000000 4.5944000000 4.7433000000 5.9670000000 6.6967000000
0.7978870800 -2.9508000000 -2.0700000000 -1.3420000000 -0.1331000000 0.6930000000 1.6038000000 1.8238000000 4.5915000000 4.7607000000 5.9876000000 6.7022000000
0.8079321095 -2.9809000000 -2.0982000000 -1.3428000000 -0.1448000000 0.6846000000 1.6184000000 1.8375000000 4.5891000000 4.7781000000 6.0074000000 6.7074000000
0.8181503291 -3.0101000000 -2.1251000000 -1.3439000000 -0.1560000000 0.6766000000 1.6333000000 1.8505000000 4.5871000000 4.7952000000 6.0261000000 6.7123000000
0.8281953585 -3.0381000000 -2.1509000000 -1.3451000000 -0.1667000000 0.6691000000 1.6484000000 1.8628000000 4.5854000000 4.8122000000 6.0440000000 6.7169000000
0.8382403879 -3.0649000000 -2.1753000000 -1.3466000000 -0.1767000000 0.6621000000 1.6635000000 1.8744000000 4.5840000000 4.8288000000 6.0608000000 6.7211000000
0.8484586076 -3.0904000000 -2.1985000000 -1.3481000000 -0.1861000000 0.6556000000 1.6785000000 1.8852000000 4.5830000000 4.8450000000 6.0766000000 6.7251000000
0.8585036370 -3.1146000000 -2.2203000000 -1.3498000000 -0.1950000000 0.6496000000 1.6933000000 1.8954000000 4.5822000000 4.8607000000 6.0915000000 6.7288000000
0.8685486664 -3.1374000000 -2.2407000000 -1.3515000000 -0.2032000000 0.6440000000 1.7077000000 1.9048000000 4.5816000000 4.8759000000 6.1053000000 6.7322000000
0.8787668860 -3.1588000000 -2.2598000000 -1.3533000000 -0.2109000000 0.6388000000 1.7217000000 1.9135000000 4.5812000000 4.8905000000 6.1181000000 6.7353000000
0.8888119155 -3.1787000000 -2.2774000000 -1.3550000000 -0.2179000000 0.6341000000 1.7350000000 1.9216000000 4.5810000000 4.9044000000 6.1298000000 6.7382000000
0.8988569449 -3.1970000000 -2.2935000000 -1.3567000000 -0.2244000000 0.6298000000 1.7476000000 1.9289000000 4.5809000000 4.9174000000 6.1405000000 6.7408000000
0.9090751645 -3.2137000000 -2.3082000000 -1.3584000000 -0.2302000000 0.6260000000 1.7593000000 1.9355000000 4.5809000000 4.9296000000 6.1502000000 6.7431000000
0.9191201940 -3.2287000000 -2.3215000000 -1.3599000000 -0.2354000000 0.6225000000 1.7701000000 1.9414000000 4.5809000000 4.9407000000 6.1589000000 6.7452000000
0.9291652234 -3.2421000000 -2.3331000000 -1.3613000000 -0.2401000000 0.6195000000 1.7798000000 1.9466000000 4.5811000000 4.9509000000 6.1665000000 6.7470000000
0.9393834430 -3.2538000000 -2.3433000000 -1.3626000000 -0.2441000000 0.6169000000 1.7885000000 1.9511000000 4.5812000000 4.9598000000 6.1732000000 6.7486000000
0.9494284725 -3.2637000000 -2.3519000000 -1.3637000000 -0.2475000000 0.6147000000 1.7959000000 1.9549000000 4.5814000000 4.9675000000 6.1787000000 6.7499000000
0.9594735019 -3.2719000000 -2.3590000000 -1.3647000000 -0.2502000000 0.6129000000 1.8021000000 1.9580000000 4.5816000000 4.9739000000 6.1833000000 6.7510000000
0.9696917215 -3.2782000000 -2.3645000000 -1.3654000000 -0.2524000000 0.6115000000 1.8069000000 1.9604000000 4.5817000000 4.9790000000 6.1869000000 6.7518000000
0.9797367510 -3.2828000000 -2.3685000000 -1.3660000000 -0.2539000000 0.6105000000 1.8104000000 1.9621000000 4.5818000000 4.9827000000 6.1894000000 6.7524000000
0.9897817804 -3.2855000000 -2.3709000000 -1.3663000000 -0.2549000000 0.6099000000 1.8125000000 1.9631000000 4.5819000000 4.9849000000 6.1909000000 6.7528000000
1.0000000000 -3.2864000000 -2.3716000000 -1.3664000000 -0.2552000000 0.6098000000 1.8132000000 1.9635000000 4.5819000000 4.9856000000 6.1914000000 6.7529000000
