0.000	-0.050866	-0.050866	-0.050866	4.138929	7.200607	7.200607	7.200607	8.040309
0.015	-0.052720	-0.051457	-0.051112	4.142493	7.198850	7.201804	7.203265	8.042223
0.030	-0.058250	-0.053220	-0.051849	4.153146	7.193631	7.205396	7.211231	8.046414
0.045	-0.067365	-0.056140	-0.053078	4.170785	7.185061	7.211377	7.224456	8.059307
0.060	-0.079919	-0.060187	-0.054797	4.195264	7.173459	7.219753	7.242965	8.063666
0.075	-0.095715	-0.065324	-0.057005	4.226359	7.159072	7.230516	7.266675	8.076060
0.090	-0.114513	-0.071502	-0.059698	4.263816	7.142338	7.243664	7.295532	8.091869
0.105	-0.136037	-0.078664	-0.062872	4.307329	7.123643	7.259191	7.329453	8.110106
0.120	-0.159984	-0.086742	-0.066526	4.356565	7.103426	7.277091	7.368343	8.131175
0.135	-0.186036	-0.095663	-0.070653	4.411171	7.082136	7.297359	7.412090	8.154909
0.150	-0.213863	-0.105349	-0.075249	4.470770	7.060213	7.319949	7.460528	8.181379
0.165	-0.243125	-0.115710	-0.080304	4.535012	7.038086	7.344929	7.513578	8.209989
0.180	-0.273508	-0.126661	-0.085815	4.603479	7.016154	7.372249	7.571027	8.241167
0.195	-0.304663	-0.138102	-0.091766	4.675827	6.994803	7.401901	7.632665	8.274558
0.210	-0.336294	-0.149943	-0.098154	4.751658	6.974372	7.433870	7.698317	8.309986
0.225	-0.368096	-0.162086	-0.104963	4.830625	6.955181	7.468144	7.767716	8.347248
0.240	-0.399790	-0.174429	-0.112181	4.912389	6.937513	7.504709	7.840587	8.386003
0.255	-0.431111	-0.186878	-0.119795	4.996589	6.921618	7.543546	7.916626	8.425961
0.270	-0.461813	-0.199338	-0.127791	5.082899	6.907719	7.584639	7.995493	8.466669
0.285	-0.491660	-0.211711	-0.136146	5.171022	6.896033	7.627968	8.076856	8.507629
0.300	-0.520448	-0.223909	-0.144844	5.260634	6.886696	7.673510	8.160223	8.548173
0.315	-0.547984	-0.235843	-0.153867	5.351445	6.879871	7.721243	8.245172	8.587574
0.330	-0.574090	-0.247433	-0.163192	5.443133	6.875665	7.771107	8.331165	8.624789
0.345	-0.598608	-0.258599	-0.172795	5.535419	6.874258	7.823141	8.417620	8.658774
0.360	-0.621408	-0.269275	-0.182660	5.627981	6.875636	7.877274	8.503737	8.688249
0.375	-0.642351	-0.279384	-0.192752	5.720543	6.879912	7.933477	8.588467	8.712242
0.390	-0.661336	-0.288870	-0.203048	5.812763	6.887138	7.991710	8.668975	8.731085
0.405	-0.678272	-0.297675	-0.213523	5.904296	6.897354	8.051933	8.720682	8.766802
0.420	-0.693079	-0.305752	-0.224150	5.994764	6.910588	8.114098	8.723153	8.837291
0.435	-0.705693	-0.313060	-0.234900	6.083745	6.926855	8.178157	8.708962	8.907601
0.450	-0.716066	-0.319562	-0.245739	6.170783	6.946169	8.244056	8.682490	8.971437
0.465	-0.724157	-0.325230	-0.256651	6.255247	6.968492	8.311697	8.644726	9.025968
0.480	-0.729946	-0.330044	-0.267602	6.336497	6.993816	8.381059	8.597275	9.068659
0.495	-0.733420	-0.333987	-0.278562	6.413724	7.022160	8.452078	8.542280	9.097022
0.510	-0.734583	-0.337050	-0.289502	6.485941	7.053465	8.482309	8.524652	9.108887
0.525	-0.733446	-0.339233	-0.300396	6.551963	7.087721	8.420241	8.598708	9.102875
0.540	-0.730049	-0.340542	-0.311217	6.610364	7.124819	8.359098	8.674112	9.078707
0.555	-0.724430	-0.340990	-0.321936	6.659520	7.164736	8.301933	8.750772	9.037272
0.570	-0.716644	-0.340595	-0.332528	6.697683	7.207409	8.251690	8.828569	8.980395
0.585	-0.706758	-0.342970	-0.339383	6.723162	7.252752	8.210923	8.907363	8.910457
0.600	-0.694846	-0.353235	-0.337385	6.734650	7.300723	8.181574	8.830194	8.987013
0.615	-0.681008	-0.363301	-0.334639	6.731522	7.351204	8.164394	8.742407	9.067343
0.630	-0.665346	-0.373145	-0.331188	6.714111	7.404140	8.158586	8.650330	9.148194
0.645	-0.647981	-0.382752	-0.327081	6.683660	7.459406	8.160914	8.558161	9.229357
0.660	-0.629036	-0.392089	-0.322370	6.642103	7.516900	8.163962	8.473434	9.310616
0.675	-0.608659	-0.401145	-0.317114	6.591668	7.576496	8.151581	8.411655	9.391733
0.690	-0.587005	-0.409897	-0.311376	6.534581	7.638063	8.104379	8.391423	9.472449
0.705	-0.564243	-0.418336	-0.305220	6.472853	7.701450	8.026134	8.407992	9.552479
0.720	-0.540558	-0.426443	-0.298718	6.408209	7.766495	7.933538	8.443975	9.632475
0.735	-0.516140	-0.434195	-0.291943	6.342074	7.833015	7.836175	8.489313	9.710715
0.750	-0.491186	-0.441594	-0.284967	6.275607	7.738201	7.900813	8.539151	9.700644
0.755	-0.482788	-0.443977	-0.282610	6.253547	7.705811	7.923653	8.556319	9.673520
0.760	-0.474364	-0.446320	-0.280242	6.231540	7.673650	7.946600	8.573651	9.647954
0.765	-0.465920	-0.448619	-0.277866	6.209707	7.641766	7.969643	8.591093	9.622447
0.770	-0.457465	-0.450876	-0.275485	6.188028	7.610198	7.992773	8.608598	9.597618
0.775	-0.453090	-0.449008	-0.273101	6.166529	7.578980	8.015979	8.626122	9.574506
0.780	-0.455260	-0.440557	-0.270717	6.145233	7.548143	8.039249	8.643628	9.549133
0.785	-0.457386	-0.432121	-0.268337	6.124194	7.517718	8.062572	8.661081	9.525759
0.790	-0.459468	-0.423709	-0.265963	6.103368	7.487728	8.085935	8.678448	9.502762
0.795	-0.461505	-0.415330	-0.263598	6.082807	7.458199	8.109326	8.695701	9.480284
0.800	-0.463497	-0.406996	-0.261246	6.062527	7.429087	8.132728	8.712810	9.458221
0.805	-0.465443	-0.398702	-0.258902	6.042549	7.400565	8.156193	8.729758	9.436784
0.810	-0.467345	-0.390475	-0.256581	6.022888	7.372545	8.179581	8.746514	9.415750
0.815	-0.469200	-0.382316	-0.254281	6.003560	7.345067	8.202938	8.763059	9.395212
0.820	-0.471009	-0.374235	-0.252004	5.984579	7.318148	8.226246	8.779372	9.375159
0.825	-0.472772	-0.366242	-0.249753	5.965960	7.291803	8.249489	8.795434	9.355610
0.830	-0.474488	-0.358344	-0.247530	5.947717	7.266048	8.272647	8.811227	9.336563
0.835	-0.476157	-0.350551	-0.245338	5.929862	7.240898	8.295702	8.826734	9.318022
0.840	-0.477779	-0.342871	-0.243181	5.912407	7.216366	8.318631	8.841937	9.299992
0.845	-0.479355	-0.335310	-0.241057	5.895360	7.192481	8.341434	8.856826	9.282554
0.850	-0.480882	-0.327886	-0.238974	5.878743	7.169226	8.364047	8.871377	9.265556
0.855	-0.482361	-0.320603	-0.236934	5.862561	7.146629	8.386466	8.885580	9.249080
0.860	-0.483791	-0.313470	-0.234937	5.846826	7.124700	8.408664	8.899423	9.233128
0.865	-0.485173	-0.306496	-0.232987	5.831547	7.103449	8.430616	8.912891	9.217705
0.870	-0.486506	-0.299689	-0.231085	5.816735	7.082888	8.452291	8.925972	9.202812
0.875	-0.487791	-0.293057	-0.229235	5.802398	7.063026	8.473661	8.938655	9.188455
0.880	-0.489026	-0.286610	-0.227437	5.788547	7.043872	8.494693	8.950929	9.174635
0.885	-0.490213	-0.280355	-0.225696	5.775189	7.025435	8.515353	8.962782	9.161355
0.890	-0.491350	-0.274298	-0.224015	5.762334	7.007725	8.535604	8.974206	9.148586
0.895	-0.492438	-0.268451	-0.222391	5.749990	6.990748	8.555414	8.985188	9.136397
0.900	-0.493476	-0.262820	-0.220828	5.738164	6.974513	8.574741	8.995721	9.124756
0.905	-0.494466	-0.257412	-0.219329	5.726854	6.959022	8.593546	9.005794	9.113662
0.910	-0.495404	-0.252233	-0.217896	5.716089	6.944291	8.611787	9.015401	9.103126
0.915	-0.496291	-0.247293	-0.216529	5.705873	6.930324	8.629420	9.024535	9.093146
0.920	-0.497129	-0.242596	-0.215231	5.696195	6.917122	8.646400	9.033186	9.083725
0.925	-0.497916	-0.238150	-0.214009	5.687070	6.904651	8.662680	9.041342	9.074780
0.930	-0.498654	-0.233961	-0.212854	5.678505	6.893000	8.678215	9.049008	9.066481
0.935	-0.499340	-0.230033	-0.211772	5.670506	6.882133	8.692957	9.056171	9.058747
0.940	-0.499977	-0.226374	-0.210765	5.663077	6.872054	8.706857	9.051579	9.062827
0.945	-0.500562	-0.222987	-0.209833	5.656224	6.862765	8.719867	9.044979	9.068970
0.950	-0.501098	-0.219879	-0.208979	5.649951	6.854272	8.731940	9.038947	9.074595
0.955	-0.501582	-0.217055	-0.208203	5.644261	6.846569	8.743027	9.033457	9.079697
0.960	-0.502016	-0.214515	-0.207506	5.639161	6.839676	8.753087	9.028567	9.084273
0.965	-0.502399	-0.212270	-0.206890	5.634651	6.833547	8.762076	9.024172	9.088315
0.970	-0.502731	-0.210314	-0.206354	5.630737	6.828266	8.769955	9.020428	9.091829
0.975	-0.503012	-0.208654	-0.205900	5.627420	6.823794	8.776686	9.017260	9.094806
0.980	-0.503242	-0.207292	-0.205527	5.624703	6.820134	8.782240	9.014666	9.097245
0.985	-0.503421	-0.206230	-0.205236	5.622588	6.817285	8.786589	9.012648	9.099144
0.990	-0.503549	-0.205470	-0.205029	5.621077	6.815249	8.789711	9.011206	9.100502
0.995	-0.503625	-0.205014	-0.204904	5.620169	6.814028	8.791591	9.010341	9.101317
1.000	-0.503651	-0.204863	-0.204862	5.619867	6.813621	8.792218	9.010053	9.101589