0.00	-0.050866	-0.050866	-0.050866	4.138929	7.200607	7.200607	7.200607	8.040309
0.01	-0.051156	-0.050946	-0.050946	4.139524	7.200395	7.200888	7.200888	8.040646
0.02	-0.052026	-0.051184	-0.051184	4.141306	7.199759	7.201730	7.201730	8.041659
0.03	-0.053473	-0.051579	-0.051579	4.144273	7.198704	7.203133	7.203133	8.043347
0.04	-0.055496	-0.052133	-0.052133	4.148421	7.197236	7.205097	7.205097	8.045709
0.05	-0.058088	-0.052843	-0.052843	4.153745	7.195362	7.207622	7.207622	8.048744
0.06	-0.061244	-0.053710	-0.053710	4.160237	7.193094	7.210706	7.210706	8.052451
0.07	-0.064957	-0.054731	-0.054731	4.167887	7.190394	7.214348	7.214348	8.056827
0.08	-0.069218	-0.055905	-0.055905	4.176692	7.187378	7.218550	7.218550	8.061874
0.09	-0.074019	-0.057232	-0.057232	4.186638	7.184013	7.223310	7.223310	8.067588
0.10	-0.079350	-0.058709	-0.058709	4.197713	7.180317	7.228626	7.228626	8.073968
0.11	-0.085197	-0.060335	-0.060335	4.209903	7.176310	7.234497	7.234497	8.081009
0.12	-0.091550	-0.062107	-0.062107	4.223194	7.172013	7.240922	7.240922	8.088711
0.13	-0.098395	-0.064024	-0.064024	4.237570	7.167450	7.247900	7.247901	8.097070
0.14	-0.105717	-0.066084	-0.066084	4.253005	7.162636	7.255380	7.255380	8.106081
0.15	-0.113503	-0.068284	-0.068284	4.269501	7.157612	7.263460	7.263460	8.115744
0.16	-0.121737	-0.070620	-0.070620	4.287028	7.152396	7.272087	7.272087	8.126054
0.17	-0.130403	-0.073090	-0.073090	4.305569	7.147013	7.281260	7.281260	8.137006
0.18	-0.139484	-0.075692	-0.075692	4.325102	7.141490	7.290978	7.290978	8.148597
0.19	-0.148962	-0.078422	-0.078422	4.345606	7.135854	7.301237	7.301238	8.160822
0.20	-0.158821	-0.081277	-0.081277	4.367062	7.130131	7.312038	7.312038	8.173676
0.21	-0.169043	-0.084254	-0.084254	4.389446	7.124348	7.323376	7.323376	8.187155
0.22	-0.179611	-0.087349	-0.087349	4.412736	7.118531	7.335249	7.335249	8.201251
0.23	-0.190505	-0.090559	-0.090559	4.436909	7.112706	7.347657	7.347657	8.215961
0.24	-0.201708	-0.093879	-0.093879	4.461941	7.106900	7.360595	7.360595	8.231278
0.25	-0.213207	-0.097307	-0.097307	4.487806	7.101132	7.374061	7.374061	8.247194
0.26	-0.224974	-0.100838	-0.100838	4.514483	7.095438	7.388054	7.388054	8.263706
0.27	-0.236995	-0.104467	-0.104467	4.541946	7.089836	7.402569	7.402569	8.280806
0.28	-0.249261	-0.108193	-0.108193	4.570164	7.084347	7.417605	7.417605	8.298451
0.29	-0.261736	-0.112008	-0.112008	4.599123	7.079002	7.433158	7.433158	8.316706
0.30	-0.274410	-0.115909	-0.115909	4.628814	7.073819	7.449226	7.449226	8.335620
0.31	-0.287269	-0.119892	-0.119892	4.659167	7.068818	7.465804	7.465804	8.354998
0.32	-0.300296	-0.123953	-0.123953	4.690173	7.064021	7.482891	7.482891	8.374914
0.33	-0.313470	-0.128087	-0.128087	4.721814	7.059447	7.500482	7.500482	8.395381
0.34	-0.326774	-0.132289	-0.132289	4.754060	7.055116	7.518575	7.518575	8.416379
0.35	-0.340192	-0.136555	-0.136555	4.786883	7.051046	7.537166	7.537166	8.437899
0.36	-0.353708	-0.140879	-0.140879	4.820279	7.047255	7.556253	7.556253	8.460028
0.37	-0.367306	-0.145259	-0.145259	4.854170	7.043742	7.575802	7.575802	8.482560
0.38	-0.380971	-0.149689	-0.149689	4.888562	7.040556	7.595866	7.595866	8.505586
0.39	-0.394689	-0.154164	-0.154164	4.923422	7.037696	7.616412	7.616412	8.529093
0.40	-0.408442	-0.158679	-0.158679	4.958722	7.035176	7.637438	7.637438	8.553069
0.41	-0.422217	-0.163231	-0.163231	4.994431	7.033008	7.658938	7.658938	8.577503
0.42	-0.435999	-0.167813	-0.167813	5.030523	7.031206	7.680909	7.680909	8.602382
0.43	-0.449773	-0.172421	-0.172421	5.066974	7.029838	7.703347	7.703347	8.627695
0.44	-0.463528	-0.177051	-0.177051	5.103740	7.028800	7.726245	7.726245	8.653427
0.45	-0.477250	-0.181698	-0.181698	5.140796	7.028160	7.749599	7.749599	8.679565
0.46	-0.490926	-0.186357	-0.186357	5.178113	7.027928	7.773405	7.773405	8.706094
0.47	-0.504547	-0.191028	-0.191028	5.215654	7.028111	7.797656	7.797656	8.732959
0.48	-0.518093	-0.195697	-0.195697	5.253398	7.028719	7.822348	7.822348	8.760228
0.49	-0.531556	-0.200365	-0.200365	5.291306	7.029758	7.847476	7.847476	8.787841
0.50	-0.544924	-0.205026	-0.205026	5.329346	7.031235	7.873032	7.873032	8.815783
0.51	-0.558188	-0.209676	-0.209676	5.367482	7.033155	7.899011	7.899011	8.844037
0.52	-0.571335	-0.214310	-0.214310	5.405681	7.035522	7.925406	7.925406	8.872583
0.53	-0.584356	-0.218925	-0.218925	5.443907	7.038342	7.952210	7.952210	8.901395
0.54	-0.597242	-0.223514	-0.223514	5.482147	7.041617	7.979418	7.979418	8.930572
0.55	-0.609981	-0.228075	-0.228075	5.520318	7.045349	8.007019	8.007019	8.959878
0.56	-0.622565	-0.232603	-0.232603	5.558405	7.049540	8.035005	8.035005	8.989394
0.57	-0.634985	-0.237094	-0.237094	5.596369	7.054190	8.063369	8.063369	9.019098
0.58	-0.647231	-0.241543	-0.241543	5.634172	7.059300	8.092101	8.092101	9.048965
0.59	-0.659295	-0.245947	-0.245947	5.671762	7.064842	8.121185	8.121185	9.078969
0.60	-0.671168	-0.250301	-0.250301	5.709121	7.070865	8.150624	8.150624	9.109084
0.61	-0.682843	-0.254601	-0.254601	5.746197	7.077339	8.180401	8.180401	9.139282
0.62	-0.694314	-0.258844	-0.258844	5.782946	7.084259	8.210503	8.210503	9.169533
0.63	-0.705574	-0.263029	-0.263029	5.819323	7.091618	8.240915	8.240915	9.199796
0.64	-0.716611	-0.267146	-0.267146	5.855292	7.099409	8.271629	8.271629	9.230054
0.65	-0.727421	-0.271194	-0.271194	5.890807	7.107620	8.302628	8.302628	9.260265
0.66	-0.737997	-0.275170	-0.275170	5.925823	7.116241	8.333895	8.333895	9.290389
0.67	-0.748331	-0.279070	-0.279070	5.960298	7.125257	8.365415	8.365415	9.320388
0.68	-0.758420	-0.282891	-0.282891	5.994186	7.134654	8.397167	8.397167	9.350219
0.69	-0.768256	-0.286630	-0.286630	6.027447	7.144411	8.429133	8.429133	9.379837
0.70	-0.777833	-0.290283	-0.290283	6.060037	7.154510	8.461290	8.461290	9.409195
0.71	-0.787148	-0.293847	-0.293847	6.091915	7.164926	8.493614	8.493614	9.438242
0.72	-0.796194	-0.297319	-0.297319	6.123062	7.175633	8.526084	8.526084	9.467040
0.73	-0.804966	-0.300697	-0.300697	6.153393	7.186603	8.558663	8.558663	9.495301
0.74	-0.813462	-0.303977	-0.303977	6.182885	7.197801	8.591324	8.591324	9.523079
0.75	-0.821672	-0.307157	-0.307157	6.211514	7.209192	8.624033	8.624033	9.550314
0.76	-0.829590	-0.310233	-0.310233	6.239277	7.220782	8.656762	8.656762	9.576939
0.77	-0.837219	-0.313204	-0.313204	6.266076	7.232452	8.689447	8.689447	9.602897
0.78	-0.844554	-0.316066	-0.316066	6.291903	7.244184	8.722053	8.722053	9.628079
0.79	-0.851588	-0.318818	-0.318818	6.316736	7.255938	8.754528	8.754528	9.652428
0.80	-0.858319	-0.321458	-0.321458	6.340545	7.267656	8.786791	8.786791	9.675854
0.81	-0.864741	-0.323982	-0.323982	6.363314	7.279302	8.818871	8.818871	9.698299
0.82	-0.870854	-0.326390	-0.326390	6.385011	7.290813	8.850581	8.850581	9.719668
0.83	-0.876654	-0.328678	-0.328678	6.405621	7.302134	8.881888	8.881888	9.739881
0.84	-0.882144	-0.330847	-0.330847	6.425117	7.313207	8.912699	8.912699	9.758851
0.85	-0.887309	-0.332892	-0.332892	6.443500	7.323975	8.942919	8.942919	9.776523
0.86	-0.892153	-0.334813	-0.334813	6.460748	7.334380	8.972434	8.972435	9.792820
0.87	-0.896672	-0.336608	-0.336608	6.476849	7.344364	9.001121	9.001122	9.807689
0.88	-0.900865	-0.338276	-0.338276	6.491793	7.353870	9.028841	9.028841	9.821086
0.89	-0.904730	-0.339815	-0.339815	6.505570	7.362843	9.055441	9.055442	9.832989
0.90	-0.908265	-0.341224	-0.341224	6.518173	7.371231	9.080753	9.080755	9.843400
0.91	-0.911468	-0.342503	-0.342503	6.529594	7.378985	9.104593	9.104593	9.852339
0.92	-0.914338	-0.343649	-0.343649	6.539827	7.386056	9.126763	9.126763	9.859862
0.93	-0.916873	-0.344663	-0.344663	6.548869	7.392403	9.147054	9.147058	9.866053
0.94	-0.919073	-0.345543	-0.345543	6.556713	7.397985	9.165248	9.165249	9.871000
0.95	-0.920935	-0.346289	-0.346289	6.563357	7.402770	9.181125	9.181126	9.874848
0.96	-0.922461	-0.346900	-0.346900	6.568797	7.406725	9.194472	9.194472	9.877730
0.97	-0.923648	-0.347376	-0.347376	6.573031	7.409828	9.205091	9.205094	9.879795
0.98	-0.924496	-0.347716	-0.347716	6.576056	7.412058	9.212810	9.212812	9.881152
0.99	-0.925011	-0.347921	-0.347921	6.577867	7.413402	9.217479	9.217479	9.881885
1.00	-0.925181	-0.347990	-0.347990	6.578472	7.413851	9.219050	9.219050	9.882133