# freq[thz] kappa[W/m/K]
0.00000000 0.00000000
0.00299792 0.00000000
0.00599584 0.39838545
0.00899376 0.88332340
0.01199168 0.99890675
0.01498960 1.04099875
0.01798752 1.06122240
0.02098544 1.07299250
0.02398336 1.08176635
0.02698128 1.09152880
0.02997920 1.10593295
0.03297712 1.12998170
0.03597504 1.31139810
0.03897296 2.01106285
0.04197088 3.17772425
0.04496880 4.15532470
0.04796672 4.56846345
0.05096464 4.68434425
0.05396256 4.77484835
0.05696048 4.85902585
0.05995840 4.93953045
0.06295632 5.01776395
0.06595424 5.09409945
0.06895216 5.16886515
0.07195008 5.24270725
0.07494800 5.31646540
0.07794592 5.39058690
0.08094384 5.46495765
0.08394176 5.53896610
0.08693968 5.61242500
0.08993760 5.68546405
0.09293552 5.75790985
0.09593344 5.82967320
0.09893136 5.90089560
0.10192928 5.97153320
0.10492720 6.04230245
0.10792512 6.11361000
0.11092304 6.18508800
0.11392096 6.25664860
0.11691888 6.32817080
0.11991680 6.39953165
0.12291472 6.47060980
0.12591264 6.54131660
0.12891056 6.61162940
0.13190848 6.68167960
0.13490640 6.75158735
0.13790432 6.82180840
0.14090224 6.89282595
0.14390016 6.96443815
0.14689808 7.03636870
0.14989600 7.10860850
0.15289392 7.18103260
0.15589184 7.25353345
0.15888976 7.32607450
0.16188768 7.39859775
0.16488560 7.47112165
0.16788352 7.54353355
0.17088144 7.61610635
0.17387936 7.68892575
0.17687728 7.76157405
0.17987520 7.83375205
0.18287312 7.90517800
0.18587104 7.97579090
0.18886896 8.04559860
0.19186688 8.11458870
0.19486480 8.18270430
0.19786272 8.24984945
0.20086064 8.31600905
0.20385856 8.38149130
0.20685648 8.44674155
0.20985440 8.51189515
0.21285232 8.57688855
0.21585024 8.64176620
0.21884816 8.70657395
0.22184608 8.77126940
0.22484400 8.83581950
0.22784192 8.90015195
0.23083984 8.96420890
0.23383776 9.02797470
0.23683568 9.09162125
0.23983360 9.15526535
0.24283152 9.21880890
0.24582944 9.28213920
0.24882736 9.34521205
0.25182528 9.40808000
0.25482320 9.47075065
0.25782112 9.53321495
0.26081904 9.59547320
0.26381696 9.65747010
0.26681488 9.71919025
0.26981280 9.78080580
0.27281072 9.84239475
0.27580864 9.90386075
0.27880656 9.96514010
0.28180448 10.02611990
0.28480240 10.08670600
0.28780032 10.14687960
0.29079824 10.20661525
0.29379616 10.26588910
0.29679408 10.32469030
0.29979200 10.38300625
0.30278992 10.44098050
0.30578784 10.49878840
0.30878576 10.55640915
0.31178368 10.61378965
0.31478160 10.67089875
0.31777952 10.72768120
0.32077744 10.78411835
0.32377536 10.84025235
0.32677328 10.89612645
0.32977120 10.95179155
0.33276912 11.00730265
0.33576704 11.06281135
0.33876496 11.11839035
0.34176288 11.17402075
0.34476080 11.22973660
0.34775872 11.28555360
0.35075664 11.34149790
0.35375456 11.39759145
0.35675248 11.45383615
0.35975040 11.51021700
0.36274832 11.56673740
0.36574624 11.62339470
0.36874416 11.68021320
0.37174208 11.73720860
0.37474000 11.79428890
0.37773792 11.85133175
0.38073584 11.90822100
0.38373376 11.96486790
0.38673168 12.02122655
0.38972960 12.07726525
0.39272752 12.13296520
0.39572544 12.18831585
0.39872336 12.24329730
0.40172128 12.29791500
0.40471920 12.35214555
0.40771712 12.40592185
0.41071504 12.45920515
0.41371296 12.51196750
0.41671088 12.56418610
0.41970880 12.61583660
0.42270672 12.66688745
0.42570464 12.71734140
0.42870256 12.76721880
0.43170048 12.81653175
0.43469840 12.86536060
0.43769632 12.91380990
0.44069424 12.96193765
0.44369216 13.00976905
0.44669008 13.05734475
0.44968800 13.10473750
0.45268592 13.15201900
0.45568384 13.19924795
0.45868176 13.24647230
0.46167968 13.29373410
0.46467760 13.34106805
0.46767552 13.38852005
0.47067344 13.43614065
0.47367136 13.48394980
0.47666928 13.53195905
0.47966720 13.58016250
0.48266512 13.62851935
0.48566304 13.67698380
0.48866096 13.72550095
0.49165888 13.77401405
0.49465680 13.82248830
0.49765472 13.87089960
0.50065264 13.91924490
0.50365056 13.96748455
0.50664848 14.01554725
0.50964640 14.06339275
0.51264432 14.11098400
0.51564224 14.15830460
0.51864016 14.20536340
0.52163808 14.25217565
0.52463600 14.29875860
0.52763392 14.34514265
0.53063184 14.39134985
0.53362976 14.43741915
0.53662768 14.48336260
0.53962560 14.52912900
0.54262352 14.57467835
0.54562144 14.61998115
0.54861936 14.66501135
0.55161728 14.70974905
0.55461520 14.75418145
0.55761312 14.79830765
0.56061104 14.84213275
0.56360896 14.88568775
0.56660688 14.92906240
0.56960480 14.97231985
0.57260272 15.01547605
0.57560064 15.05855430
0.57859856 15.10158395
0.58159648 15.14458380
0.58459440 15.18755400
0.58759232 15.23047490
0.59059024 15.27332560
0.59358816 15.31610880
0.59658608 15.35883060
0.59958400 15.40152530
0.60258192 15.44420995
0.60557984 15.48687340
0.60857776 15.52952205
0.61157568 15.57215510
0.61457360 15.61476650
0.61757152 15.65735665
0.62056944 15.69993260
0.62356736 15.74250440
0.62656528 15.78508085
0.62956320 15.82767445
0.63256112 15.87032680
0.63555904 15.91304615
0.63855696 15.95578530
0.64155488 15.99852615
0.64455280 16.04127260
0.64755072 16.08402315
0.65054864 16.12677210
0.65354656 16.16950870
0.65654448 16.21222055
0.65954240 16.25489530
0.66254032 16.29752965
0.66553824 16.34015810
0.66853616 16.38280150
0.67153408 16.42544010
0.67453200 16.46805540
0.67752992 16.51063110
0.68052784 16.55315530
0.68352576 16.59563335
0.68652368 16.63806560
0.68952160 16.68043150
0.69251952 16.72272950
0.69551744 16.76499420
0.69851536 16.80726355
0.70151328 16.84955255
0.70451120 16.89186910
0.70750912 16.93422245
0.71050704 16.97662360
0.71350496 17.01908850
0.71650288 17.06163080
0.71950080 17.10425625
0.72249872 17.14697255
0.72549664 17.18978815
0.72849456 17.23272870
0.73149248 17.27584755
0.73449040 17.31920840
0.73748832 17.36284900
0.74048624 17.40678380
0.74348416 17.45101975
0.74648208 17.49554845
0.74948000 17.54036445
0.75247792 17.58546215
0.75547584 17.63083320
0.75847376 17.67646940
0.76147168 17.72237600
0.76446960 17.76853620
0.76746752 17.81490220
0.77046544 17.86143585
0.77346336 17.90810720
0.77646128 17.95489670
0.77945920 18.00179380
0.78245712 18.04879105
0.78545504 18.09589315
0.78845296 18.14310220
0.79145088 18.19040610
0.79444880 18.23780900
0.79744672 18.28529840
0.80044464 18.33283605
0.80344256 18.38040275
0.80644048 18.42798885
0.80943840 18.47558410
0.81243632 18.52318010
0.81543424 18.57076885
0.81843216 18.61834320
0.82143008 18.66589655
0.82442800 18.71343080
0.82742592 18.76095875
0.83042384 18.80848380
0.83342176 18.85600250
0.83641968 18.90352890
0.83941760 18.95106680
0.84241552 18.99860220
0.84541344 19.04612435
0.84841136 19.09362260
0.85140928 19.14108885
0.85440720 19.18851570
0.85740512 19.23590130
0.86040304 19.28324290
0.86340096 19.33052535
0.86639888 19.37772830
0.86939680 19.42483035
0.87239472 19.47181260
0.87539264 19.51866135
0.87839056 19.56536555
0.88138848 19.61191770
0.88438640 19.65831040
0.88738432 19.70455035
0.89038224 19.75065880
0.89338016 19.79663680
0.89637808 19.84247445
0.89937600 19.88816890
0.90237392 19.93371715
0.90537184 19.97911895
0.90836976 20.02437760
0.91136768 20.06949740
0.91436560 20.11447805
0.91736352 20.15931835
0.92036144 20.20402280
0.92335936 20.24861665
0.92635728 20.29311830
0.92935520 20.33752340
0.93235312 20.38183175
0.93535104 20.42604720
0.93834896 20.47018570
0.94134688 20.51425410
0.94434480 20.55824625
0.94734272 20.60216240
0.95034064 20.64600395
0.95333856 20.68977835
0.95633648 20.73349380
0.95933440 20.77714540
0.96233232 20.82072580
0.96533024 20.86423725
0.96832816 20.90768780
0.97132608 20.95108635
0.97432400 20.99443640
0.97732192 21.03773995
0.98031984 21.08100140
0.98331776 21.12422480
0.98631568 21.16742315
0.98931360 21.21062080
0.99231152 21.25382710
0.99530944 21.29703535
0.99830736 21.34024330
1.00130528 21.38344900
1.00430320 21.42665045
1.00730112 21.46985110
1.01029904 21.51305765
1.01329696 21.55627960
1.01629488 21.59952690
1.01929280 21.64282175
1.02229072 21.68617935
1.02528864 21.72959455
1.02828656 21.77306325
1.03128448 21.81657900
1.03428240 21.86012995
1.03728032 21.90370095
1.04027824 21.94728865
1.04327616 21.99088025
1.04627408 22.03444590
1.04927200 22.07796760
1.05226992 22.12142785
1.05526784 22.16479955
1.05826576 22.20805945
1.06126368 22.25119620
1.06426160 22.29420340
1.06725952 22.33707965
1.07025744 22.37982805
1.07325536 22.42245330
1.07625328 22.46496335
1.07925120 22.50736755
1.08224912 22.54968520
1.08524704 22.59193335
1.08824496 22.63411700
1.09124288 22.67625520
1.09424080 22.71835755
1.09723872 22.76042060
1.10023664 22.80244585
1.10323456 22.84443075
1.10623248 22.88637595
1.10923040 22.92828195
1.11222832 22.97014800
1.11522624 23.01198250
1.11822416 23.05378895
1.12122208 23.09556315
1.12422000 23.13730850
1.12721792 23.17902720
1.13021584 23.22071740
1.13321376 23.26237860
1.13621168 23.30401360
1.13920960 23.34563300
1.14220752 23.38724925
1.14520544 23.42887080
1.14820336 23.47049850
1.15120128 23.51212575
1.15419920 23.55374780
1.15719712 23.59535665
1.16019504 23.63694840
1.16319296 23.67852580
1.16619088 23.72008860
1.16918880 23.76163465
1.17218672 23.80316125
1.17518464 23.84466545
1.17818256 23.88615330
1.18118048 23.92762555
1.18417840 23.96907330
1.18717632 24.01049435
1.19017424 24.05190130
1.19317216 24.09330170
1.19617008 24.13468540
1.19916800 24.17604425
1.20216592 24.21737230
1.20516384 24.25866510
1.20816176 24.29992560
1.21115968 24.34115700
1.21415760 24.38235665
1.21715552 24.42352290
1.22015344 24.46465085
1.22315136 24.50573805
1.22614928 24.54678895
1.22914720 24.58780625
1.23214512 24.62879130
1.23514304 24.66974615
1.23814096 24.71067270
1.24113888 24.75159270
1.24413680 24.79251530
1.24713472 24.83342385
1.25013264 24.87430990
1.25313056 24.91515895
1.25612848 24.95595305
1.25912640 24.99668665
1.26212432 25.03736220
1.26512224 25.07797780
1.26812016 25.11852850
1.27111808 25.15901525
1.27411600 25.19944055
1.27711392 25.23980325
1.28011184 25.28010335
1.28310976 25.32035515
1.28610768 25.36058130
1.28910560 25.40080030
1.29210352 25.44102190
1.29510144 25.48124460
1.29809936 25.52146705
1.30109728 25.56169125
1.30409520 25.60192535
1.30709312 25.64216965
1.31009104 25.68241495
1.31308896 25.72265435
1.31608688 25.76287385
1.31908480 25.80305610
1.32208272 25.84319165
1.32508064 25.88327725
1.32807856 25.92331220
1.33107648 25.96330175
1.33407440 26.00326010
1.33707232 26.04319885
1.34007024 26.08313840
1.34306816 26.12309540
1.34606608 26.16307260
1.34906400 26.20307850
1.35206192 26.24312260
1.35505984 26.28321395
1.35805776 26.32335920
1.36105568 26.36356160
1.36405360 26.40382060
1.36705152 26.44413070
1.37004944 26.48447975
1.37304736 26.52486170
1.37604528 26.56527840
1.37904320 26.60572965
1.38204112 26.64620780
1.38503904 26.68669585
1.38803696 26.72718345
1.39103488 26.76766210
1.39403280 26.80811750
1.39703072 26.84854460
1.40002864 26.88895785
1.40302656 26.92937250
1.40602448 26.96978180
1.40902240 27.01017235
1.41202032 27.05053610
1.41501824 27.09087210
1.41801616 27.13118635
1.42101408 27.17148505
1.42401200 27.21177280
1.42700992 27.25205760
1.43000784 27.29235240
1.43300576 27.33265695
1.43600368 27.37296760
1.43900160 27.41329795
1.44199952 27.45365770
1.44499744 27.49404335
1.44799536 27.53444905
1.45099328 27.57486805
1.45399120 27.61529230
1.45698912 27.65571445
1.45998704 27.69613980
1.46298496 27.73657145
1.46598288 27.77700070
1.46898080 27.81741985
1.47197872 27.85782075
1.47497664 27.89820080
1.47797456 27.93856325
1.48097248 27.97891345
1.48397040 28.01925760
1.48696832 28.05961265
1.48996624 28.09998220
1.49296416 28.14035160
1.49596208 28.18071700
1.49896000 28.22107785
1.50195792 28.26143055
1.50495584 28.30176950
1.50795376 28.34209205
1.51095168 28.38239195
1.51394960 28.42265725
1.51694752 28.46287860
1.51994544 28.50305450
1.52294336 28.54318585
1.52594128 28.58327190
1.52893920 28.62331405
1.53193712 28.66331195
1.53493504 28.70327305
1.53793296 28.74320125
1.54093088 28.78308405
1.54392880 28.82290810
1.54692672 28.86266350
1.54992464 28.90234465
1.55292256 28.94193400
1.55592048 28.98140110
1.55891840 29.02072880
1.56191632 29.05991500
1.56491424 29.09896265
1.56791216 29.13787600
1.57091008 29.17666110
1.57390800 29.21532645
1.57690592 29.25387910
1.57990384 29.29232315
1.58290176 29.33068305
1.58589968 29.36898465
1.58889760 29.40723165
1.59189552 29.44542295
1.59489344 29.48355695
1.59789136 29.52163215
1.60088928 29.55964590
1.60388720 29.59759795
1.60688512 29.63548750
1.60988304 29.67330990
1.61288096 29.71106225
1.61587888 29.74873600
1.61887680 29.78631555
1.62187472 29.82378890
1.62487264 29.86114705
1.62787056 29.89838245
1.63086848 29.93549665
1.63386640 29.97248985
1.63686432 30.00935540
1.63986224 30.04608860
1.64286016 30.08269025
1.64585808 30.11917455
1.64885600 30.15555855
1.65185392 30.19185165
1.65485184 30.22806005
1.65784976 30.26419075
1.66084768 30.30025130
1.66384560 30.33624925
1.66684352 30.37219260
1.66984144 30.40809305
1.67283936 30.44396460
1.67583728 30.47981210
1.67883520 30.51563940
1.68183312 30.55144915
1.68483104 30.58723690
1.68782896 30.62300030
1.69082688 30.65873910
1.69382480 30.69445415
1.69682272 30.73014700
1.69982064 30.76582165
1.70281856 30.80148660
1.70581648 30.83714990
1.70881440 30.87281290
1.71181232 30.90847620
1.71481024 30.94414225
1.71780816 30.97981305
1.72080608 31.01549110
1.72380400 31.05117950
1.72680192 31.08689000
1.72979984 31.12263170
1.73279776 31.15840370
1.73579568 31.19421735
1.73879360 31.23008265
1.74179152 31.26599715
1.74478944 31.30195765
1.74778736 31.33796255
1.75078528 31.37401745
1.75378320 31.41013435
1.75678112 31.44632900
1.75977904 31.48262525
1.76277696 31.51905615
1.76577488 31.55566475
1.76877280 31.59251175
1.77177072 31.62966670
1.77476864 31.66720115
1.77776656 31.70516975
1.78076448 31.74360310
1.78376240 31.78252245
1.78676032 31.82193805
1.78975824 31.86185100
1.79275616 31.90225210
1.79575408 31.94313050
1.79875200 31.98447325
1.80174992 32.02624400
1.80474784 32.06837945
1.80774576 32.11081220
1.81074368 32.15348320
1.81374160 32.19634195
1.81673952 32.23934880
1.81973744 32.28247740
1.82273536 32.32571095
1.82573328 32.36903795
1.82873120 32.41244865
1.83172912 32.45593530
1.83472704 32.49949660
1.83772496 32.54312770
1.84072288 32.58682020
1.84372080 32.63056795
1.84671872 32.67436560
1.84971664 32.71820920
1.85271456 32.76209655
1.85571248 32.80602995
1.85871040 32.85001025
1.86170832 32.89403580
1.86470624 32.93811125
1.86770416 32.98224905
1.87070208 33.02645280
1.87370000 33.07071710
1.87669792 33.11504270
1.87969584 33.15943370
1.88269376 33.20389545
1.88569168 33.24843715
1.88868960 33.29306585
1.89168752 33.33778340
1.89468544 33.38259215
1.89768336 33.42749755
1.90068128 33.47250320
1.90367920 33.51760690
1.90667712 33.56280640
1.90967504 33.60810055
1.91267296 33.65349160
1.91567088 33.69898360
1.91866880 33.74455970
1.92166672 33.79019330
1.92466464 33.83587105
1.92766256 33.88158485
1.93066048 33.92733820
1.93365840 33.97314280
1.93665632 34.01900815
1.93965424 34.06494385
1.94265216 34.11096115
1.94565008 34.15707775
1.94864800 34.20331800
1.95164592 34.24970155
1.95464384 34.29624040
1.95764176 34.34294045
1.96063968 34.38980785
1.96363760 34.43685335
1.96663552 34.48407945
1.96963344 34.53147820
1.97263136 34.57903820
1.97562928 34.62674970
1.97862720 34.67459680
1.98162512 34.72255510
1.98462304 34.77060155
1.98762096 34.81871365
1.99061888 34.86687015
1.99361680 34.91505360
1.99661472 34.96324880
1.99961264 35.01142585
2.00261056 35.05955000
2.00560848 35.10760255
2.00860640 35.15555160
2.01160432 35.20335790
2.01460224 35.25100125
2.01760016 35.29847230
2.02059808 35.34576730
2.02359600 35.39288365
2.02659392 35.43982195
2.02959184 35.48658610
2.03258976 35.53317360
2.03558768 35.57958050
2.03858560 35.62580775
2.04158352 35.67185575
2.04458144 35.71772485
2.04757936 35.76341435
2.05057728 35.80892410
2.05357520 35.85425985
2.05657312 35.89943090
2.05957104 35.94445470
2.06256896 35.98934855
2.06556688 36.03414215
2.06856480 36.07887305
2.07156272 36.12355745
2.07456064 36.16820300
2.07755856 36.21281720
2.08055648 36.25740505
2.08355440 36.30196665
2.08655232 36.34649805
2.08955024 36.39099380
2.09254816 36.43545785
2.09554608 36.47988950
2.09854400 36.52427145
2.10154192 36.56858565
2.10453984 36.61281875
2.10753776 36.65696115
2.11053568 36.70100515
2.11353360 36.74494360
2.11653152 36.78876975
2.11952944 36.83247820
2.12252736 36.87606815
2.12552528 36.91953140
2.12852320 36.96283395
2.13152112 37.00593660
2.13451904 37.04881175
2.13751696 37.09143640
2.14051488 37.13379185
2.14351280 37.17585835
2.14651072 37.21760930
2.14950864 37.25901605
2.15250656 37.30005520
2.15550448 37.34070205
2.15850240 37.38095795
2.16150032 37.42083965
2.16449824 37.46034545
2.16749616 37.49947325
2.17049408 37.53822700
2.17349200 37.57661785
2.17648992 37.61466120
2.17948784 37.65237290
2.18248576 37.68975935
2.18548368 37.72683125
2.18848160 37.76362010
2.19147952 37.80015610
2.19447744 37.83646510
2.19747536 37.87257410
2.20047328 37.90850475
2.20347120 37.94427400
2.20646912 37.97989805
2.20946704 38.01542365
2.21246496 38.05090510
2.21546288 38.08635755
2.21846080 38.12177730
2.22145872 38.15715410
2.22445664 38.19246780
2.22745456 38.22769590
2.23045248 38.26282425
2.23345040 38.29784290
2.23644832 38.33273705
2.23944624 38.36748935
2.24244416 38.40209000
2.24544208 38.43653525
2.24844000 38.47082070
2.25143792 38.50494025
2.25443584 38.53886895
2.25743376 38.57257780
2.26043168 38.60605405
2.26342960 38.63929455
2.26642752 38.67229615
2.26942544 38.70505395
2.27242336 38.73756670
2.27542128 38.76983835
2.27841920 38.80187335
2.28141712 38.83367695
2.28441504 38.86527135
2.28741296 38.89668050
2.29041088 38.92791795
2.29340880 38.95899180
2.29640672 38.98990750
2.29940464 39.02067005
2.30240256 39.05128160
2.30540048 39.08174485
2.30839840 39.11206315
2.31139632 39.14223775
2.31439424 39.17227915
2.31739216 39.20220565
2.32039008 39.23202260
2.32338800 39.26172430
2.32638592 39.29130570
2.32938384 39.32076305
2.33238176 39.35009455
2.33537968 39.37930150
2.33837760 39.40838675
2.34137552 39.43735865
2.34437344 39.46622865
2.34737136 39.49500510
2.35036928 39.52369685
2.35336720 39.55231430
2.35636512 39.58086485
2.35936304 39.60935135
2.36236096 39.63778080
2.36535888 39.66615820
2.36835680 39.69448535
2.37135472 39.72276115
2.37435264 39.75098130
2.37735056 39.77914795
2.38034848 39.80726030
2.38334640 39.83531060
2.38634432 39.86328675
2.38934224 39.89117855
2.39234016 39.91898655
2.39533808 39.94671370
2.39833600 39.97435550
2.40133392 40.00190435
2.40433184 40.02935715
2.40732976 40.05671215
2.41032768 40.08395935
2.41332560 40.11109065
2.41632352 40.13810810
2.41932144 40.16500190
2.42231936 40.19174850
2.42531728 40.21833360
2.42831520 40.24475255
2.43131312 40.27100220
2.43431104 40.29707890
2.43730896 40.32298060
2.44030688 40.34870045
2.44330480 40.37423980
2.44630272 40.39961420
2.44930064 40.42483735
2.45229856 40.44991800
2.45529648 40.47486030
2.45829440 40.49966870
2.46129232 40.52434850
2.46429024 40.54890555
2.46728816 40.57335155
2.47028608 40.59769995
2.47328400 40.62195625
2.47628192 40.64612240
2.47927984 40.67020175
2.48227776 40.69419685
2.48527568 40.71810850
2.48827360 40.74193960
2.49127152 40.76569635
2.49426944 40.78938215
2.49726736 40.81300315
2.50026528 40.83656990
2.50326320 40.86009115
2.50626112 40.88357900
2.50925904 40.90705115
2.51225696 40.93053155
2.51525488 40.95404745
2.51825280 40.97762275
2.52125072 41.00127575
2.52424864 41.02502130
2.52724656 41.04887590
2.53024448 41.07286125
2.53324240 41.09698890
2.53624032 41.12125655
2.53923824 41.14565365
2.54223616 41.17016160
2.54523408 41.19476285
2.54823200 41.21944415
2.55122992 41.24419430
2.55422784 41.26900085
2.55722576 41.29385165
2.56022368 41.31873280
2.56322160 41.34363090
2.56621952 41.36853930
2.56921744 41.39345825
2.57221536 41.41839580
2.57521328 41.44335920
2.57821120 41.46835010
2.58120912 41.49337255
2.58420704 41.51842890
2.58720496 41.54352500
2.59020288 41.56868225
2.59320080 41.59392115
2.59619872 41.61924930
2.59919664 41.64466775
2.60219456 41.67017980
2.60519248 41.69578855
2.60819040 41.72148830
2.61118832 41.74726780
2.61418624 41.77311920
2.61718416 41.79903525
2.62018208 41.82499895
2.62318000 41.85099250
2.62617792 41.87699710
2.62917584 41.90299285
2.63217376 41.92896510
2.63517168 41.95490115
2.63816960 41.98079060
2.64116752 42.00662440
2.64416544 42.03239935
2.64716336 42.05811115
2.65016128 42.08373975
2.65315920 42.10926230
2.65615712 42.13466490
2.65915504 42.15993455
2.66215296 42.18505930
2.66515088 42.21003670
2.66814880 42.23486710
2.67114672 42.25954885
2.67414464 42.28408525
2.67714256 42.30848450
2.68014048 42.33275720
2.68313840 42.35691445
2.68613632 42.38096465
2.68913424 42.40491195
2.69213216 42.42875905
2.69513008 42.45251400
2.69812800 42.47618290
2.70112592 42.49976275
2.70412384 42.52325305
2.70712176 42.54665025
2.71011968 42.56994525
2.71311760 42.59313280
2.71611552 42.61621100
2.71911344 42.63918025
2.72211136 42.66204440
2.72510928 42.68480635
2.72810720 42.70746820
2.73110512 42.73003600
2.73410304 42.75251735
2.73710096 42.77491190
2.74009888 42.79721315
2.74309680 42.81941795
2.74609472 42.84152040
2.74909264 42.86350730
2.75209056 42.88535830
2.75508848 42.90705585
2.75808640 42.92859370
2.76108432 42.94997425
2.76408224 42.97120080
2.76708016 42.99227440
2.77007808 43.01319770
2.77307600 43.03397965
2.77607392 43.05463740
2.77907184 43.07519115
2.78206976 43.09565605
2.78506768 43.11604090
2.78806560 43.13635570
2.79106352 43.15661705
2.79406144 43.17684530
2.79705936 43.19705520
2.80005728 43.21725490
2.80305520 43.23744945
2.80605312 43.25764310
2.80905104 43.27783995
2.81204896 43.29804860
2.81504688 43.31827605
2.81804480 43.33852060
2.82104272 43.35877575
2.82404064 43.37903400
2.82703856 43.39929185
2.83003648 43.41954640
2.83303440 43.43979060
2.83603232 43.46001660
2.83903024 43.48021960
2.84202816 43.50039550
2.84502608 43.52054250
2.84802400 43.54065685
2.85102192 43.56073195
2.85401984 43.58075840
2.85701776 43.60072235
2.86001568 43.62060715
2.86301360 43.64038885
2.86601152 43.66007390
2.86900944 43.67968590
2.87200736 43.69921185
2.87500528 43.71862200
2.87800320 43.73790315
2.88100112 43.75705490
2.88399904 43.77612800
2.88699696 43.79512530
2.88999488 43.81398630
2.89299280 43.83268575
2.89599072 43.85123170
2.89898864 43.86966515
2.90198656 43.88801365
2.90498448 43.90631845
2.90798240 43.92461305
2.91098032 43.94290735
2.91397824 43.96122245
2.91697616 43.97957775
2.91997408 43.99798070
2.92297200 44.01644255
2.92596992 44.03498630
2.92896784 44.05362980
2.93196576 44.07237465
2.93496368 44.09120825
2.93796160 44.11011480
2.94095952 44.12908110
2.94395744 44.14810770
2.94695536 44.16718490
2.94995328 44.18629035
2.95295120 44.20541220
2.95594912 44.22453750
2.95894704 44.24365995
2.96194496 44.26278825
2.96494288 44.28192145
2.96794080 44.30104910
2.97093872 44.32016935
2.97393664 44.33927960
2.97693456 44.35838145
2.97993248 44.37747920
2.98293040 44.39657295
2.98592832 44.41565915
2.98892624 44.43473010
2.99192416 44.45378120
2.99492208 44.47281770
2.99792000 44.49184250
3.00091792 44.51085530
3.00391584 44.52986155
3.00691376 44.54886715
3.00991168 44.56787545
3.01290960 44.58689100
3.01590752 44.60592630
3.01890544 44.62499705
3.02190336 44.64411745
3.02490128 44.66329840
3.02789920 44.68255105
3.03089712 44.70188435
3.03389504 44.72130125
3.03689296 44.74080330
3.03989088 44.76039080
3.04288880 44.78005630
3.04588672 44.79978890
3.04888464 44.81958265
3.05188256 44.83942995
3.05488048 44.85932120
3.05787840 44.87925115
3.06087632 44.89920945
3.06387424 44.91917780
3.06687216 44.93913820
3.06987008 44.95907000
3.07286800 44.97895790
3.07586592 44.99879360
3.07886384 45.01856510
3.08186176 45.03826135
3.08485968 45.05787480
3.08785760 45.07740235
3.09085552 45.09685030
3.09385344 45.11623065
3.09685136 45.13555285
3.09984928 45.15482680
3.10284720 45.17406905
3.10584512 45.19329715
3.10884304 45.21253365
3.11184096 45.23179985
3.11483888 45.25110240
3.11783680 45.27044895
3.12083472 45.28985140
3.12383264 45.30931460
3.12683056 45.32884380
3.12982848 45.34844215
3.13282640 45.36811200
3.13582432 45.38785295
3.13882224 45.40765205
3.14182016 45.42749480
3.14481808 45.44737875
3.14781600 45.46730725
3.15081392 45.48727835
3.15381184 45.50729245
3.15680976 45.52734750
3.15980768 45.54743455
3.16280560 45.56755395
3.16580352 45.58771435
3.16880144 45.60792175
3.17179936 45.62817905
3.17479728 45.64848400
3.17779520 45.66882435
3.18079312 45.68920790
3.18379104 45.70965370
3.18678896 45.73016160
3.18978688 45.75073210
3.19278480 45.77135505
3.19578272 45.79200775
3.19878064 45.81268025
3.20177856 45.83337505
3.20477648 45.85409375
3.20777440 45.87484335
3.21077232 45.89561990
3.21377024 45.91642085
3.21676816 45.93726460
3.21976608 45.95818985
3.22276400 45.97923585
3.22576192 46.00042445
3.22875984 46.02177195
3.23175776 46.04327380
3.23475568 46.06491465
3.23775360 46.08668060
3.24075152 46.10856655
3.24374944 46.13056910
3.24674736 46.15268645
3.24974528 46.17490850
3.25274320 46.19722015
3.25574112 46.21960590
3.25873904 46.24205660
3.26173696 46.26457320
3.26473488 46.28715160
3.26773280 46.30979320
3.27073072 46.33248775
3.27372864 46.35522035
3.27672656 46.37798955
3.27972448 46.40079740
3.28272240 46.42365105
3.28572032 46.44655670
3.28871824 46.46950155
3.29171616 46.49246350
3.29471408 46.51543980
3.29771200 46.53843390
3.30070992 46.56144670
3.30370784 46.58449555
3.30670576 46.60756890
3.30970368 46.63063590
3.31270160 46.65369300
3.31569952 46.67674705
3.31869744 46.69979390
3.32169536 46.72285090
3.32469328 46.74594160
3.32769120 46.76904440
3.33068912 46.79213370
3.33368704 46.81521095
3.33668496 46.83828370
3.33968288 46.86135460
3.34268080 46.88442370
3.34567872 46.90749015
3.34867664 46.93054140
3.35167456 46.95355800
3.35467248 46.97653420
3.35767040 46.99947970
3.36066832 47.02240450
3.36366624 47.04531140
3.36666416 47.06818520
3.36966208 47.09101220
3.37266000 47.11380640
3.37565792 47.13658040
3.37865584 47.15934160
3.38165376 47.18209385
3.38465168 47.20482200
3.38764960 47.22750015
3.39064752 47.25012310
3.39364544 47.27269415
3.39664336 47.29522220
3.39964128 47.31771955
3.40263920 47.34016245
3.40563712 47.36252590
3.40863504 47.38482155
3.41163296 47.40706180
3.41463088 47.42924650
3.41762880 47.45136915
3.42062672 47.47341490
3.42362464 47.49537350
3.42662256 47.51724040
3.42962048 47.53902120
3.43261840 47.56072315
3.43561632 47.58234725
3.43861424 47.60388745
3.44161216 47.62532055
3.44461008 47.64664855
3.44760800 47.66788985
3.45060592 47.68905910
3.45360384 47.71019030
3.45660176 47.73127940
3.45959968 47.75228525
3.46259760 47.77320645
3.46559552 47.79406500
3.46859344 47.81488420
3.47159136 47.83567900
3.47458928 47.85642330
3.47758720 47.87708450
3.48058512 47.89765640
3.48358304 47.91814860
3.48658096 47.93856755
3.48957888 47.95890645
3.49257680 47.97915665
3.49557472 47.99931730
3.49857264 48.01939845
3.50157056 48.03941245
3.50456848 48.05937095
3.50756640 48.07927415
3.51056432 48.09909800
3.51356224 48.11884955
3.51656016 48.13855530
3.51955808 48.15822285
3.52255600 48.17787790
3.52555392 48.19752380
3.52855184 48.21713940
3.53154976 48.23672920
3.53454768 48.25630190
3.53754560 48.27585780
3.54054352 48.29539130
3.54354144 48.31488555
3.54653936 48.33432415
3.54953728 48.35370755
3.55253520 48.37305080
3.55553312 48.39236135
3.55853104 48.41162150
3.56152896 48.43081395
3.56452688 48.44994900
3.56752480 48.46903980
3.57052272 48.48809985
3.57352064 48.50711915
3.57651856 48.52605400
3.57951648 48.54490230
3.58251440 48.56368015
3.58551232 48.58240000
3.58851024 48.60107615
3.59150816 48.61968865
3.59450608 48.63822225
3.59750400 48.65668705
3.60050192 48.67509295
3.60349984 48.69344180
3.60649776 48.71172895
3.60949568 48.72994515
3.61249360 48.74808015
3.61549152 48.76613600
3.61848944 48.78411320
3.62148736 48.80199430
3.62448528 48.81977370
3.62748320 48.83746275
3.63048112 48.85507630
3.63347904 48.87264200
3.63647696 48.89016050
3.63947488 48.90763170
3.64247280 48.92507290
3.64547072 48.94249475
3.64846864 48.95990770
3.65146656 48.97729435
3.65446448 48.99462705
3.65746240 49.01190335
3.66046032 49.02912630
3.66345824 49.04628950
3.66645616 49.06337975
3.66945408 49.08038360
3.67245200 49.09730535
3.67544992 49.11414020
3.67844784 49.13084405
3.68144576 49.14738230
3.68444368 49.16379645
3.68744160 49.18016210
3.69043952 49.19649760
3.69343744 49.21277030
3.69643536 49.22898410
3.69943328 49.24517660
3.70243120 49.26136345
3.70542912 49.27752880
3.70842704 49.29365585
3.71142496 49.30976115
3.71442288 49.32584540
3.71742080 49.34188960
3.72041872 49.35789115
3.72341664 49.37385410
3.72641456 49.38976020
3.72941248 49.40559010
3.73241040 49.42135715
3.73540832 49.43706565
3.73840624 49.45270210
3.74140416 49.46826245
3.74440208 49.48372320
3.74740000 49.49905920
3.75039792 49.51430190
3.75339584 49.52943365
3.75639376 49.54441580
3.75939168 49.55927590
3.76238960 49.57399345
3.76538752 49.58856795
3.76838544 49.60297765
3.77138336 49.61718480
3.77438128 49.63121095
3.77737920 49.64502730
3.78037712 49.65859500
3.78337504 49.67190060
3.78637296 49.68492170
3.78937088 49.69762185
3.79236880 49.70996080
3.79536672 49.72197385
3.79836464 49.73381300
3.80136256 49.74556650
3.80436048 49.75725285
3.80735840 49.76886400
3.81035632 49.78040505
3.81335424 49.79194985
3.81635216 49.80342105
3.81935008 49.81481135
3.82234800 49.82607520
3.82534592 49.83713145
3.82834384 49.84841395
3.83134176 49.85907330
3.83433968 49.86879970
3.83733760 49.87885575
3.84033552 49.88920745
3.84333344 49.89949920
3.84633136 49.90975805
3.84932928 49.91993010
3.85232720 49.92997595
3.85532512 49.93989790
3.85832304 49.94969760
3.86132096 49.95937555
3.86431888 49.96892195
3.86731680 49.97833980
3.87031472 49.98763010
3.87331264 49.99677950
3.87631056 50.00578180
3.87930848 50.01464435
3.88230640 50.02337235
3.88530432 50.03195770
3.88830224 50.04040870
3.89130016 50.04873620
3.89429808 50.05693875
3.89729600 50.06503640
3.90029392 50.07307035
3.90329184 50.08104175
3.90628976 50.08892165
3.90928768 50.09670065
3.91228560 50.10436490
3.91528352 50.11188645
3.91828144 50.11925265
3.92127936 50.12644690
3.92427728 50.13343485
3.92727520 50.14019410
3.93027312 50.14673270
3.93327104 50.15313555
3.93626896 50.15951420
3.93926688 50.16589660
3.94226480 50.17224485
3.94526272 50.17855490
3.94826064 50.18482540
3.95125856 50.19104130
3.95425648 50.19723625
3.95725440 50.20344065
3.96025232 50.20970315
3.96325024 50.21601140
3.96624816 50.22230845
3.96924608 50.22858400
3.97224400 50.23482560
3.97524192 50.24103550
3.97823984 50.24720480
3.98123776 50.25332535
3.98423568 50.25939025
3.98723360 50.26539470
3.99023152 50.27134025
3.99322944 50.27722420
3.99622736 50.28304170
3.99922528 50.28878800
4.00222320 50.29446355
4.00522112 50.30006635
4.00821904 50.30559870
4.01121696 50.31105310
4.01421488 50.31642305
4.01721280 50.32170895
4.02021072 50.32691430
4.02320864 50.33203965
4.02620656 50.33708045
4.02920448 50.34203430
4.03220240 50.34690260
4.03520032 50.35169035
4.03819824 50.35639710
4.04119616 50.36104495
4.04419408 50.36567615
4.04719200 50.37031155
4.05018992 50.37495045
4.05318784 50.37958585
4.05618576 50.38421285
4.05918368 50.38883185
4.06218160 50.39344205
4.06517952 50.39803810
4.06817744 50.40261690
4.07117536 50.40718100
4.07417328 50.41173185
4.07717120 50.41626600
4.08016912 50.42078150
4.08316704 50.42528165
4.08616496 50.42976730
4.08916288 50.43423380
4.09216080 50.43868065
4.09515872 50.44310860
4.09815664 50.44751445
4.10115456 50.45189320
4.10415248 50.45624620
4.10715040 50.46057215
4.11014832 50.46486405
4.11314624 50.46912230
4.11614416 50.47334645
4.11914208 50.47753210
4.12214000 50.48168200
4.12513792 50.48579865
4.12813584 50.48988120
4.13113376 50.49393605
4.13413168 50.49796720
4.13712960 50.50197545
4.14012752 50.50596330
4.14312544 50.50992860
4.14612336 50.51387285
4.14912128 50.51779630
4.15211920 50.52169845
4.15511712 50.52557920
4.15811504 50.52943825
4.16111296 50.53327525
4.16411088 50.53709020
4.16710880 50.54088405
4.17010672 50.54465445
4.17310464 50.54840165
4.17610256 50.55212515
4.17910048 50.55582410
4.18209840 50.55950140
4.18509632 50.56316040
4.18809424 50.56680195
4.19109216 50.57042595
4.19409008 50.57403600
4.19708800 50.57764455
4.20008592 50.58126535
4.20308384 50.58490770
4.20608176 50.58858095
4.20907968 50.59229520
4.21207760 50.59605360
4.21507552 50.59986020
4.21807344 50.60371500
4.22107136 50.60761065
4.22406928 50.61154515
4.22706720 50.61551800
4.23006512 50.61952220
4.23306304 50.62355550
4.23606096 50.62761870
4.23905888 50.63170535
4.24205680 50.63581275
4.24505472 50.63994235
4.24805264 50.64409650
4.25105056 50.64826990
4.25404848 50.65245895
4.25704640 50.65666680
4.26004432 50.66088930
4.26304224 50.66512160
4.26604016 50.66936680
4.26903808 50.67362610
4.27203600 50.67789825
4.27503392 50.68218520
4.27803184 50.68648820
4.28102976 50.69080170
4.28402768 50.69512080
4.28702560 50.69944285
4.29002352 50.70376365
4.29302144 50.70808525
4.29601936 50.71241135
4.29901728 50.71674420
4.30201520 50.72108180
4.30501312 50.72541965
4.30801104 50.72975935
4.31100896 50.73410090
4.31400688 50.73843905
4.31700480 50.74277135
4.32000272 50.74709840
4.32300064 50.75142465
4.32599856 50.75575240
4.32899648 50.76008060
4.33199440 50.76441395
4.33499232 50.76875450
4.33799024 50.77310100
4.34098816 50.77745060
4.34398608 50.78179835
4.34698400 50.78614605
4.34998192 50.79049425
4.35297984 50.79483800
4.35597776 50.79917455
4.35897568 50.80350120
4.36197360 50.80781845
4.36497152 50.81212290
4.36796944 50.81640910
4.37096736 50.82067650
4.37396528 50.82492695
4.37696320 50.82916725
4.37996112 50.83339750
4.38295904 50.83762035
4.38595696 50.84184000
4.38895488 50.84605845
4.39195280 50.85027500
4.39495072 50.85448460
4.39794864 50.85868635
4.40094656 50.86288200
4.40394448 50.86707340
4.40694240 50.87125445
4.40994032 50.87541870
4.41293824 50.87956765
4.41593616 50.88370160
4.41893408 50.88781660
4.42193200 50.89191905
4.42492992 50.89602205
4.42792784 50.90012675
4.43092576 50.90422985
4.43392368 50.90833205
4.43692160 50.91242890
4.43991952 50.91651845
4.44291744 50.92060340
4.44591536 50.92467900
4.44891328 50.92874630
4.45191120 50.93281540
4.45490912 50.93689485
4.45790704 50.94098550
4.46090496 50.94508315
4.46390288 50.94918320
4.46690080 50.95327815
4.46989872 50.95735575
4.47289664 50.96140190
4.47589456 50.96541125
4.47889248 50.96940070
4.48189040 50.97342970
4.48488832 50.97755400
4.48788624 50.98178225
4.49088416 50.98609875
4.49388208 50.99047900
4.49688000 50.99490460
4.49987792 50.99936950
4.50287584 51.00386640
4.50587376 51.00838785
4.50887168 51.01292710
4.51186960 51.01747750
4.51486752 51.02203565
4.51786544 51.02659370
4.52086336 51.03114550
4.52386128 51.03568735
4.52685920 51.04021880
4.52985712 51.04474270
4.53285504 51.04925365
4.53585296 51.05374895
4.53885088 51.05822100
4.54184880 51.06265580
4.54484672 51.06705000
4.54784464 51.07140430
4.55084256 51.07572180
4.55384048 51.08000170
4.55683840 51.08424335
4.55983632 51.08845155
4.56283424 51.09262555
4.56583216 51.09676335
4.56883008 51.10086235
4.57182800 51.10492080
4.57482592 51.10893800
4.57782384 51.11290930
4.58082176 51.11683525
4.58381968 51.12071660
4.58681760 51.12455085
4.58981552 51.12834110
4.59281344 51.13208725
4.59581136 51.13578680
4.59880928 51.13944390
4.60180720 51.14305755
4.60480512 51.14662615
4.60780304 51.15015400
4.61080096 51.15363850
4.61379888 51.15707270
4.61679680 51.16045355
4.61979472 51.16377555
4.62279264 51.16703555
4.62579056 51.17023530
4.62878848 51.17336955
4.63178640 51.17643680
4.63478432 51.17943645
4.63778224 51.18236315
4.64078016 51.18521915
4.64377808 51.18800320
4.64677600 51.19071730
4.64977392 51.19336320
4.65277184 51.19593800
4.65576976 51.19844655
4.65876768 51.20088935
4.66176560 51.20326755
4.66476352 51.20557500
4.66776144 51.20781050
4.67075936 51.20997910
4.67375728 51.21208155
4.67675520 51.21411860
4.67975312 51.21608735
4.68275104 51.21797930
4.68574896 51.21978305
4.68874688 51.22149730
4.69174480 51.22312590
4.69474272 51.22467675
4.69774064 51.22615655
4.70073856 51.22756865
4.70373648 51.22892375
4.70673440 51.23022625
4.70973232 51.23147800
4.71273024 51.23267670
4.71572816 51.23381255
4.71872608 51.23488435
4.72172400 51.23588840
4.72472192 51.23681005
4.72771984 51.23764215
4.73071776 51.23838910
4.73371568 51.23904930
4.73671360 51.23962195
4.73971152 51.24010885
4.74270944 51.24050780
4.74570736 51.24083980
4.74870528 51.24113945
4.75170320 51.24141385
4.75470112 51.24165790
4.75769904 51.24187050
4.76069696 51.24205450
4.76369488 51.24221255
4.76669280 51.24234785
4.76969072 51.24246380
4.77268864 51.24256315
4.77568656 51.24264860
4.77868448 51.24272000
4.78168240 51.24277765
4.78468032 51.24282300
4.78767824 51.24285650
4.79067616 51.24287820
4.79367408 51.24288850
4.79667200 51.24289090
4.79966992 51.24289090
4.80266784 51.24289090
4.80566576 51.24289090
4.80866368 51.24289090
4.81166160 51.24289090
4.81465952 51.24289090
4.81765744 51.24289090
4.82065536 51.24289090
4.82365328 51.24289090
4.82665120 51.24289090
4.82964912 51.24289090
4.83264704 51.24289090
4.83564496 51.24289090
4.83864288 51.24289090
4.84164080 51.24289090
4.84463872 51.24289090
4.84763664 51.24289090
4.85063456 51.24289090
4.85363248 51.24289090
4.85663040 51.24289090
4.85962832 51.24289090
4.86262624 51.24289090
4.86562416 51.24289090
4.86862208 51.24289090
4.87162000 51.24289090
4.87461792 51.24289090
4.87761584 51.24289090
4.88061376 51.24289090
4.88361168 51.24289090
4.88660960 51.24289090
4.88960752 51.24289090
4.89260544 51.24289090
4.89560336 51.24289090
4.89860128 51.24289090
4.90159920 51.24289090
4.90459712 51.24289090
4.90759504 51.24289090
4.91059296 51.24289090
4.91359088 51.24289090
4.91658880 51.24289090
4.91958672 51.24289090
4.92258464 51.24289090
4.92558256 51.24289090
4.92858048 51.24289090
4.93157840 51.24289090
4.93457632 51.24289090
4.93757424 51.24289090
4.94057216 51.24289090
4.94357008 51.24289090
4.94656800 51.24289090
4.94956592 51.24289090
4.95256384 51.24289090
4.95556176 51.24289090
4.95855968 51.24289090
4.96155760 51.24289090
4.96455552 51.24289090
4.96755344 51.24289090
4.97055136 51.24289090
4.97354928 51.24289090
4.97654720 51.24289090
4.97954512 51.24289090
4.98254304 51.24289090
4.98554096 51.24289090
4.98853888 51.24289090
4.99153680 51.24289090
4.99453472 51.24289090
4.99753264 51.24289090
5.00053056 51.24289090
5.00352848 51.24289090
5.00652640 51.24289090
5.00952432 51.24289090
5.01252224 51.24289090
5.01552016 51.24289090
5.01851808 51.24289090
5.02151600 51.24289090
5.02451392 51.24289090
5.02751184 51.24289090
5.03050976 51.24289090
5.03350768 51.24289090
5.03650560 51.24289090
5.03950352 51.24289385
5.04250144 51.24290795
5.04549936 51.24293840
5.04849728 51.24298490
5.05149520 51.24304695
5.05449312 51.24312410
5.05749104 51.24321570
5.06048896 51.24332120
5.06348688 51.24344005
5.06648480 51.24357095
5.06948272 51.24371280
5.07248064 51.24386595
5.07547856 51.24403255
5.07847648 51.24421465
5.08147440 51.24441210
5.08447232 51.24462435
5.08747024 51.24485075
5.09046816 51.24509070
5.09346608 51.24534360
5.09646400 51.24560875
5.09946192 51.24588590
5.10245984 51.24617370
5.10545776 51.24647115
5.10845568 51.24677820
5.11145360 51.24709610
5.11445152 51.24742595
5.11744944 51.24776755
5.12044736 51.24812135
5.12344528 51.24848735
5.12644320 51.24886585
5.12944112 51.24925750
5.13243904 51.24966165
5.13543696 51.25007825
5.13843488 51.25050800
5.14143280 51.25095105
5.14443072 51.25140785
5.14742864 51.25187845
5.15042656 51.25236245
5.15342448 51.25285965
5.15642240 51.25336955
5.15942032 51.25389240
5.16241824 51.25442875
5.16541616 51.25497760
5.16841408 51.25553855
5.17141200 51.25611280
5.17440992 51.25670045
5.17740784 51.25730085
5.18040576 51.25791385
5.18340368 51.25853940
5.18640160 51.25917710
5.18939952 51.25982650
5.19239744 51.26048780
5.19539536 51.26116115
5.19839328 51.26184620
5.20139120 51.26254310
5.20438912 51.26325200
5.20738704 51.26397240
5.21038496 51.26470440
5.21338288 51.26544780
5.21638080 51.26620210
5.21937872 51.26696720
5.22237664 51.26774305
5.22537456 51.26853025
5.22837248 51.26932825
5.23137040 51.27013640
5.23436832 51.27095435
5.23736624 51.27178245
5.24036416 51.27262110
5.24336208 51.27347005
5.24636000 51.27433015
5.24935792 51.27520180
5.25235584 51.27608680
5.25535376 51.27698595
5.25835168 51.27789845
5.26134960 51.27882305
5.26434752 51.27975920
5.26734544 51.28070700
5.27034336 51.28166690
5.27334128 51.28263865
5.27633920 51.28362120
5.27933712 51.28461535
5.28233504 51.28562060
5.28533296 51.28663735
5.28833088 51.28766590
5.29132880 51.28870670
5.29432672 51.28975965
5.29732464 51.29082390
5.30032256 51.29189920
5.30332048 51.29298530
5.30631840 51.29408240
5.30931632 51.29519025
5.31231424 51.29630850
5.31531216 51.29743730
5.31831008 51.29857665
5.32130800 51.29972640
5.32430592 51.30088650
5.32730384 51.30205670
5.33030176 51.30323730
5.33329968 51.30442790
5.33629760 51.30562830
5.33929552 51.30683860
5.34229344 51.30805875
5.34529136 51.30928845
5.34828928 51.31052755
5.35128720 51.31177585
5.35428512 51.31303335
5.35728304 51.31430005
5.36028096 51.31557595
5.36327888 51.31686095
5.36627680 51.31815500
5.36927472 51.31945820
5.37227264 51.32077025
5.37527056 51.32209115
5.37826848 51.32342095
5.38126640 51.32475995
5.38426432 51.32610800
5.38726224 51.32746495
5.39026016 51.32883055
5.39325808 51.33020470
5.39625600 51.33158740
5.39925392 51.33297850
5.40225184 51.33437805
5.40524976 51.33578570
5.40824768 51.33720145
5.41124560 51.33862520
5.41424352 51.34005690
5.41724144 51.34149635
5.42023936 51.34294355
5.42323728 51.34439875
5.42623520 51.34586155
5.42923312 51.34733185
5.43223104 51.34880940
5.43522896 51.35029420
5.43822688 51.35178610
5.44122480 51.35328485
5.44422272 51.35479045
5.44722064 51.35630240
5.45021856 51.35782060
5.45321648 51.35934455
5.45621440 51.36087370
5.45921232 51.36240765
5.46221024 51.36394550
5.46520816 51.36548610
5.46820608 51.36702835
5.47120400 51.36857140
5.47420192 51.37011325
5.47719984 51.37164995
5.48019776 51.37317605
5.48319568 51.37468385
5.48619360 51.37616745
5.48919152 51.37764555
5.49218944 51.37916805
5.49518736 51.38076515
5.49818528 51.38243150
5.50118320 51.38415680
5.50418112 51.38593140
5.50717904 51.38774730
5.51017696 51.38960010
5.51317488 51.39148625
5.51617280 51.39340220
5.51917072 51.39534485
5.52216864 51.39731370
5.52516656 51.39930750
5.52816448 51.40132355
5.53116240 51.40336105
5.53416032 51.40541760
5.53715824 51.40749315
5.54015616 51.40958695
5.54315408 51.41169800
5.54615200 51.41382545
5.54914992 51.41596805
5.55214784 51.41812470
5.55514576 51.42029520
5.55814368 51.42247955
5.56114160 51.42467645
5.56413952 51.42688570
5.56713744 51.42910560
5.57013536 51.43133620
5.57313328 51.43357660
5.57613120 51.43582645
5.57912912 51.43808525
5.58212704 51.44035255
5.58512496 51.44262915
5.58812288 51.44491290
5.59112080 51.44720300
5.59411872 51.44949870
5.59711664 51.45180045
5.60011456 51.45410965
5.60311248 51.45642450
5.60611040 51.45874415
5.60910832 51.46106855
5.61210624 51.46339610
5.61510416 51.46572650
5.61810208 51.46805955
5.62110000 51.47039560
5.62409792 51.47273640
5.62709584 51.47508040
5.63009376 51.47742620
5.63309168 51.47977380
5.63608960 51.48212225
5.63908752 51.48447205
5.64208544 51.48682335
5.64508336 51.48917460
5.64808128 51.49152600
5.65107920 51.49387795
5.65407712 51.49622890
5.65707504 51.49857860
5.66007296 51.50092700
5.66307088 51.50327415
5.66606880 51.50562065
5.66906672 51.50796535
5.67206464 51.51030710
5.67506256 51.51264610
5.67806048 51.51498200
5.68105840 51.51731405
5.68405632 51.51964255
5.68705424 51.52196810
5.69005216 51.52429055
5.69305008 51.52660910
5.69604800 51.52892285
5.69904592 51.53123075
5.70204384 51.53353340
5.70504176 51.53583125
5.70803968 51.53812300
5.71103760 51.54040805
5.71403552 51.54268635
5.71703344 51.54495640
5.72003136 51.54721685
5.72302928 51.54946750
5.72602720 51.55170850
5.72902512 51.55394170
5.73202304 51.55616850
5.73502096 51.55838905
5.73801888 51.56060485
5.74101680 51.56281695
5.74401472 51.56502445
5.74701264 51.56722625
5.75001056 51.56942200
5.75300848 51.57161195
5.75600640 51.57379570
5.75900432 51.57597275
5.76200224 51.57814305
5.76500016 51.58030640
5.76799808 51.58246240
5.77099600 51.58461070
5.77399392 51.58675130
5.77699184 51.58888480
5.77998976 51.59101090
5.78298768 51.59312880
5.78598560 51.59523875
5.78898352 51.59734115
5.79198144 51.59943535
5.79497936 51.60152030
5.79797728 51.60359625
5.80097520 51.60566410
5.80397312 51.60772340
5.80697104 51.60977300
5.80996896 51.61181295
5.81296688 51.61384370
5.81596480 51.61586480
5.81896272 51.61787550
5.82196064 51.61987635
5.82495856 51.62186780
5.82795648 51.62384895
5.83095440 51.62581885
5.83395232 51.62777810
5.83695024 51.62972715
5.83994816 51.63166500
5.84294608 51.63359105
5.84594400 51.63550610
5.84894192 51.63741015
5.85193984 51.63930205
5.85493776 51.64118180
5.85793568 51.64304990
5.86093360 51.64490580
5.86393152 51.64674860
5.86692944 51.64857850
5.86992736 51.65039590
5.87292528 51.65220035
5.87592320 51.65399065
5.87892112 51.65576720
5.88191904 51.65753055
5.88491696 51.65927955
5.88791488 51.66101385
5.89091280 51.66273365
5.89391072 51.66443765
5.89690864 51.66612500
5.89990656 51.66779650
5.90290448 51.66945180
5.90590240 51.67108925
5.90890032 51.67270840
5.91189824 51.67430905
5.91489616 51.67589055
5.91789408 51.67745120
5.92089200 51.67899130
5.92388992 51.68050995
5.92688784 51.68200480
5.92988576 51.68347540
5.93288368 51.68491920
5.93588160 51.68633125
5.93887952 51.68769965
5.94187744 51.68899585
5.94487536 51.69019540
5.94787328 51.69130665
5.95087120 51.69234635
5.95386912 51.69331285
5.95686704 51.69419905
5.95986496 51.69501370
5.96286288 51.69580690
5.96586080 51.69664700
5.96885872 51.69757585
5.97185664 51.69859375
5.97485456 51.69966600
5.97785248 51.70075490
5.98085040 51.70184190
5.98384832 51.70292515
5.98684624 51.70400515
5.98984416 51.70508100
5.99284208 51.70615290
5.99584000 51.70722110
5.99883792 51.70828425
6.00183584 51.70934305
6.00483376 51.71039765
6.00783168 51.71144630
6.01082960 51.71249020
6.01382752 51.71352950
6.01682544 51.71456345
6.01982336 51.71559235
6.02282128 51.71661390
6.02581920 51.71761795
6.02881712 51.71858120
6.03181504 51.71949385
6.03481296 51.72037575
6.03781088 51.72125070
6.04080880 51.72213270
6.04380672 51.72302315
6.04680464 51.72391770
6.04980256 51.72481295
6.05280048 51.72570535
6.05579840 51.72659115
6.05879632 51.72746275
6.06179424 51.72830810
6.06479216 51.72911955
6.06779008 51.72992685
6.07078800 51.73076510
6.07378592 51.73163085
6.07678384 51.73250885
6.07978176 51.73338910
6.08277968 51.73426615
6.08577760 51.73513595
6.08877552 51.73599555
6.09177344 51.73684165
6.09477136 51.73767175
6.09776928 51.73848410
6.10076720 51.73927640
6.10376512 51.74004995
6.10676304 51.74081210
6.10976096 51.74156825
6.11275888 51.74231225
6.11575680 51.74303365
6.11875472 51.74372590
6.12175264 51.74439155
6.12475056 51.74503825
6.12774848 51.74566700
6.13074640 51.74627505
6.13374432 51.74685920
6.13674224 51.74741565
6.13974016 51.74793905
6.14273808 51.74842130
6.14573600 51.74884630
6.14873392 51.74921645
6.15173184 51.74958690
6.15472976 51.74998735
6.15772768 51.75039970
6.16072560 51.75081435
6.16372352 51.75122645
6.16672144 51.75163235
6.16971936 51.75202930
6.17271728 51.75241495
6.17571520 51.75278730
6.17871312 51.75314525
6.18171104 51.75348710
6.18470896 51.75381135
6.18770688 51.75411715
6.19070480 51.75440360
6.19370272 51.75467175
6.19670064 51.75493960
6.19969856 51.75524115
6.20269648 51.75558070
6.20569440 51.75593675
6.20869232 51.75630130
6.21169024 51.75667460
6.21468816 51.75705610
6.21768608 51.75744515
6.22068400 51.75784160
6.22368192 51.75824530
6.22667984 51.75865660
6.22967776 51.75907510
6.23267568 51.75949910
6.23567360 51.75992790
6.23867152 51.76036375
6.24166944 51.76080700
6.24466736 51.76125575
6.24766528 51.76170930
6.25066320 51.76216720
6.25366112 51.76262950
6.25665904 51.76309580
6.25965696 51.76356570
6.26265488 51.76403865
6.26565280 51.76451400
6.26865072 51.76499095
6.27164864 51.76546945
6.27464656 51.76595030
6.27764448 51.76643395
6.28064240 51.76691995
6.28364032 51.76740760
6.28663824 51.76789665
6.28963616 51.76838695
6.29263408 51.76887835
6.29563200 51.76937065
6.29862992 51.76986380
6.30162784 51.77035760
6.30462576 51.77085200
6.30762368 51.77134685
6.31062160 51.77184200
6.31361952 51.77233755
6.31661744 51.77283345
6.31961536 51.77332965
6.32261328 51.77382580
6.32561120 51.77432245
6.32860912 51.77482045
6.33160704 51.77531990
6.33460496 51.77582050
6.33760288 51.77632225
6.34060080 51.77682545
6.34359872 51.77733025
6.34659664 51.77783665
6.34959456 51.77834480
6.35259248 51.77885475
6.35559040 51.77936645
6.35858832 51.77988000
6.36158624 51.78039565
6.36458416 51.78091370
6.36758208 51.78143395
6.37058000 51.78195625
6.37357792 51.78248100
6.37657584 51.78300815
6.37957376 51.78353765
6.38257168 51.78406960
6.38556960 51.78460395
6.38856752 51.78514095
6.39156544 51.78568055
6.39456336 51.78622265
6.39756128 51.78676740
6.40055920 51.78731455
6.40355712 51.78786400
6.40655504 51.78841590
6.40955296 51.78897065
6.41255088 51.78952815
6.41554880 51.79008780
6.41854672 51.79064980
6.42154464 51.79121395
6.42454256 51.79178015
6.42754048 51.79234825
6.43053840 51.79291795
6.43353632 51.79348905
6.43653424 51.79406135
6.43953216 51.79463465
6.44253008 51.79520825
6.44552800 51.79578200
6.44852592 51.79635565
6.45152384 51.79692830
6.45452176 51.79749860
6.45751968 51.79806550
6.46051760 51.79862700
6.46351552 51.79918030
6.46651344 51.79971930
6.46951136 51.80023150
6.47250928 51.80072640
6.47550720 51.80124835
6.47850512 51.80181795
6.48150304 51.80241845
6.48450096 51.80303965
6.48749888 51.80367655
6.49049680 51.80432540
6.49349472 51.80498370
6.49649264 51.80564930
6.49949056 51.80632135
6.50248848 51.80699770
6.50548640 51.80767765
6.50848432 51.80835910
6.51148224 51.80904115
6.51448016 51.80972315
6.51747808 51.81040395
6.52047600 51.81108350
6.52347392 51.81176040
6.52647184 51.81243440
6.52946976 51.81311105
6.53246768 51.81380820
6.53546560 51.81454575
6.53846352 51.81531805
6.54146144 51.81610640
6.54445936 51.81690325
6.54745728 51.81770660
6.55045520 51.81851655
6.55345312 51.81933325
6.55645104 51.82015585
6.55944896 51.82098440
6.56244688 51.82181780
6.56544480 51.82265600
6.56844272 51.82349970
6.57144064 51.82434750
6.57443856 51.82519935
6.57743648 51.82605565
6.58043440 51.82691525
6.58343232 51.82777810
6.58643024 51.82864435
6.58942816 51.82951310
6.59242608 51.83038455
6.59542400 51.83125860
6.59842192 51.83213435
6.60141984 51.83301200
6.60441776 51.83389150
6.60741568 51.83477225
6.61041360 51.83565425
6.61341152 51.83653720
6.61640944 51.83742080
6.61940736 51.83830525
6.62240528 51.83918970
6.62540320 51.84007360
6.62840112 51.84095775
6.63139904 51.84184215
6.63439696 51.84272595
6.63739488 51.84360895
6.64039280 51.84449190
6.64339072 51.84537635
6.64638864 51.84626410
6.64938656 51.84715500
6.65238448 51.84804765
6.65538240 51.84894180
6.65838032 51.84983720
6.66137824 51.85073305
6.66437616 51.85162945
6.66737408 51.85252645
6.67037200 51.85342325
6.67336992 51.85432000
6.67636784 51.85521695
6.67936576 51.85611330
6.68236368 51.85700915
6.68536160 51.85790485
6.68835952 51.85879945
6.69135744 51.85969310
6.69435536 51.86058640
6.69735328 51.86147870
6.70035120 51.86236990
6.70334912 51.86326040
6.70634704 51.86414995
6.70934496 51.86503810
6.71234288 51.86592505
6.71534080 51.86681090
6.71833872 51.86769505
6.72133664 51.86857760
6.72433456 51.86945885
6.72733248 51.87033805
6.73033040 51.87121530
6.73332832 51.87209115
6.73632624 51.87296505
6.73932416 51.87383675
6.74232208 51.87470660
6.74532000 51.87557450
6.74831792 51.87643995
6.75131584 51.87730315
6.75431376 51.87816435
6.75731168 51.87902295
6.76030960 51.87987910
6.76330752 51.88073330
6.76630544 51.88158520
6.76930336 51.88243455
6.77230128 51.88328160
6.77529920 51.88412630
6.77829712 51.88496825
6.78129504 51.88580765
6.78429296 51.88664470
6.78729088 51.88747880
6.79028880 51.88831005
6.79328672 51.88913885
6.79628464 51.88996485
6.79928256 51.89078780
6.80228048 51.89160790
6.80527840 51.89242525
6.80827632 51.89323935
6.81127424 51.89405035
6.81427216 51.89485870
6.81727008 51.89566415
6.82026800 51.89646665
6.82326592 51.89726640
6.82626384 51.89806330
6.82926176 51.89885705
6.83225968 51.89964775
6.83525760 51.90043555
6.83825552 51.90122015
6.84125344 51.90200160
6.84425136 51.90278015
6.84724928 51.90355560
6.85024720 51.90432760
6.85324512 51.90509625
6.85624304 51.90586170
6.85924096 51.90662370
6.86223888 51.90738245
6.86523680 51.90813820
6.86823472 51.90889075
6.87123264 51.90963995
6.87423056 51.91038585
6.87722848 51.91112845
6.88022640 51.91186755
6.88322432 51.91260325
6.88622224 51.91333565
6.88922016 51.91406455
6.89221808 51.91478980
6.89521600 51.91551135
6.89821392 51.91622920
6.90121184 51.91694340
6.90420976 51.91765420
6.90720768 51.91836180
6.91020560 51.91906605
6.91320352 51.91976680
6.91620144 51.92046405
6.91919936 51.92115775
6.92219728 51.92184780
6.92519520 51.92253420
6.92819312 51.92321700
6.93119104 51.92389630
6.93418896 51.92457230
6.93718688 51.92524505
6.94018480 51.92591440
6.94318272 51.92658015
6.94618064 51.92724215
6.94917856 51.92790030
6.95217648 51.92855450
6.95517440 51.92920460
6.95817232 51.92985055
6.96117024 51.93049235
6.96416816 51.93112985
6.96716608 51.93176295
6.97016400 51.93239170
6.97316192 51.93301610
6.97615984 51.93363600
6.97915776 51.93425135
6.98215568 51.93486220
6.98515360 51.93546845
6.98815152 51.93607005
6.99114944 51.93666715
6.99414736 51.93725965
6.99714528 51.93784740
7.00014320 51.93843060
7.00314112 51.93900915
7.00613904 51.93958285
7.00913696 51.94015190
7.01213488 51.94071620
7.01513280 51.94127550
7.01813072 51.94183000
7.02112864 51.94237970
7.02412656 51.94292440
7.02712448 51.94346420
7.03012240 51.94399910
7.03312032 51.94452890
7.03611824 51.94505365
7.03911616 51.94557345
7.04211408 51.94608810
7.04511200 51.94659760
7.04810992 51.94710205
7.05110784 51.94760125
7.05410576 51.94809520
7.05710368 51.94858395
7.06010160 51.94906730
7.06309952 51.94954540
7.06609744 51.95001820
7.06909536 51.95048535
7.07209328 51.95094720
7.07509120 51.95140360
7.07808912 51.95185415
7.08108704 51.95229930
7.08408496 51.95273885
7.08708288 51.95317250
7.09008080 51.95360060
7.09307872 51.95402290
7.09607664 51.95443930
7.09907456 51.95484990
7.10207248 51.95525440
7.10507040 51.95565310
7.10806832 51.95604580
7.11106624 51.95643210
7.11406416 51.95681235
7.11706208 51.95718635
7.12006000 51.95755425
7.12305792 51.95791590
7.12605584 51.95827090
7.12905376 51.95861955
7.13205168 51.95896165
7.13504960 51.95929735
7.13804752 51.95962645
7.14104544 51.95994895
7.14404336 51.96026470
7.14704128 51.96057330
7.15003920 51.96087505
7.15303712 51.96116980
7.15603504 51.96145760
7.15903296 51.96173825
7.16203088 51.96201175
7.16502880 51.96227795
7.16802672 51.96253675
7.17102464 51.96278810
7.17402256 51.96303195
7.17702048 51.96326825
7.18001840 51.96349685
7.18301632 51.96371770
7.18601424 51.96393060
7.18901216 51.96413595
7.19201008 51.96433315
7.19500800 51.96452200
7.19800592 51.96470260
7.20100384 51.96487465
7.20400176 51.96503850
7.20699968 51.96519365
7.20999760 51.96533980
7.21299552 51.96547735
7.21599344 51.96560605
7.21899136 51.96572540
7.22198928 51.96583535
7.22498720 51.96593600
7.22798512 51.96602730
7.23098304 51.96610905
7.23398096 51.96618095
7.23697888 51.96624275
7.23997680 51.96629430
7.24297472 51.96633575
7.24597264 51.96636670
7.24897056 51.96638675
7.25196848 51.96639600
7.25496640 51.96639790
7.25796432 51.96639790
7.26096224 51.96639790
7.26396016 51.96639790
7.26695808 51.96639790
7.26995600 51.96639790
7.27295392 51.96639790
7.27595184 51.96639790
7.27894976 51.96639790
7.28194768 51.96639790
7.28494560 51.96639790
7.28794352 51.96639790
7.29094144 51.96639790
7.29393936 51.96639790
7.29693728 51.96639790
7.29993520 51.96639790
7.30293312 51.96639790
7.30593104 51.96639790
7.30892896 51.96639790
7.31192688 51.96639790
7.31492480 51.96639790
7.31792272 51.96639790
7.32092064 51.96639790
7.32391856 51.96639790
7.32691648 51.96639790
7.32991440 51.96639790
7.33291232 51.96639790
7.33591024 51.96639790
7.33890816 51.96639790
7.34190608 51.96639790
7.34490400 51.96639790
7.34790192 51.96639790
7.35089984 51.96639790
7.35389776 51.96639790
7.35689568 51.96639790
7.35989360 51.96639790
7.36289152 51.96639790
7.36588944 51.96639790
7.36888736 51.96639790
7.37188528 51.96639790
7.37488320 51.96639790
7.37788112 51.96639790
7.38087904 51.96639790
7.38387696 51.96639790
7.38687488 51.96639790
7.38987280 51.96639790
7.39287072 51.96639790
7.39586864 51.96639790
7.39886656 51.96639790
7.40186448 51.96639790
7.40486240 51.96639790
7.40786032 51.96639790
7.41085824 51.96639790
7.41385616 51.96639790
7.41685408 51.96639790
7.41985200 51.96639790
7.42284992 51.96639790
7.42584784 51.96639790
7.42884576 51.96639790
7.43184368 51.96639790
7.43484160 51.96639790
7.43783952 51.96639790
7.44083744 51.96639790
7.44383536 51.96639790
7.44683328 51.96639790
7.44983120 51.96639790
7.45282912 51.96639790
7.45582704 51.96639790
7.45882496 51.96639790
7.46182288 51.96639790
7.46482080 51.96639790
7.46781872 51.96639790
7.47081664 51.96639790
7.47381456 51.96639790
7.47681248 51.96639790
7.47981040 51.96639790
7.48280832 51.96639790
7.48580624 51.96639790
7.48880416 51.96639790
7.49180208 51.96639790
7.49480000 51.96639790
7.49779792 51.96639790
7.50079584 51.96639790
7.50379376 51.96639790
7.50679168 51.96639790
7.50978960 51.96639790
7.51278752 51.96639790
7.51578544 51.96639790
7.51878336 51.96639790
7.52178128 51.96639790
7.52477920 51.96639790
7.52777712 51.96639790
7.53077504 51.96639790
7.53377296 51.96639790
7.53677088 51.96639790
7.53976880 51.96639790
7.54276672 51.96639790
7.54576464 51.96639790
7.54876256 51.96639790
7.55176048 51.96639790
7.55475840 51.96639790
7.55775632 51.96639790
7.56075424 51.96639790
7.56375216 51.96639790
7.56675008 51.96639790
7.56974800 51.96639790
7.57274592 51.96639790
7.57574384 51.96639790
7.57874176 51.96639790
7.58173968 51.96639790
7.58473760 51.96639790
7.58773552 51.96639790
7.59073344 51.96639790
7.59373136 51.96639790
7.59672928 51.96639790
7.59972720 51.96639790
7.60272512 51.96639790
7.60572304 51.96639790
7.60872096 51.96639790
7.61171888 51.96639790
7.61471680 51.96639790
7.61771472 51.96639790
7.62071264 51.96639790
7.62371056 51.96639790
7.62670848 51.96639790
7.62970640 51.96639790
7.63270432 51.96639790
7.63570224 51.96639790
7.63870016 51.96639790
7.64169808 51.96639790
7.64469600 51.96639790
7.64769392 51.96639790
7.65069184 51.96639790
7.65368976 51.96639790
7.65668768 51.96639790
7.65968560 51.96639790
7.66268352 51.96639790
7.66568144 51.96639790
7.66867936 51.96639790
7.67167728 51.96639790
7.67467520 51.96639790
7.67767312 51.96639790
7.68067104 51.96639790
7.68366896 51.96639790
7.68666688 51.96639790
7.68966480 51.96639790
7.69266272 51.96639790
7.69566064 51.96639790
7.69865856 51.96639790
7.70165648 51.96639790
7.70465440 51.96639790
7.70765232 51.96639790
7.71065024 51.96639790
7.71364816 51.96639790
7.71664608 51.96639790
7.71964400 51.96639790
7.72264192 51.96639790
7.72563984 51.96639790
7.72863776 51.96639790
7.73163568 51.96639790
7.73463360 51.96639790
7.73763152 51.96639790
7.74062944 51.96639790
7.74362736 51.96639790
7.74662528 51.96639790
7.74962320 51.96639790
7.75262112 51.96639790
7.75561904 51.96639790
7.75861696 51.96639790
7.76161488 51.96639790
7.76461280 51.96639790
7.76761072 51.96639790
7.77060864 51.96639790
7.77360656 51.96639790
7.77660448 51.96639790
7.77960240 51.96639790
7.78260032 51.96639790
7.78559824 51.96639790
7.78859616 51.96639790
7.79159408 51.96639790
7.79459200 51.96639790
7.79758992 51.96639790
7.80058784 51.96639790
7.80358576 51.96639790
7.80658368 51.96639790
7.80958160 51.96639790
7.81257952 51.96639790
7.81557744 51.96639790
7.81857536 51.96639790
7.82157328 51.96639790
7.82457120 51.96639790
7.82756912 51.96639790
7.83056704 51.96639790
7.83356496 51.96639790
7.83656288 51.96639790
7.83956080 51.96639790
7.84255872 51.96639790
7.84555664 51.96639790
7.84855456 51.96639790
7.85155248 51.96639790
7.85455040 51.96639790
7.85754832 51.96639790
7.86054624 51.96639790
7.86354416 51.96639790
7.86654208 51.96639790
7.86954000 51.96639790
7.87253792 51.96639790
7.87553584 51.96639790
7.87853376 51.96639790
7.88153168 51.96639790
7.88452960 51.96639790
7.88752752 51.96639790
7.89052544 51.96639790
7.89352336 51.96639790
7.89652128 51.96639790
7.89951920 51.96639790
7.90251712 51.96639790
7.90551504 51.96639790
7.90851296 51.96639790
7.91151088 51.96639790
7.91450880 51.96639790
7.91750672 51.96639790
7.92050464 51.96639790
7.92350256 51.96639790
7.92650048 51.96639790
7.92949840 51.96639790
7.93249632 51.96639790
7.93549424 51.96639790
7.93849216 51.96639790
7.94149008 51.96639790
7.94448800 51.96639790
7.94748592 51.96639790
7.95048384 51.96639790
7.95348176 51.96639790
7.95647968 51.96639790
7.95947760 51.96639790
7.96247552 51.96639790
7.96547344 51.96639790
7.96847136 51.96639790
7.97146928 51.96639790
7.97446720 51.96639790
7.97746512 51.96639790
7.98046304 51.96639790
7.98346096 51.96639790
7.98645888 51.96639790
7.98945680 51.96639790
7.99245472 51.96639790
7.99545264 51.96639790
7.99845056 51.96639790
8.00144848 51.96639790
8.00444640 51.96639790
8.00744432 51.96639790
8.01044224 51.96639790
8.01344016 51.96639790
8.01643808 51.96639790
8.01943600 51.96639790
8.02243392 51.96639790
8.02543184 51.96639790
8.02842976 51.96639790
8.03142768 51.96639790
8.03442560 51.96639790
8.03742352 51.96639790
8.04042144 51.96639790
8.04341936 51.96639790
8.04641728 51.96639790
8.04941520 51.96639790
8.05241312 51.96639790
8.05541104 51.96639790
8.05840896 51.96639790
8.06140688 51.96639790
8.06440480 51.96639790
8.06740272 51.96639790
8.07040064 51.96639790
8.07339856 51.96639790
8.07639648 51.96639790
8.07939440 51.96639790
8.08239232 51.96639790
8.08539024 51.96639790
8.08838816 51.96639790
8.09138608 51.96639790
8.09438400 51.96639790
8.09738192 51.96639790
8.10037984 51.96639790
8.10337776 51.96639790
8.10637568 51.96639790
8.10937360 51.96639790
8.11237152 51.96639790
8.11536944 51.96639790
8.11836736 51.96639790
8.12136528 51.96639790
8.12436320 51.96639790
8.12736112 51.96639790
8.13035904 51.96639790
8.13335696 51.96639790
8.13635488 51.96639790
8.13935280 51.96639790
8.14235072 51.96639790
8.14534864 51.96639790
8.14834656 51.96639790
8.15134448 51.96639790
8.15434240 51.96639790
8.15734032 51.96639790
8.16033824 51.96639790
8.16333616 51.96639790
8.16633408 51.96639790
8.16933200 51.96639790
8.17232992 51.96639790
8.17532784 51.96639790
8.17832576 51.96639790
8.18132368 51.96639790
8.18432160 51.96639790
8.18731952 51.96639790
8.19031744 51.96639790
8.19331536 51.96639790
8.19631328 51.96639790
8.19931120 51.96639790
8.20230912 51.96639790
8.20530704 51.96639790
8.20830496 51.96639790
8.21130288 51.96639790
8.21430080 51.96639790
8.21729872 51.96639790
8.22029664 51.96639790
8.22329456 51.96639790
8.22629248 51.96639790
8.22929040 51.96639790
8.23228832 51.96639790
8.23528624 51.96639790
8.23828416 51.96639790
8.24128208 51.96639790
8.24428000 51.96639790
8.24727792 51.96639790
8.25027584 51.96639790
8.25327376 51.96639790
8.25627168 51.96639790
8.25926960 51.96639790
8.26226752 51.96639790
8.26526544 51.96639790
8.26826336 51.96639790
8.27126128 51.96639790
8.27425920 51.96639790
8.27725712 51.96639790
8.28025504 51.96639790
8.28325296 51.96639790
8.28625088 51.96639790
8.28924880 51.96639790
8.29224672 51.96639790
8.29524464 51.96639790
8.29824256 51.96639790
8.30124048 51.96639790
8.30423840 51.96639790
8.30723632 51.96639790
8.31023424 51.96639790
8.31323216 51.96639790
8.31623008 51.96639790
8.31922800 51.96639790
8.32222592 51.96639790
8.32522384 51.96639790
8.32822176 51.96639790
8.33121968 51.96639790
8.33421760 51.96639790
8.33721552 51.96639790
8.34021344 51.96639790
8.34321136 51.96639790
8.34620928 51.96639790
8.34920720 51.96639790
8.35220512 51.96639790
8.35520304 51.96639790
8.35820096 51.96639790
8.36119888 51.96639790
8.36419680 51.96639790
8.36719472 51.96639790
8.37019264 51.96639790
8.37319056 51.96639790
8.37618848 51.96639790
8.37918640 51.96639790
8.38218432 51.96639790
8.38518224 51.96639790
8.38818016 51.96639790
8.39117808 51.96639790
8.39417600 51.96639790
8.39717392 51.96639790
8.40017184 51.96639790
8.40316976 51.96639790
8.40616768 51.96639790
8.40916560 51.96639790
8.41216352 51.96639790
8.41516144 51.96639790
8.41815936 51.96639790
8.42115728 51.96639790
8.42415520 51.96639790
8.42715312 51.96639920
8.43015104 51.96640585
8.43314896 51.96642045
8.43614688 51.96644270
8.43914480 51.96647235
8.44214272 51.96650915
8.44514064 51.96655285
8.44813856 51.96660310
8.45113648 51.96665965
8.45413440 51.96672225
8.45713232 51.96679055
8.46013024 51.96686425
8.46312816 51.96694295
8.46612608 51.96702635
8.46912400 51.96711410
8.47212192 51.96720585
8.47511984 51.96730115
8.47811776 51.96739955
8.48111568 51.96750070
8.48411360 51.96760415
8.48711152 51.96770950
8.49010944 51.96781620
8.49310736 51.96792375
8.49610528 51.96803165
8.49910320 51.96813910
8.50210112 51.96824530
8.50509904 51.96834950
8.50809696 51.96845090
8.51109488 51.96854830
8.51409280 51.96864000
8.51709072 51.96871495
8.52008864 51.96876505
8.52308656 51.96881375
8.52608448 51.96888015
8.52908240 51.96895945
8.53208032 51.96904795
8.53507824 51.96914345
8.53807616 51.96924435
8.54107408 51.96934960
8.54407200 51.96945835
8.54706992 51.96956990
8.55006784 51.96968365
8.55306576 51.96979905
8.55606368 51.96991580
8.55906160 51.97003355
8.56205952 51.97015195
8.56505744 51.97027085
8.56805536 51.97039005
8.57105328 51.97050940
8.57405120 51.97062850
8.57704912 51.97074690
8.58004704 51.97086475
8.58304496 51.97098220
8.58604288 51.97109910
8.58904080 51.97121540
8.59203872 51.97133140
8.59503664 51.97144725
8.59803456 51.97156210
8.60103248 51.97167515
8.60403040 51.97178630
8.60702832 51.97189545
8.61002624 51.97200245
8.61302416 51.97210720
8.61602208 51.97220955
8.61902000 51.97230935
8.62201792 51.97240645
8.62501584 51.97250080
8.62801376 51.97259225
8.63101168 51.97268050
8.63400960 51.97276140
8.63700752 51.97281780
8.64000544 51.97285740
8.64300336 51.97289935
8.64600128 51.97294090
8.64899920 51.97298015
8.65199712 51.97301510
8.65499504 51.97304725
8.65799296 51.97308370
8.66099088 51.97312510
8.66398880 51.97316590
8.66698672 51.97320305
8.66998464 51.97323420
8.67298256 51.97325735
8.67598048 51.97327060
8.67897840 51.97327450
8.68197632 51.97327450
8.68497424 51.97327450
8.68797216 51.97327450
8.69097008 51.97327450
8.69396800 51.97327450
8.69696592 51.97327450
8.69996384 51.97327450
8.70296176 51.97327450
8.70595968 51.97327450
8.70895760 51.97327450
8.71195552 51.97327450
8.71495344 51.97327450
8.71795136 51.97327450
8.72094928 51.97327450
8.72394720 51.97327450
8.72694512 51.97327450
8.72994304 51.97327450
8.73294096 51.97327450
8.73593888 51.97327450
8.73893680 51.97327450
8.74193472 51.97327450
8.74493264 51.97327450
8.74793056 51.97327450
8.75092848 51.97327450
8.75392640 51.97327450
8.75692432 51.97327450
8.75992224 51.97327450
8.76292016 51.97327450
8.76591808 51.97327450
8.76891600 51.97327450
8.77191392 51.97327450
8.77491184 51.97327450
8.77790976 51.97327450
8.78090768 51.97327450
8.78390560 51.97327450
8.78690352 51.97327450
8.78990144 51.97327450
8.79289936 51.97327450
8.79589728 51.97327450
8.79889520 51.97327450
8.80189312 51.97327450
8.80489104 51.97327450
8.80788896 51.97327450
8.81088688 51.97327450
8.81388480 51.97327450
8.81688272 51.97327450
8.81988064 51.97327450
8.82287856 51.97327450
8.82587648 51.97327450
8.82887440 51.97327450
8.83187232 51.97327450
8.83487024 51.97327450
8.83786816 51.97327450
8.84086608 51.97327450
8.84386400 51.97327450
8.84686192 51.97337640
8.84985984 51.97356555
8.85285776 51.97373325
8.85585568 51.97388865
8.85885360 51.97403500
8.86185152 51.97417465
8.86484944 51.97430825
8.86784736 51.97443655
8.87084528 51.97456030
8.87384320 51.97467990
8.87684112 51.97479560
8.87983904 51.97490755
8.88283696 51.97501605
8.88583488 51.97512160
8.88883280 51.97522430
8.89183072 51.97532405
8.89482864 51.97542135
8.89782656 51.97551640
8.90082448 51.97560905
8.90382240 51.97570010
8.90682032 51.97579130
8.90981824 51.97588425
8.91281616 51.97597950
8.91581408 51.97607730
8.91881200 51.97617800
8.92180992 51.97628175
8.92480784 51.97638850
8.92780576 51.97649860
8.93080368 51.97661270
8.93380160 51.97673100
8.93679952 51.97685360
8.93979744 51.97698045
8.94279536 51.97711130
8.94579328 51.97724565
8.94879120 51.97738305
8.95178912 51.97752290
8.95478704 51.97766435
8.95778496 51.97780635
8.96078288 51.97794645
8.96378080 51.97808140
8.96677872 51.97820655
8.96977664 51.97832570
8.97277456 51.97845725
8.97577248 51.97860985
8.97877040 51.97877845
8.98176832 51.97896020
8.98476624 51.97915340
8.98776416 51.97935655
8.99076208 51.97956885
8.99376000 51.97978930
8.99675792 51.98001740
8.99975584 51.98025250
9.00275376 51.98049390
9.00575168 51.98074100
9.00874960 51.98099350
9.01174752 51.98125060
9.01474544 51.98151120
9.01774336 51.98177100
9.02074128 51.98203455
9.02373920 51.98230410
9.02673712 51.98257875
9.02973504 51.98285830
9.03273296 51.98314020
9.03573088 51.98342215
9.03872880 51.98369835
9.04172672 51.98397910
9.04472464 51.98426045
9.04772256 51.98454025
9.05072048 51.98481245
9.05371840 51.98507785
9.05671632 51.98531725
9.05971424 51.98554870
9.06271216 51.98581895
9.06571008 51.98610610
9.06870800 51.98640125
9.07170592 51.98670635
9.07470384 51.98701975
9.07770176 51.98734060
9.08069968 51.98766765
9.08369760 51.98800155
9.08669552 51.98834345
9.08969344 51.98869220
9.09269136 51.98904660
9.09568928 51.98940590
9.09868720 51.98976985
9.10168512 51.99013875
9.10468304 51.99051165
9.10768096 51.99088840
9.11067888 51.99126925
9.11367680 51.99165340
9.11667472 51.99204075
9.11967264 51.99243150
9.12267056 51.99282495
9.12566848 51.99322100
9.12866640 51.99361985
9.13166432 51.99402070
9.13466224 51.99442390
9.13766016 51.99483010
9.14065808 51.99523860
9.14365600 51.99564940
9.14665392 51.99606275
9.14965184 51.99647785
9.15264976 51.99689460
9.15564768 51.99731335
9.15864560 51.99773365
9.16164352 51.99815515
9.16464144 51.99857805
9.16763936 51.99900230
9.17063728 51.99942740
9.17363520 51.99985360
9.17663312 52.00028150
9.17963104 52.00071125
9.18262896 52.00114475
9.18562688 52.00158360
9.18862480 52.00202710
9.19162272 52.00247455
9.19462064 52.00292600
9.19761856 52.00338160
9.20061648 52.00384075
9.20361440 52.00430360
9.20661232 52.00477070
9.20961024 52.00524175
9.21260816 52.00571620
9.21560608 52.00619405
9.21860400 52.00667545
9.22160192 52.00715985
9.22459984 52.00764685
9.22759776 52.00813655
9.23059568 52.00862900
9.23359360 52.00912380
9.23659152 52.00962110
9.23958944 52.01012125
9.24258736 52.01062380
9.24558528 52.01112810
9.24858320 52.01163425
9.25158112 52.01214255
9.25457904 52.01265280
9.25757696 52.01316480
9.26057488 52.01367870
9.26357280 52.01419475
9.26657072 52.01471290
9.26956864 52.01523320
9.27256656 52.01575620
9.27556448 52.01628230
9.27856240 52.01681140
9.28156032 52.01734385
9.28455824 52.01788025
9.28755616 52.01842090
9.29055408 52.01896555
9.29355200 52.01951365
9.29654992 52.02006520
9.29954784 52.02062025
9.30254576 52.02117840
9.30554368 52.02173935
9.30854160 52.02230315
9.31153952 52.02286990
9.31453744 52.02343930
9.31753536 52.02401100
9.32053328 52.02458525
9.32353120 52.02516230
9.32652912 52.02574185
9.32952704 52.02632350
9.33252496 52.02690740
9.33552288 52.02749385
9.33852080 52.02808270
9.34151872 52.02867355
9.34451664 52.02926645
9.34751456 52.02986175
9.35051248 52.03045930
9.35351040 52.03105870
9.35650832 52.03165990
9.35950624 52.03226320
9.36250416 52.03286860
9.36550208 52.03347585
9.36850000 52.03408470
9.37149792 52.03469535
9.37449584 52.03530800
9.37749376 52.03592250
9.38049168 52.03653855
9.38348960 52.03715630
9.38648752 52.03777620
9.38948544 52.03839840
9.39248336 52.03902285
9.39548128 52.03964965
9.39847920 52.04027920
9.40147712 52.04091150
9.40447504 52.04154620
9.40747296 52.04218285
9.41047088 52.04282145
9.41346880 52.04346215
9.41646672 52.04410480
9.41946464 52.04474905
9.42246256 52.04539480
9.42546048 52.04604235
9.42845840 52.04669165
9.43145632 52.04734250
9.43445424 52.04799465
9.43745216 52.04864820
9.44045008 52.04930340
9.44344800 52.04996010
9.44644592 52.05061800
9.44944384 52.05127705
9.45244176 52.05193750
9.45543968 52.05259935
9.45843760 52.05326235
9.46143552 52.05392620
9.46443344 52.05459105
9.46743136 52.05525715
9.47042928 52.05592440
9.47342720 52.05659265
9.47642512 52.05726170
9.47942304 52.05793165
9.48242096 52.05860265
9.48541888 52.05927455
9.48841680 52.05994695
9.49141472 52.06061990
9.49441264 52.06129370
9.49741056 52.06196825
9.50040848 52.06264345
9.50340640 52.06331900
9.50640432 52.06399500
9.50940224 52.06467170
9.51240016 52.06534895
9.51539808 52.06602665
9.51839600 52.06670465
9.52139392 52.06738300
9.52439184 52.06806185
9.52738976 52.06874115
9.53038768 52.06942070
9.53338560 52.07010040
9.53638352 52.07078035
9.53938144 52.07146060
9.54237936 52.07214105
9.54537728 52.07282145
9.54837520 52.07350195
9.55137312 52.07418280
9.55437104 52.07486395
9.55736896 52.07554530
9.56036688 52.07622655
9.56336480 52.07690770
9.56636272 52.07758895
9.56936064 52.07827025
9.57235856 52.07895155
9.57535648 52.07963275
9.57835440 52.08031405
9.58135232 52.08099565
9.58435024 52.08167745
9.58734816 52.08235935
9.59034608 52.08304120
9.59334400 52.08372310
9.59634192 52.08440520
9.59933984 52.08508750
9.60233776 52.08576995
9.60533568 52.08645260
9.60833360 52.08713560
9.61133152 52.08781895
9.61432944 52.08850245
9.61732736 52.08918575
9.62032528 52.08986855
9.62332320 52.09055075
9.62632112 52.09123225
9.62931904 52.09191295
9.63231696 52.09259265
9.63531488 52.09327135
9.63831280 52.09394925
9.64131072 52.09462630
9.64430864 52.09530240
9.64730656 52.09597735
9.65030448 52.09665120
9.65330240 52.09732410
9.65630032 52.09799595
9.65929824 52.09866665
9.66229616 52.09933595
9.66529408 52.10000380
9.66829200 52.10067025
9.67128992 52.10133510
9.67428784 52.10199825
9.67728576 52.10265955
9.68028368 52.10331905
9.68328160 52.10397685
9.68627952 52.10463285
9.68927744 52.10528700
9.69227536 52.10593915
9.69527328 52.10658940
9.69827120 52.10723785
9.70126912 52.10788440
9.70426704 52.10852900
9.70726496 52.10917155
9.71026288 52.10981205
9.71326080 52.11045055
9.71625872 52.11108700
9.71925664 52.11172130
9.72225456 52.11235325
9.72525248 52.11298280
9.72825040 52.11361000
9.73124832 52.11423485
9.73424624 52.11485745
9.73724416 52.11547800
9.74024208 52.11609685
9.74324000 52.11671430
9.74623792 52.11733045
9.74923584 52.11794525
9.75223376 52.11855855
9.75523168 52.11917025
9.75822960 52.11978030
9.76122752 52.12038860
9.76422544 52.12099505
9.76722336 52.12159955
9.77022128 52.12220210
9.77321920 52.12280270
9.77621712 52.12340130
9.77921504 52.12399780
9.78221296 52.12459210
9.78521088 52.12518425
9.78820880 52.12577420
9.79120672 52.12636190
9.79420464 52.12694730
9.79720256 52.12753025
9.80020048 52.12811080
9.80319840 52.12868895
9.80619632 52.12926465
9.80919424 52.12983785
9.81219216 52.13040815
9.81519008 52.13097520
9.81818800 52.13153875
9.82118592 52.13209825
9.82418384 52.13265270
9.82718176 52.13320135
9.83017968 52.13374380
9.83317760 52.13427960
9.83617552 52.13480855
9.83917344 52.13533070
9.84217136 52.13584635
9.84516928 52.13635555
9.84816720 52.13685800
9.85116512 52.13735360
9.85416304 52.13784240
9.85716096 52.13832435
9.86015888 52.13879955
9.86315680 52.13926835
9.86615472 52.13973105
9.86915264 52.14018790
9.87215056 52.14063930
9.87514848 52.14108575
9.87814640 52.14152785
9.88114432 52.14196630
9.88414224 52.14240170
9.88714016 52.14283480
9.89013808 52.14326640
9.89313600 52.14369695
9.89613392 52.14412655
9.89913184 52.14455515
9.90212976 52.14498260
9.90512768 52.14540870
9.90812560 52.14583340
9.91112352 52.14625665
9.91412144 52.14667850
9.91711936 52.14709900
9.92011728 52.14751795
9.92311520 52.14793505
9.92611312 52.14835025
9.92911104 52.14876380
9.93210896 52.14917595
9.93510688 52.14958695
9.93810480 52.14999705
9.94110272 52.15040635
9.94410064 52.15081470
9.94709856 52.15122200
9.95009648 52.15162830
9.95309440 52.15203365
9.95609232 52.15243830
9.95909024 52.15284255
9.96208816 52.15324655
9.96508608 52.15365030
9.96808400 52.15405375
9.97108192 52.15445670
9.97407984 52.15485895
9.97707776 52.15526055
9.98007568 52.15566170
9.98307360 52.15606275
9.98607152 52.15646415
9.98906944 52.15686625
9.99206736 52.15726915
9.99506528 52.15767275
9.99806320 52.15807690
10.00106112 52.15848155
10.00405904 52.15888660
10.00705696 52.15929195
10.01005488 52.15969760
10.01305280 52.16010350
10.01605072 52.16050950
10.01904864 52.16091540
10.02204656 52.16132110
10.02504448 52.16172675
10.02804240 52.16213300
10.03104032 52.16254095
10.03403824 52.16295175
10.03703616 52.16336655
10.04003408 52.16378630
10.04303200 52.16421110
10.04602992 52.16464030
10.04902784 52.16507290
10.05202576 52.16550780
10.05502368 52.16594415
10.05802160 52.16638145
10.06101952 52.16681960
10.06401744 52.16725870
10.06701536 52.16769880
10.07001328 52.16813980
10.07301120 52.16858135
10.07600912 52.16902315
10.07900704 52.16946510
10.08200496 52.16990770
10.08500288 52.17035225
10.08800080 52.17079955
10.09099872 52.17124945
10.09399664 52.17170140
10.09699456 52.17215405
10.09999248 52.17260575
10.10299040 52.17305570
10.10598832 52.17350375
10.10898624 52.17394990
10.11198416 52.17439420
10.11498208 52.17483665
10.11798000 52.17527725
10.12097792 52.17571595
10.12397584 52.17615270
10.12697376 52.17658740
10.12997168 52.17701990
10.13296960 52.17745030
10.13596752 52.17787875
10.13896544 52.17830535
10.14196336 52.17873010
10.14496128 52.17915300
10.14795920 52.17957405
10.15095712 52.17999320
10.15395504 52.18041035
10.15695296 52.18082535
10.15995088 52.18123810
10.16294880 52.18164865
10.16594672 52.18205705
10.16894464 52.18246325
10.17194256 52.18286735
10.17494048 52.18326950
10.17793840 52.18366980
10.18093632 52.18406825
10.18393424 52.18446480
10.18693216 52.18485945
10.18993008 52.18525210
10.19292800 52.18564240
10.19592592 52.18603010
10.19892384 52.18641530
10.20192176 52.18679830
10.20491968 52.18717925
10.20791760 52.18755825
10.21091552 52.18793540
10.21391344 52.18831060
10.21691136 52.18868355
10.21990928 52.18905390
10.22290720 52.18942160
10.22590512 52.18978680
10.22890304 52.19014950
10.23190096 52.19050955
10.23489888 52.19086675
10.23789680 52.19122090
10.24089472 52.19157180
10.24389264 52.19191915
10.24689056 52.19226285
10.24988848 52.19260315
10.25288640 52.19294035
10.25588432 52.19327455
10.25888224 52.19360570
10.26188016 52.19393360
10.26487808 52.19425805
10.26787600 52.19457885
10.27087392 52.19489600
10.27387184 52.19520990
10.27686976 52.19552090
10.27986768 52.19582895
10.28286560 52.19613385
10.28586352 52.19643545
10.28886144 52.19673365
10.29185936 52.19702845
10.29485728 52.19732000
10.29785520 52.19760850
10.30085312 52.19789390
10.30385104 52.19817600
10.30684896 52.19845475
10.30984688 52.19873040
10.31284480 52.19900330
10.31584272 52.19927350
10.31884064 52.19954075
10.32183856 52.19980485
10.32483648 52.20006580
10.32783440 52.20032375
10.33083232 52.20057885
10.33383024 52.20083115
10.33682816 52.20108045
10.33982608 52.20132660
10.34282400 52.20156985
10.34582192 52.20181045
10.34881984 52.20204825
10.35181776 52.20228300
10.35481568 52.20251475
10.35781360 52.20274370
10.36081152 52.20296985
10.36380944 52.20319300
10.36680736 52.20341325
10.36980528 52.20363070
10.37280320 52.20384525
10.37580112 52.20405690
10.37879904 52.20426570
10.38179696 52.20447165
10.38479488 52.20467470
10.38779280 52.20487490
10.39079072 52.20507225
10.39378864 52.20526675
10.39678656 52.20545845
10.39978448 52.20564740
10.40278240 52.20583355
10.40578032 52.20601680
10.40877824 52.20619730
10.41177616 52.20637520
10.41477408 52.20655065
10.41777200 52.20672415
10.42076992 52.20689630
10.42376784 52.20706745
10.42676576 52.20723765
10.42976368 52.20740680
10.43276160 52.20757455
10.43575952 52.20774065
10.43875744 52.20790530
10.44175536 52.20806845
10.44475328 52.20823000
10.44775120 52.20839020
10.45074912 52.20854905
10.45374704 52.20870640
10.45674496 52.20886225
10.45974288 52.20901670
10.46274080 52.20916970
10.46573872 52.20932110
10.46873664 52.20947070
10.47173456 52.20961815
10.47473248 52.20976345
10.47773040 52.20990675
10.48072832 52.21004795
10.48372624 52.21018705
10.48672416 52.21032405
10.48972208 52.21045890
10.49272000 52.21059180
10.49571792 52.21072265
10.49871584 52.21085125
10.50171376 52.21097775
10.50471168 52.21110210
10.50770960 52.21122420
10.51070752 52.21134420
10.51370544 52.21146210
10.51670336 52.21157790
10.51970128 52.21169165
10.52269920 52.21180315
10.52569712 52.21191245
10.52869504 52.21201950
10.53169296 52.21212375
10.53469088 52.21222440
10.53768880 52.21232115
10.54068672 52.21241515
10.54368464 52.21250785
10.54668256 52.21259985
10.54968048 52.21269095
10.55267840 52.21278070
10.55567632 52.21286885
10.55867424 52.21295515
10.56167216 52.21303955
10.56467008 52.21312190
10.56766800 52.21320210
10.57066592 52.21328005
10.57366384 52.21335560
10.57666176 52.21342880
10.57965968 52.21349960
10.58265760 52.21356790
10.58565552 52.21363370
10.58865344 52.21369690
10.59165136 52.21375745
10.59464928 52.21381530
10.59764720 52.21387050
10.60064512 52.21392310
10.60364304 52.21397320
10.60664096 52.21402100
10.60963888 52.21406645
10.61263680 52.21410955
10.61563472 52.21415010
10.61863264 52.21418800
10.62163056 52.21422330
10.62462848 52.21425590
10.62762640 52.21428570
10.63062432 52.21431270
10.63362224 52.21433690
10.63662016 52.21435825
10.63961808 52.21437675
10.64261600 52.21439235
10.64561392 52.21440495
10.64861184 52.21441460
10.65160976 52.21442125
10.65460768 52.21442490
10.65760560 52.21442600
10.66060352 52.21442600
10.66360144 52.21442600
10.66659936 52.21442600
10.66959728 52.21442600
10.67259520 52.21442600
10.67559312 52.21442600
10.67859104 52.21442600
10.68158896 52.21442600
10.68458688 52.21442600
10.68758480 52.21442600
10.69058272 52.21442600
10.69358064 52.21442600
10.69657856 52.21442600
10.69957648 52.21442600
10.70257440 52.21442600
10.70557232 52.21442600
10.70857024 52.21442600
10.71156816 52.21442600
10.71456608 52.21442600
10.71756400 52.21442600
10.72056192 52.21442600
10.72355984 52.21442600
10.72655776 52.21442600
10.72955568 52.21442600
10.73255360 52.21442600
10.73555152 52.21442600
10.73854944 52.21442600
10.74154736 52.21442600
10.74454528 52.21442600
10.74754320 52.21442600
10.75054112 52.21442600
10.75353904 52.21442600
10.75653696 52.21442600
10.75953488 52.21442600
10.76253280 52.21442600
10.76553072 52.21442600
10.76852864 52.21442600
10.77152656 52.21442600
10.77452448 52.21442600
10.77752240 52.21442600
10.78052032 52.21442600
10.78351824 52.21442600
10.78651616 52.21442600
10.78951408 52.21442600
10.79251200 52.21442600
10.79550992 52.21442600
10.79850784 52.21442600
10.80150576 52.21442600
10.80450368 52.21442600
10.80750160 52.21442600
10.81049952 52.21442600
10.81349744 52.21442600
10.81649536 52.21442600
10.81949328 52.21442600
10.82249120 52.21442600
10.82548912 52.21442600
10.82848704 52.21442600
10.83148496 52.21442600
10.83448288 52.21442600
10.83748080 52.21442600
10.84047872 52.21442600
10.84347664 52.21442600
10.84647456 52.21442600
10.84947248 52.21442600
10.85247040 52.21442600
10.85546832 52.21442600
10.85846624 52.21442600
10.86146416 52.21442600
10.86446208 52.21442600
10.86746000 52.21442600
10.87045792 52.21442600
10.87345584 52.21442600
10.87645376 52.21442600
10.87945168 52.21442600
10.88244960 52.21442600
10.88544752 52.21442600
10.88844544 52.21442600
10.89144336 52.21442600
10.89444128 52.21442600
10.89743920 52.21442600
10.90043712 52.21442600
10.90343504 52.21442600
10.90643296 52.21442600
10.90943088 52.21442600
10.91242880 52.21442600
10.91542672 52.21442600
10.91842464 52.21442600
10.92142256 52.21442600
10.92442048 52.21442600
10.92741840 52.21442600
10.93041632 52.21442600
10.93341424 52.21442600
10.93641216 52.21442600
10.93941008 52.21442600
10.94240800 52.21442600
10.94540592 52.21442600
10.94840384 52.21442600
10.95140176 52.21442600
10.95439968 52.21442600
10.95739760 52.21442600
10.96039552 52.21442600
10.96339344 52.21442600
10.96639136 52.21442600
10.96938928 52.21442600
10.97238720 52.21442600
10.97538512 52.21442600
10.97838304 52.21442600
10.98138096 52.21442600
10.98437888 52.21442600
10.98737680 52.21442600
10.99037472 52.21442600
10.99337264 52.21442600
10.99637056 52.21442600
10.99936848 52.21442600
11.00236640 52.21442600
11.00536432 52.21442600
11.00836224 52.21442600
11.01136016 52.21442600
11.01435808 52.21442600
11.01735600 52.21442600
11.02035392 52.21442600
11.02335184 52.21442600
11.02634976 52.21442600
11.02934768 52.21442600
11.03234560 52.21442600
11.03534352 52.21442600
11.03834144 52.21442600
11.04133936 52.21442600
11.04433728 52.21442600
11.04733520 52.21442600
11.05033312 52.21442600
11.05333104 52.21442600
11.05632896 52.21442600
11.05932688 52.21442600
11.06232480 52.21442600
11.06532272 52.21442600
11.06832064 52.21442600
11.07131856 52.21442600
11.07431648 52.21442600
11.07731440 52.21442600
11.08031232 52.21442600
11.08331024 52.21442600
11.08630816 52.21442600
11.08930608 52.21442600
11.09230400 52.21442600
11.09530192 52.21442600
11.09829984 52.21442600
11.10129776 52.21442600
11.10429568 52.21442600
11.10729360 52.21442600
11.11029152 52.21442600
11.11328944 52.21442600
11.11628736 52.21442600
11.11928528 52.21442600
11.12228320 52.21442600
11.12528112 52.21442600
11.12827904 52.21442600
11.13127696 52.21442600
11.13427488 52.21442600
11.13727280 52.21442600
11.14027072 52.21442600
11.14326864 52.21442600
11.14626656 52.21442600
11.14926448 52.21442600
11.15226240 52.21442600
11.15526032 52.21442600
11.15825824 52.21442600
11.16125616 52.21442600
11.16425408 52.21442600
11.16725200 52.21442600
11.17024992 52.21442600
11.17324784 52.21442600
11.17624576 52.21442600
11.17924368 52.21442600
11.18224160 52.21442600
11.18523952 52.21442600
11.18823744 52.21442600
11.19123536 52.21442600
11.19423328 52.21442600
11.19723120 52.21442600
11.20022912 52.21442600
11.20322704 52.21442600
11.20622496 52.21442600
11.20922288 52.21442600
11.21222080 52.21442600
11.21521872 52.21442600
11.21821664 52.21442600
11.22121456 52.21442600
11.22421248 52.21442600
11.22721040 52.21442600
11.23020832 52.21442600
11.23320624 52.21442600
11.23620416 52.21442600
11.23920208 52.21442600
11.24220000 52.21442600
11.24519792 52.21442600
11.24819584 52.21442600
11.25119376 52.21442600
11.25419168 52.21442600
11.25718960 52.21442600
11.26018752 52.21442600
11.26318544 52.21442600
11.26618336 52.21442600
11.26918128 52.21442600
11.27217920 52.21442600
11.27517712 52.21442600
11.27817504 52.21442600
11.28117296 52.21442600
11.28417088 52.21442600
11.28716880 52.21442600
11.29016672 52.21442600
11.29316464 52.21442600
11.29616256 52.21442600
11.29916048 52.21442600
11.30215840 52.21442600
11.30515632 52.21442600
11.30815424 52.21442600
11.31115216 52.21442600
11.31415008 52.21442600
11.31714800 52.21442600
11.32014592 52.21442600
11.32314384 52.21442600
11.32614176 52.21442600
11.32913968 52.21442600
11.33213760 52.21442600
11.33513552 52.21442600
11.33813344 52.21442600
11.34113136 52.21442600
11.34412928 52.21442600
11.34712720 52.21442600
11.35012512 52.21442600
11.35312304 52.21442600
11.35612096 52.21442600
11.35911888 52.21442600
11.36211680 52.21442600
11.36511472 52.21442600
11.36811264 52.21442600
11.37111056 52.21442600
11.37410848 52.21442600
11.37710640 52.21442600
11.38010432 52.21442600
11.38310224 52.21442600
11.38610016 52.21442600
11.38909808 52.21442600
11.39209600 52.21442600
11.39509392 52.21442600
11.39809184 52.21442600
11.40108976 52.21442600
11.40408768 52.21442600
11.40708560 52.21442600
11.41008352 52.21442600
11.41308144 52.21442600
11.41607936 52.21442600
11.41907728 52.21442600
11.42207520 52.21442600
11.42507312 52.21442600
11.42807104 52.21442600
11.43106896 52.21442600
11.43406688 52.21442600
11.43706480 52.21442600
11.44006272 52.21442600
11.44306064 52.21442600
11.44605856 52.21442600
11.44905648 52.21442600
11.45205440 52.21442600
11.45505232 52.21442600
11.45805024 52.21442600
11.46104816 52.21442600
11.46404608 52.21442600
11.46704400 52.21442600
11.47004192 52.21442600
11.47303984 52.21442600
11.47603776 52.21442600
11.47903568 52.21442600
11.48203360 52.21442600
11.48503152 52.21442600
11.48802944 52.21442600
11.49102736 52.21442600
11.49402528 52.21442600
11.49702320 52.21442600
11.50002112 52.21442600
11.50301904 52.21442600
11.50601696 52.21442600
11.50901488 52.21442600
11.51201280 52.21442600
11.51501072 52.21442600
11.51800864 52.21442600
11.52100656 52.21442600
11.52400448 52.21442600
11.52700240 52.21442600
11.53000032 52.21442600
11.53299824 52.21442600
11.53599616 52.21442600
11.53899408 52.21442600
11.54199200 52.21442600
11.54498992 52.21442600
11.54798784 52.21442600
11.55098576 52.21442600
11.55398368 52.21442600
11.55698160 52.21442600
11.55997952 52.21442600
11.56297744 52.21442600
11.56597536 52.21442600
11.56897328 52.21442600
11.57197120 52.21442600
11.57496912 52.21442600
11.57796704 52.21442600
11.58096496 52.21442600
11.58396288 52.21442600
11.58696080 52.21442600
11.58995872 52.21442600
11.59295664 52.21442600
11.59595456 52.21442600
11.59895248 52.21442600
11.60195040 52.21442600
11.60494832 52.21442600
11.60794624 52.21442600
11.61094416 52.21442600
11.61394208 52.21442600
11.61694000 52.21442600
11.61993792 52.21442600
11.62293584 52.21442600
11.62593376 52.21442600
11.62893168 52.21442600
11.63192960 52.21442600
11.63492752 52.21442600
11.63792544 52.21442600
11.64092336 52.21442600
11.64392128 52.21442600
11.64691920 52.21442600
11.64991712 52.21442600
11.65291504 52.21442600
11.65591296 52.21442600
11.65891088 52.21442600
11.66190880 52.21442600
11.66490672 52.21442600
11.66790464 52.21442600
11.67090256 52.21442600
11.67390048 52.21442600
11.67689840 52.21442600
11.67989632 52.21442600
11.68289424 52.21442600
11.68589216 52.21442600
11.68889008 52.21442600
11.69188800 52.21442600
11.69488592 52.21442600
11.69788384 52.21442600
11.70088176 52.21442600
11.70387968 52.21442600
11.70687760 52.21442600
11.70987552 52.21442600
11.71287344 52.21442600
11.71587136 52.21442600
11.71886928 52.21442600
11.72186720 52.21442600
11.72486512 52.21442600
11.72786304 52.21442600
11.73086096 52.21442600
11.73385888 52.21442600
11.73685680 52.21442600
11.73985472 52.21442600
11.74285264 52.21442600
11.74585056 52.21442600
11.74884848 52.21442600
11.75184640 52.21442600
11.75484432 52.21442600
11.75784224 52.21442600
11.76084016 52.21442600
11.76383808 52.21442600
11.76683600 52.21442600
11.76983392 52.21442600
11.77283184 52.21442600
11.77582976 52.21442600
11.77882768 52.21442600
11.78182560 52.21442600
11.78482352 52.21442600
11.78782144 52.21442600
11.79081936 52.21442600
11.79381728 52.21442600
11.79681520 52.21442600
11.79981312 52.21442600
11.80281104 52.21442600
11.80580896 52.21442600
11.80880688 52.21442600
11.81180480 52.21442600
11.81480272 52.21442600
11.81780064 52.21442600
11.82079856 52.21442600
11.82379648 52.21442600
11.82679440 52.21442600
11.82979232 52.21442600
11.83279024 52.21442600
11.83578816 52.21442600
11.83878608 52.21442600
11.84178400 52.21442600
11.84478192 52.21442600
11.84777984 52.21442600
11.85077776 52.21442600
11.85377568 52.21442600
11.85677360 52.21442600
11.85977152 52.21442600
11.86276944 52.21442600
11.86576736 52.21442600
11.86876528 52.21442600
11.87176320 52.21442600
11.87476112 52.21442600
11.87775904 52.21442600
11.88075696 52.21442600
11.88375488 52.21442600
11.88675280 52.21442600
11.88975072 52.21442600
11.89274864 52.21442600
11.89574656 52.21442600
11.89874448 52.21442600
11.90174240 52.21442600
11.90474032 52.21442600
11.90773824 52.21442600
11.91073616 52.21442600
11.91373408 52.21442600
11.91673200 52.21442600
11.91972992 52.21442600
11.92272784 52.21442600
11.92572576 52.21442600
11.92872368 52.21442600
11.93172160 52.21442600
11.93471952 52.21442600
11.93771744 52.21442600
11.94071536 52.21442600
11.94371328 52.21442600
11.94671120 52.21442600
11.94970912 52.21442600
11.95270704 52.21442600
11.95570496 52.21442600
11.95870288 52.21442600
11.96170080 52.21442600
11.96469872 52.21442600
11.96769664 52.21442600
11.97069456 52.21442600
11.97369248 52.21442600
11.97669040 52.21442600
11.97968832 52.21442600
11.98268624 52.21442600
11.98568416 52.21442600
11.98868208 52.21442600
