300  
4    

1    
  0.0072129729003353   0.0000000000000000   0.0069262559827823
  -0.1583004200    0.0013266500   -0.1344697700
   0.0189033300    0.0047206700   -0.0062455700
   0.0018840600    0.0006167600   -0.0010312000
   0.0014326400   -0.0001668500   -0.0005580200
   0.0157060800   -0.0004732700   -0.0029592200
  -0.0036226000   -0.0077102800   -0.0057249700
   0.0015807700    0.0082432900   -0.0035062100
   0.0022446600    0.0013474700   -0.0014888000
   0.0009406800    0.0000741700   -0.0003943400
   0.0014075300   -0.0008636100   -0.0002584500
  -0.0006361400   -0.0006722000   -0.0008816800
  -0.0000894800    0.0006742700   -0.0008699900
  -0.0000223700    0.0008381500   -0.0007087800
   0.0004332400    0.0002942300   -0.0004339600
   0.0003057200   -0.0003653100   -0.0003545200
  -0.0004115600   -0.0018461500   -0.0011177700
   0.0004062000   -0.0003083500   -0.0004600300
   0.0003316900    0.0003511400   -0.0003276200
  -0.0002459900    0.0012330300   -0.0004716900
  -0.0000887300   -0.0004761600   -0.0008701300
  -0.0021108200   -0.0155707800   -0.0073618600
   0.0024050900   -0.0014430300   -0.0013014800
   0.0009400800   -0.0000440600   -0.0003937400
   0.0012398700    0.0007648100   -0.0004364400
   0.0000798400    0.0107893100   -0.0018567800
  -0.0002492400   -0.0000000800    0.0051726700
   0.0003580400    0.0001937900    0.0025295200
   0.0006603200    0.0000751200    0.0005790600
   0.0003861600    0.0000169000   -0.0000105900
  -0.0010564100    0.0002033600   -0.0006039100
  -0.0008475700    0.0003614400    0.0008306000
   0.0002035600    0.0006661700    0.0010923700
   0.0003565700    0.0003718400    0.0007313800
   0.0003873600    0.0000426600    0.0001764800
  -0.0000415800   -0.0001414100   -0.0001031000
  -0.0001462000   -0.0001416300    0.0002752100
  -0.0001210300    0.0002172300    0.0003216800
   0.0000703800    0.0003331200    0.0002927100
   0.0001348900    0.0001460700    0.0002140900
   0.0000613500   -0.0001879000    0.0001384100
   0.0000404100   -0.0005237300    0.0005698100
   0.0001523600   -0.0001420400    0.0002603800
   0.0001109900    0.0001655800    0.0000958600
  -0.0000166600    0.0002399200   -0.0000022900
  -0.0002869800   -0.0002303000    0.0003127700
  -0.0002818000   -0.0006098500    0.0023978900
   0.0004566500   -0.0003338300    0.0007942300
   0.0003980900   -0.0000241200    0.0001782300
   0.0000803600    0.0001160000   -0.0001509800
  -0.0006449900   -0.0008140500   -0.0004737600
  -0.0002508500    0.0000006900    0.0051422900
  -0.0018533000   -0.0008940200    0.0002047900
   0.0002388200   -0.0000673900    0.0001171900
   0.0008037800   -0.0002397100    0.0004009300
   0.0011564800   -0.0005571600    0.0016656800
   0.0009198100   -0.0010102200    0.0011243200
  -0.0018431300   -0.0008688300    0.0007503800
  -0.0001864200   -0.0000377700    0.0001025400
   0.0003973700   -0.0000908800    0.0001532600
   0.0007209500   -0.0004853400    0.0004917700
   0.0002863600   -0.0004331900    0.0002889300
  -0.0002853800   -0.0004626000    0.0002888300
  -0.0002637600    0.0000973500    0.0002302200
   0.0000524000    0.0001994500    0.0001321000
   0.0002104900   -0.0001076000    0.0001748200
  -0.0000462100   -0.0000301300    0.0001471800
   0.0000616600   -0.0001877800    0.0001131700
   0.0001342100    0.0001453000    0.0001895100
  -0.0000299100    0.0006740700    0.0003721700
  -0.0001203400    0.0005239500    0.0002977100
  -0.0004440300    0.0016864400    0.0003940000
  -0.0002442300   -0.0000251500    0.0000819500
   0.0003863900    0.0000413500    0.0001511900
   0.0005575200    0.0004853100    0.0004952500
  -0.0001967200    0.0016434900    0.0014808800
   0.0088192200   -0.0063147300    0.0213514000
   0.0026061700   -0.0006849900    0.0011418200
   0.0009917800   -0.0001285100   -0.0001056400
   0.0010535000   -0.0000371200   -0.0011783600
  -0.0105370700   -0.0048772100   -0.0068401000
  -0.0021037200    0.0111688500    0.0072368300
   0.0014003700    0.0026860300    0.0024018600
   0.0009503800    0.0003265600    0.0001184700
   0.0005395600   -0.0001574000   -0.0003528700
  -0.0012548400   -0.0011496100   -0.0019354400
  -0.0002256900    0.0005701500    0.0000357200
  -0.0000725400    0.0011346700   -0.0000725000
   0.0002171300    0.0007948800    0.0001080400
   0.0001743800    0.0000005700   -0.0001141400
  -0.0001342900   -0.0005224900   -0.0003426500
   0.0003473700   -0.0003717300    0.0000509300
   0.0002991800    0.0002023300   -0.0001228000
   0.0001258700    0.0005002500   -0.0002632500
  -0.0004155700    0.0001818800   -0.0001284800
  -0.0003580300   -0.0006199900   -0.0001078600
   0.0015760500   -0.0019030600    0.0011936300
   0.0009345200   -0.0003672300    0.0000451900
   0.0005843400    0.0001642200   -0.0002907400
   0.0001768300    0.0009183900   -0.0012346800
  -0.0032489600   -0.0015346200    0.0002237700
  -0.0004182100    0.0000679400    0.0019987900
  -0.0000911600    0.0001651800    0.0007677800
   0.0003576500    0.0000436500    0.0003301900
   0.0002135700    0.0000349800    0.0004485200
  -0.0000510600    0.0001437200    0.0016160100
  -0.0003002700   -0.0002117400    0.0018075300
  -0.0001520400    0.0000137200    0.0008741000
   0.0001415800    0.0000856100    0.0003901000
   0.0002444600   -0.0000910200    0.0002824800
   0.0000720300   -0.0001426500    0.0006383900
  -0.0000716200   -0.0003174700    0.0006187300
  -0.0000504500   -0.0000460900    0.0005979100
   0.0000068000    0.0001367400    0.0003659400
   0.0000503300    0.0000002400    0.0002491400
   0.0000633300   -0.0002224100    0.0003066400
   0.0000151300   -0.0001977700    0.0003699000
   0.0001294600   -0.0000594000    0.0003114800
   0.0000911500    0.0001538500    0.0002906100
  -0.0000947500    0.0001371900    0.0003120600
  -0.0001411700   -0.0000451400    0.0003603400
  -0.0003368000    0.0000109800    0.0007784000
   0.0002107600   -0.0000471600    0.0003652500
   0.0003134300    0.0001059900    0.0002576800
  -0.0000107900    0.0001521000    0.0004383500
  -0.0001754300    0.0001290300    0.0007563000
  -0.0143903000    0.0071105300   -0.0027267800
   0.0007118700   -0.0001596000   -0.0007988000
   0.0009896700    0.0001729500   -0.0000797000
   0.0029302600    0.0015530400    0.0008196600
   0.0125526200    0.0084080300    0.0171620600
  -0.0020423900   -0.0155499900    0.0072526000
  -0.0020184400    0.0007146700   -0.0011301200
   0.0005176100    0.0001327400   -0.0003055300
   0.0009686000   -0.0003702600    0.0001206700
   0.0021419300   -0.0031008300    0.0016277400
  -0.0001979800   -0.0021287700    0.0000933500
  -0.0000970900   -0.0005030000   -0.0000699300
  -0.0001762500    0.0005121300   -0.0002754700
   0.0001738600    0.0000006500   -0.0000886400
   0.0002573200   -0.0007822000    0.0000909800
   0.0000854400   -0.0005217800   -0.0001942600
   0.0002988400   -0.0001867700   -0.0000963100
   0.0003874800    0.0003479200    0.0000361500
  -0.0003766100    0.0006667500   -0.0000617900
  -0.0003962500   -0.0001544500   -0.0001215900
  -0.0002911000   -0.0002565800   -0.0007155400
   0.0005966100   -0.0001723600   -0.0002790300
   0.0009196100    0.0003579600    0.0000862700
   0.0020397700    0.0014839500    0.0007396400
  -0.0032425000    0.0024020800    0.0002542200
   0.0048909000   -0.0000023200   -0.0093291800
  -0.0030382300   -0.0009414700   -0.0039819800
  -0.0013019200   -0.0001035800   -0.0004245600
  -0.0006648700    0.0000756100    0.0002822900
   0.0002877000    0.0011526700    0.0031930400
   0.0016940200   -0.0010163500   -0.0005267400
   0.0002168700   -0.0019659600   -0.0002551700
  -0.0008708400   -0.0008740100   -0.0007374000
  -0.0005535100   -0.0000590800   -0.0000097600
  -0.0001462100    0.0004546900    0.0005884000
   0.0002131400    0.0001340200   -0.0000575000
   0.0001078900   -0.0004319200   -0.0000611000
  -0.0001291900   -0.0006718300   -0.0000840700
  -0.0001436600   -0.0002373200   -0.0000560900
  -0.0000416900    0.0002947200    0.0000370200
  -0.0001909600    0.0010140400   -0.0004102600
  -0.0003239000    0.0001995300   -0.0000930200
  -0.0002241800   -0.0002569100    0.0000802000
   0.0001026900   -0.0004485700    0.0002696800
   0.0006420300    0.0004171600   -0.0000713900
   0.0001859200    0.0036932800   -0.0041161700
  -0.0010840000    0.0006888700   -0.0006465700
  -0.0006693700    0.0000580000   -0.0000067100
  -0.0003364600   -0.0002559200    0.0005244100
   0.0020302000   -0.0009159100    0.0033303500
   0.0003788500   -0.0000002800   -0.0017929700
   0.0004585300    0.0001717600   -0.0011879900
  -0.0002181800   -0.0000405400   -0.0003391800
  -0.0003994100    0.0000671700   -0.0003827400
  -0.0001925600    0.0000959300   -0.0011724000
  -0.0000268000    0.0003038700   -0.0012220900
   0.0005310500    0.0001253500   -0.0011385800
   0.0000005800   -0.0000553600   -0.0003914900
  -0.0002526200    0.0000205000   -0.0002441100
  -0.0002665300    0.0002090400   -0.0004562200
  -0.0000492900    0.0002488000   -0.0003896700
   0.0001080000    0.0001326600   -0.0004566400
   0.0000648600   -0.0001053800   -0.0003329700
  -0.0000439700   -0.0001206500   -0.0002383300
  -0.0000800000    0.0000994600   -0.0002500300
   0.0000832700    0.0001273700   -0.0003679700
  -0.0000809600    0.0001157900   -0.0002541100
  -0.0001144600   -0.0000962400   -0.0002478300
   0.0000157600   -0.0002978100   -0.0003548500
   0.0000959700   -0.0001542500   -0.0004239900
   0.0002838500   -0.0003089200   -0.0012299400
   0.0000076000    0.0000583500   -0.0004425800
  -0.0002813500   -0.0000191400   -0.0002508100
  -0.0002224800   -0.0001903500   -0.0004700700
   0.0001902700   -0.0003880700   -0.0011307000
   0.0173165100   -0.0000076400    0.0534369200
   0.0016002500   -0.0016740700    0.0056767100
  -0.0007271100   -0.0001443600    0.0006895800
  -0.0017532400    0.0000137800    0.0000775800
  -0.0063064700   -0.0000035000   -0.0021937800
  -0.0002768100    0.0050977800    0.0009927500
   0.0022393400    0.0026038200    0.0024704000
  -0.0002518800   -0.0005463700    0.0010058800
  -0.0006360800    0.0000515300    0.0002454600
  -0.0011405500    0.0010560000   -0.0000273700
  -0.0002002300    0.0010429600    0.0003969100
   0.0002514300    0.0005921600    0.0005048800
   0.0002012900   -0.0000864900    0.0003704200
  -0.0000805300   -0.0003216100    0.0002917800
  -0.0001708100    0.0002677400    0.0001988000
   0.0002522100    0.0004183800    0.0007023000
  -0.0002294200    0.0002918600    0.0003381900
  -0.0003455000   -0.0002242600    0.0001599000
  -0.0003767300   -0.0012448500    0.0000638200
   0.0006914200   -0.0005144000    0.0004874200
   0.0038310100   -0.0003269800    0.0049308900
  -0.0003215400    0.0003327100    0.0010639200
  -0.0007344600   -0.0000663300    0.0002491100
  -0.0013472400   -0.0009211600   -0.0000546400
  -0.0015962200   -0.0056905400   -0.0014619400
   0.0617624100   -0.0263336000    0.0329404300
  -0.0048923500   -0.0000459800    0.0007265500
  -0.0015437000   -0.0000241100    0.0003906000
  -0.0018723800   -0.0003045900    0.0009131300
   0.0358622800    0.0112196700    0.0075192300
   0.0162952500    0.0138459500    0.0198310400
  -0.0039384300   -0.0048622400    0.0010210500
  -0.0014183200   -0.0004589600    0.0003913500
  -0.0009394200    0.0002349000    0.0003890200
  -0.0006939300    0.0029797400    0.0019179800
   0.0017742600   -0.0012596100    0.0010345200
  -0.0000423000   -0.0011789000    0.0006097600
  -0.0006007000   -0.0011399700    0.0003879600
  -0.0003169900   -0.0000007500    0.0002539000
  -0.0001672100    0.0008351400    0.0003926600
  -0.0001996200    0.0007750700    0.0004238300
  -0.0002789800   -0.0001479600    0.0003352200
  -0.0002430800   -0.0007517300    0.0003582900
   0.0003961000   -0.0001071400    0.0003867000
   0.0003523800    0.0006290200    0.0003937100
  -0.0020039100    0.0050284300    0.0009399600
  -0.0010588900    0.0004511900    0.0003244300
  -0.0008029200   -0.0003016000    0.0003457100
  -0.0008062100   -0.0022409100    0.0007016700
   0.0044750700    0.0018675000    0.0014742100
  -0.0002001200    0.0002971700   -0.0025010600
  -0.0006067200    0.0001398200   -0.0011832500
  -0.0004718500    0.0000085800   -0.0002790000
  -0.0000808000   -0.0000738100    0.0000590100
   0.0013843100    0.0006184100   -0.0016605200
   0.0003139400   -0.0009151800   -0.0020805700
  -0.0001261300   -0.0005718800   -0.0012482100
  -0.0003825300   -0.0001390300   -0.0004632400
  -0.0002326500    0.0000614000   -0.0001209000
   0.0004412600    0.0002436200   -0.0002126100
   0.0001838600   -0.0000898900   -0.0005305900
  -0.0000221900   -0.0003982100   -0.0005927000
  -0.0001050600   -0.0003078300   -0.0004000900
  -0.0001049500   -0.0000002500   -0.0002056200
   0.0000369000    0.0002162700   -0.0001838100
  -0.0000865800    0.0002224600   -0.0003611400
  -0.0001274800   -0.0000590800   -0.0002634700
  -0.0000722300   -0.0002306400   -0.0001964500
   0.0001466500   -0.0000717100   -0.0002286200
   0.0001390700    0.0002401600   -0.0003544700
  -0.0002502200    0.0004488800   -0.0011518900
  -0.0003904200    0.0001520500   -0.0003977600
  -0.0002878100   -0.0000923100   -0.0001292100
   0.0000692500   -0.0000256700    0.0000282000
   0.0008638600    0.0003280900   -0.0007299400
   0.0037781000   -0.0020595000   -0.0038050700
   0.0002570900    0.0001366200    0.0004595200
  -0.0005500900   -0.0000207900   -0.0000943700
  -0.0012293700   -0.0003465700   -0.0011124900
  -0.0015129500   -0.0009915200   -0.0037249000
   0.0002076500    0.0030533000   -0.0037665200
   0.0009644800   -0.0000047900    0.0002637300
  -0.0001702700   -0.0000257300    0.0000944200
  -0.0005716200    0.0002119900   -0.0002710700
  -0.0006663600    0.0009427200   -0.0011964000
  -0.0001502700    0.0010121600   -0.0005262000
   0.0004104600    0.0003828900   -0.0001310400
   0.0001148200   -0.0001744700    0.0000340800
  -0.0001313900   -0.0000003700   -0.0000459500
  -0.0002479600    0.0004279100   -0.0002111100
  -0.0000732800    0.0002753400   -0.0000253400
  -0.0001070500    0.0001515600   -0.0000638100
  -0.0001099600   -0.0002540400   -0.0001644400
   0.0001254700   -0.0003931300   -0.0001491800
   0.0001645300   -0.0000482900   -0.0000288200
   0.0003496300   -0.0003355300    0.0002596300
  -0.0002429000    0.0000789700    0.0000735300
  -0.0005049500   -0.0002291700   -0.0002011000
  -0.0005791300   -0.0008466600   -0.0009171200
   0.0009696100   -0.0009404700   -0.0004676900

1    
 -0.0072129729003353   0.0000000000000000  -0.0069262559827823
   0.1550737400    0.0012881900    0.1360533200
  -0.0188074900   -0.0047807300    0.0062410800
  -0.0018869900   -0.0006225600    0.0010536000
  -0.0014333200    0.0001631200    0.0005841700
  -0.0158185900    0.0004384300    0.0030851400
   0.0036795300    0.0077125600    0.0058030000
  -0.0016497700   -0.0082425000    0.0034958400
  -0.0022318600   -0.0013409800    0.0015010900
  -0.0009409400   -0.0000724800    0.0004148100
  -0.0014118100    0.0008680800    0.0002802100
   0.0006413800    0.0006740900    0.0009061700
   0.0000906700   -0.0006847200    0.0008942600
   0.0000150400   -0.0008373100    0.0007303100
  -0.0004322300   -0.0002924500    0.0004539200
  -0.0003057500    0.0003680100    0.0003758800
   0.0004133900    0.0018532100    0.0011413600
  -0.0004077700    0.0003079700    0.0004813400
  -0.0003311000   -0.0003525000    0.0003494000
   0.0002439600   -0.0012278800    0.0004960800
   0.0000913000    0.0004805900    0.0008941200
   0.0020973200    0.0156234600    0.0073870300
  -0.0024194700    0.0014465000    0.0013254700
  -0.0009414300    0.0000432300    0.0004154500
  -0.0012309400   -0.0007657500    0.0004650900
  -0.0000574700   -0.0107523900    0.0019239100
   0.0002599100   -0.0000000800   -0.0051049400
  -0.0003536100   -0.0001913000   -0.0025049200
  -0.0006589400   -0.0000750700   -0.0005617600
  -0.0003859400   -0.0000169900    0.0000272600
   0.0010477900   -0.0001992100    0.0006175000
   0.0008403100   -0.0003556500   -0.0008170200
  -0.0001986200   -0.0006615300   -0.0010729400
  -0.0003559400   -0.0003709000   -0.0007120100
  -0.0003870100   -0.0000422400   -0.0001588300
   0.0000425000    0.0001414100    0.0001206800
   0.0001464500    0.0001418100   -0.0002590400
   0.0001200100   -0.0002158400   -0.0003059900
  -0.0000699700   -0.0003321300   -0.0002759800
  -0.0001346800   -0.0001453800   -0.0001967500
  -0.0000611600    0.0001884500   -0.0001213600
  -0.0000402700    0.0005226400   -0.0005537700
  -0.0001522400    0.0001417600   -0.0002439800
  -0.0001113700   -0.0001657000   -0.0000793900
   0.0000168200   -0.0002405700    0.0000183500
   0.0002869700    0.0002296100   -0.0002970300
   0.0002816900    0.0006030800   -0.0023776500
  -0.0004552200    0.0003318100   -0.0007783800
  -0.0003980600    0.0000233400   -0.0001615700
  -0.0000814100   -0.0001165700    0.0001662900
   0.0006443100    0.0008054500    0.0004888100
   0.0002586900    0.0000007000   -0.0051349800
   0.0018463600    0.0008892800   -0.0002355700
  -0.0002409300    0.0000669700   -0.0001493500
  -0.0008078400    0.0002412500   -0.0004354100
  -0.0011508100    0.0005538000   -0.0017070400
  -0.0009087000    0.0010089200   -0.0011600700
   0.0018383100    0.0008671100   -0.0007782200
   0.0001841600    0.0000370500   -0.0001347100
  -0.0003989400    0.0000916200   -0.0001864400
  -0.0007233200    0.0004876600   -0.0005265500
  -0.0002866200    0.0004350200   -0.0003218900
   0.0002887300    0.0004616800   -0.0003210600
   0.0002620700   -0.0000983000   -0.0002618100
  -0.0000531100   -0.0001993900   -0.0001647500
  -0.0002110900    0.0001087500   -0.0002077300
   0.0000464400    0.0000317900   -0.0001787500
  -0.0000617300    0.0001880200   -0.0001455300
  -0.0001343400   -0.0001467100   -0.0002223100
   0.0000296900   -0.0006757200   -0.0004047500
   0.0001206800   -0.0005238500   -0.0003300700
   0.0004472800   -0.0016776800   -0.0004242400
   0.0002419800    0.0000255800   -0.0001132400
  -0.0003879200   -0.0000424500   -0.0001840700
  -0.0005571300   -0.0004897500   -0.0005293700
   0.0001975900   -0.0016417300   -0.0015138600
  -0.0086470400    0.0061632400   -0.0212236100
  -0.0026060600    0.0006762100   -0.0011882800
  -0.0009916400    0.0001270500    0.0000709900
  -0.0010451000    0.0000343000    0.0011405100
   0.0104981800    0.0048744400    0.0066969600
   0.0020415900   -0.0110601000   -0.0072817800
  -0.0013918800   -0.0026752500   -0.0024196200
  -0.0009481200   -0.0003275900   -0.0001516700
  -0.0005396400    0.0001566800    0.0003204900
   0.0012640300    0.0011451900    0.0019058200
   0.0002300400   -0.0005749700   -0.0000762300
   0.0000670500   -0.0011328900    0.0000281500
  -0.0002174700   -0.0007914400   -0.0001410200
  -0.0001739400    0.0000005800    0.0000808300
   0.0001352700    0.0005243300    0.0003096400
  -0.0003473900    0.0003722900   -0.0000867900
  -0.0002992800   -0.0002030900    0.0000883500
  -0.0001262400   -0.0004993300    0.0002277100
   0.0004157600   -0.0001800300    0.0000942400
   0.0003581600    0.0006214900    0.0000726500
  -0.0015739900    0.0019074200   -0.0012427200
  -0.0009353900    0.0003668400   -0.0000802400
  -0.0005833600   -0.0001644300    0.0002570000
  -0.0001757700   -0.0009119300    0.0011904600
   0.0032446600    0.0015317200   -0.0002662900
   0.0004191500   -0.0000685700   -0.0019694300
   0.0000903100   -0.0001651200   -0.0007457100
  -0.0003584200   -0.0000443300   -0.0003106500
  -0.0002143800   -0.0000352200   -0.0004305600
   0.0000529600   -0.0001431800   -0.0015883500
   0.0003006700    0.0002116500   -0.0017787600
   0.0001523100   -0.0000140700   -0.0008516600
  -0.0001421200   -0.0000854700   -0.0003697300
  -0.0002447500    0.0000915600   -0.0002633300
  -0.0000720900    0.0001440700   -0.0006203500
   0.0000715500    0.0003182200   -0.0005995300
   0.0000505900    0.0000462300   -0.0005763900
  -0.0000069900   -0.0001366200   -0.0003456200
  -0.0000504900    0.0000002500   -0.0002295000
  -0.0000632000    0.0002231900   -0.0002874400
  -0.0000150900    0.0001982000   -0.0003503200
  -0.0001298100    0.0000594700   -0.0002920300
  -0.0000914800   -0.0001541400   -0.0002708700
   0.0000950100   -0.0001372700   -0.0002924900
   0.0001413700    0.0000455800   -0.0003407500
   0.0003363100   -0.0000111200   -0.0007570400
  -0.0002111200    0.0000467200   -0.0003454800
  -0.0003143500   -0.0001067700   -0.0002386100
   0.0000107700   -0.0001533000   -0.0004187400
   0.0001770500   -0.0001298900   -0.0007359500
   0.0143343400   -0.0070806700    0.0028018800
  -0.0007114900    0.0001549200    0.0008167000
  -0.0009938300   -0.0001757100    0.0000969300
  -0.0029574900   -0.0015748800   -0.0008072000
  -0.0126028500   -0.0085094800   -0.0174057600
   0.0021030100    0.0155576500   -0.0072658500
   0.0020039600   -0.0007121600    0.0011452500
  -0.0005183200   -0.0001337500    0.0003227400
  -0.0009732900    0.0003725100   -0.0001043500
  -0.0021538300    0.0031288000   -0.0016279300
   0.0002018000    0.0021450600   -0.0000769600
   0.0000984800    0.0004958600    0.0000890700
   0.0001739300   -0.0005107700    0.0002928500
  -0.0001744100    0.0000006500    0.0001063800
  -0.0002578900    0.0007871500   -0.0000741000
  -0.0000860700    0.0005243600    0.0002128300
  -0.0002997300    0.0001863600    0.0001147600
  -0.0003878800   -0.0003495900   -0.0000176800
   0.0003769000   -0.0006668100    0.0000798700
   0.0003977800    0.0001564400    0.0001400100
   0.0002916800    0.0002579100    0.0007353100
  -0.0005991300    0.0001724200    0.0002977300
  -0.0009224400   -0.0003599600   -0.0000683200
  -0.0020457700   -0.0014900400   -0.0007225500
   0.0032513900   -0.0024003700   -0.0002358600
  -0.0048465700   -0.0000023600    0.0092253500
   0.0030204000    0.0009512100    0.0039788200
   0.0012999500    0.0001054900    0.0004260000
   0.0006646500   -0.0000746500   -0.0002824700
  -0.0002842200   -0.0011442400   -0.0031766000
  -0.0016989000    0.0010096100    0.0005455400
  -0.0002109500    0.0019523700    0.0002634900
   0.0008683900    0.0008712700    0.0007331100
   0.0005530400    0.0000586100    0.0000087100
   0.0001459600   -0.0004551000   -0.0005921200
  -0.0002142700   -0.0001348700    0.0000583700
  -0.0001070800    0.0004316600    0.0000635400
   0.0001305000    0.0006695100    0.0000858800
   0.0001435500    0.0002357300    0.0000554300
   0.0000416700   -0.0002960300   -0.0000375700
   0.0001897300   -0.0010138300    0.0004132100
   0.0003241900   -0.0001993000    0.0000938400
   0.0002244900    0.0002570500   -0.0000799300
  -0.0001018600    0.0004480300   -0.0002680000
  -0.0006416300   -0.0004183200    0.0000735900
  -0.0001984800   -0.0036812700    0.0041212900
   0.0010836400   -0.0006867400    0.0006501100
   0.0006695000   -0.0000571300    0.0000066500
   0.0003353800    0.0002560900   -0.0005230200
  -0.0020195300    0.0009185600   -0.0033160500
  -0.0003807500   -0.0000002800    0.0017939300
  -0.0004573700   -0.0001703700    0.0011889200
   0.0002191000    0.0000407000    0.0003456400
   0.0004007600   -0.0000675700    0.0003917900
   0.0001924700   -0.0000959400    0.0011783800
   0.0000248100   -0.0003046200    0.0012266900
  -0.0005302600   -0.0001258100    0.0011403300
   0.0000000700    0.0000552300    0.0003972800
   0.0002532800   -0.0000210600    0.0002514700
   0.0002671300   -0.0002099600    0.0004649900
   0.0000492800   -0.0002495500    0.0003975700
  -0.0001084200   -0.0001329400    0.0004635200
  -0.0000643500    0.0001054500    0.0003391300
   0.0000444000    0.0001204100    0.0002454800
   0.0000803400   -0.0001000500    0.0002573100
  -0.0000831900   -0.0001279300    0.0003744200
   0.0000811600   -0.0001159000    0.0002611300
   0.0001149700    0.0000965900    0.0002551500
  -0.0000155900    0.0002985100    0.0003621100
  -0.0000960900    0.0001541500    0.0004310000
  -0.0002849600    0.0003074600    0.0012319000
  -0.0000069600   -0.0000581800    0.0004484700
   0.0002820800    0.0000197200    0.0002582900
   0.0002229800    0.0001917900    0.0004792200
  -0.0001905300    0.0003891900    0.0011351500
  -0.0170653300   -0.0000080300   -0.0561160300
  -0.0016073500    0.0016731300   -0.0056762800
   0.0007299900    0.0001464100   -0.0007020100
   0.0017642400   -0.0000116100   -0.0000905000
   0.0063562500    0.0000207800    0.0022005500
   0.0002679500   -0.0051293600   -0.0010009500
  -0.0022310600   -0.0025984700   -0.0024948400
   0.0002528300    0.0005446400   -0.0010126400
   0.0006381500   -0.0000527300   -0.0002563200
   0.0011462400   -0.0010639500    0.0000161100
   0.0002003500   -0.0010488600   -0.0004099100
  -0.0002546000   -0.0005933600   -0.0005185100
  -0.0001984500    0.0000883800   -0.0003824500
   0.0000811600    0.0003207000   -0.0003027000
   0.0001714500   -0.0002703400   -0.0002102600
  -0.0002523400   -0.0004218700   -0.0007162600
   0.0002301600   -0.0002922500   -0.0003502800
   0.0003465300    0.0002256700   -0.0001719900
   0.0003786700    0.0012469700   -0.0000772900
  -0.0006935800    0.0005144600   -0.0005000700
  -0.0038286100    0.0003335600   -0.0049363400
   0.0003243300   -0.0003323300   -0.0010777600
   0.0007368500    0.0000678700   -0.0002610700
   0.0013520300    0.0009294600    0.0000402900
   0.0015985400    0.0057068200    0.0014462900
  -0.0584716000    0.0242457800   -0.0319198900
   0.0049191100    0.0000599300   -0.0007202700
   0.0015459400    0.0000262700   -0.0003847200
   0.0018544000    0.0003119900   -0.0009171900
  -0.0362039100   -0.0115421500   -0.0071829100
  -0.0163494900   -0.0139321500   -0.0199466300
   0.0039226800    0.0048392700   -0.0010048000
   0.0014155200    0.0004610100   -0.0003834800
   0.0009397900   -0.0002341000   -0.0003836200
   0.0006851100   -0.0029793200   -0.0019287100
  -0.0017904700    0.0012741000   -0.0010322400
   0.0000610900    0.0011956900   -0.0006005300
   0.0006000900    0.0011345100   -0.0003799200
   0.0003165700   -0.0000007400   -0.0002469200
   0.0001656900   -0.0008380900   -0.0003869200
   0.0001999100   -0.0007780200   -0.0004171100
   0.0002792300    0.0001497800   -0.0003282800
   0.0002437200    0.0007510000   -0.0003514100
  -0.0003964300    0.0001037700   -0.0003800800
  -0.0003534000   -0.0006340900   -0.0003869600
   0.0020135500   -0.0050598900   -0.0009350200
   0.0010614500   -0.0004507100   -0.0003170400
   0.0008017200    0.0003025700   -0.0003398400
   0.0007946800    0.0022168300   -0.0007003800
  -0.0044672100   -0.0018749300   -0.0014619600
   0.0001935200   -0.0002925100    0.0024793000
   0.0006041700   -0.0001386600    0.0011701900
   0.0004714400   -0.0000079400    0.0002688300
   0.0000820600    0.0000735700   -0.0000675600
  -0.0013748400   -0.0006122000    0.0016347900
  -0.0003137400    0.0009050900    0.0020572600
   0.0001244100    0.0005704400    0.0012356700
   0.0003816400    0.0001389800    0.0004519100
   0.0002324800   -0.0000613600    0.0001107300
  -0.0004402700   -0.0002450800    0.0002055100
  -0.0001829200    0.0000891000    0.0005219700
   0.0000215200    0.0003959500    0.0005815900
   0.0001046700    0.0003067300    0.0003891800
   0.0001047600   -0.0000002400    0.0001952000
  -0.0000373500   -0.0002169500    0.0001736600
   0.0000863600   -0.0002223000    0.0003515200
   0.0001276600    0.0000592000    0.0002538400
   0.0000720900    0.0002306400    0.0001865600
  -0.0001469400    0.0000718700    0.0002189100
  -0.0001394500   -0.0002400300    0.0003447800
   0.0002492300   -0.0004466400    0.0011406800
   0.0003901400   -0.0001513000    0.0003879300
   0.0002879000    0.0000927800    0.0001197300
  -0.0000688300    0.0000277900   -0.0000375000
  -0.0008641200   -0.0003255100    0.0007210600
  -0.0037573600    0.0020473700    0.0037806700
  -0.0002536400   -0.0001354500   -0.0004606000
   0.0005524900    0.0000216200    0.0000936000
   0.0012341600    0.0003517600    0.0011209800
   0.0014892000    0.0009855600    0.0037172000
  -0.0002145200   -0.0030306200    0.0037473700
  -0.0009600700    0.0000052400   -0.0002674800
   0.0001716800    0.0000261100   -0.0000955500
   0.0005733500   -0.0002130200    0.0002715500
   0.0006641000   -0.0009466400    0.0012035500
   0.0001470200   -0.0010147100    0.0005289200
  -0.0004102300   -0.0003790900    0.0001271400
  -0.0001137000    0.0001745300   -0.0000352600
   0.0001319200   -0.0000003700    0.0000449500
   0.0002482000   -0.0004299700    0.0002108700
   0.0000733900   -0.0002765500    0.0000234800
   0.0001067800   -0.0001510000    0.0000622600
   0.0001101800    0.0002554400    0.0001626500
  -0.0001257900    0.0003933400    0.0001477600
  -0.0001650900    0.0000472700    0.0000268800
  -0.0003486500    0.0003323900   -0.0002620400
   0.0002441000   -0.0000787400   -0.0000754600
   0.0005061300    0.0002311300    0.0002000300
   0.0005787600    0.0008480400    0.0009178300
  -0.0009723200    0.0009388200    0.0004666600

151  
  0.0072129729003353   0.0000000000000000   0.0069262559827823
   0.0048384200   -0.0000051500   -0.0092364000
   0.0020796300    0.0012741500    0.0013366600
  -0.0006416000   -0.0000081500    0.0002695700
  -0.0013203000    0.0003691300   -0.0003923500
  -0.0048014000    0.0030016200   -0.0021089200
  -0.0024698100    0.0022920100   -0.0013412700
   0.0046825400    0.0015290000    0.0005611200
  -0.0001449200   -0.0001462200    0.0003363000
  -0.0006684900    0.0000959300    0.0000033000
  -0.0012710400    0.0007952500   -0.0004417100
  -0.0003719300    0.0006555200   -0.0002147400
   0.0006415100    0.0007351600   -0.0000634600
   0.0002833200   -0.0002473500    0.0000898500
  -0.0001901100   -0.0002760800    0.0000550300
  -0.0003572800    0.0001798500   -0.0000488100
   0.0000545200    0.0002951900    0.0001165200
  -0.0000475700    0.0002920800    0.0000536200
  -0.0001370200   -0.0002392200   -0.0000525300
   0.0000288200   -0.0010643500   -0.0002408100
   0.0001074000   -0.0006497200   -0.0000528700
   0.0008188200   -0.0016702700    0.0003823700
   0.0001304800    0.0002961300    0.0003136200
  -0.0005524100   -0.0000512500    0.0000007300
  -0.0011412300   -0.0010281300   -0.0004391700
   0.0010835100   -0.0064258700   -0.0011607500
   0.0169840900   -0.0000083500    0.0561208500
  -0.0061682100   -0.0020375800   -0.0023838600
  -0.0015375200   -0.0003365700   -0.0001370800
  -0.0009486000   -0.0000335800    0.0009338300
   0.0014114000   -0.0006818900    0.0058686900
   0.0041801700   -0.0014144000    0.0045807400
  -0.0019502500   -0.0037855300   -0.0010716900
  -0.0013730700   -0.0009397100   -0.0000124200
  -0.0007352400   -0.0000994500    0.0002640900
  -0.0002997100    0.0003177300    0.0010544600
   0.0002437400    0.0004409400    0.0007280400
   0.0006908600   -0.0005705500    0.0005035200
  -0.0003676800   -0.0007638700    0.0000724900
  -0.0003732400   -0.0002089000    0.0002036800
  -0.0002021900    0.0003078600    0.0003248200
   0.0000133100    0.0011442900    0.0001921900
  -0.0001709100    0.0002698700    0.0002128800
  -0.0000814900   -0.0003199500    0.0003069000
  -0.0000125400   -0.0004504900    0.0006077000
   0.0002526000    0.0006203800    0.0005213500
   0.0002664700    0.0067318000    0.0004537500
  -0.0011942200    0.0010895600    0.0000399100
  -0.0006369800    0.0000520600    0.0002597100
  -0.0002036000   -0.0005152200    0.0009653500
   0.0016976700    0.0011889500    0.0030537100
   0.0003792500   -0.0000003200   -0.0018109200
   0.0001387800    0.0000706100   -0.0015392900
  -0.0003305600    0.0000136200   -0.0004763800
  -0.0002872900    0.0000251300   -0.0002869700
   0.0001268400    0.0000302900   -0.0008579600
   0.0001903100    0.0000775900   -0.0011492900
   0.0002841000   -0.0001185700   -0.0012467700
  -0.0001215200   -0.0001330100   -0.0005970300
  -0.0002815200    0.0000032300   -0.0002710500
  -0.0000935600    0.0001163900   -0.0003568400
   0.0000430800    0.0001244700   -0.0003462900
   0.0000960100   -0.0000367500   -0.0004441000
   0.0000556100   -0.0001812300   -0.0004163600
  -0.0000947500   -0.0001077800   -0.0002884900
  -0.0001007100    0.0001044900   -0.0002534300
  -0.0000202700    0.0002460300   -0.0004411100
  -0.0000678400    0.0001071100   -0.0002830400
  -0.0000564300   -0.0001131500   -0.0002453900
   0.0000353800   -0.0002274100   -0.0003217700
   0.0001084700    0.0000167000   -0.0004769600
   0.0002114600    0.0000005800   -0.0014906800
  -0.0001653400    0.0001508200   -0.0005840900
  -0.0002528800    0.0000066300   -0.0002643700
  -0.0001011300   -0.0001138700   -0.0003049100
   0.0002935300   -0.0000619800   -0.0009068900
   0.0361749300   -0.0115582600    0.0071263400
  -0.0032881700    0.0026780200    0.0023850900
  -0.0015435100    0.0000367700    0.0003711700
  -0.0034727600   -0.0023065600   -0.0007809900
   0.0584926800    0.0242130100    0.0319502400
   0.0163602500   -0.0139423700    0.0199529400
  -0.0018609600   -0.0036682100    0.0031400900
  -0.0011780600   -0.0005258600    0.0006188000
  -0.0011765500    0.0005295900    0.0001214800
  -0.0027397100    0.0041482200   -0.0002398600
   0.0006608100    0.0023188400   -0.0001539900
   0.0010691400   -0.0023274300    0.0017516400
  -0.0003788400   -0.0008079200    0.0005957100
  -0.0003156100   -0.0000004100    0.0002337100
  -0.0003874400    0.0008027800    0.0001439300
  -0.0002522900    0.0007464100    0.0003479900
  -0.0002785300    0.0000134300    0.0003148900
  -0.0001908300   -0.0007801600    0.0003925100
   0.0003778700   -0.0005507000    0.0003470100
   0.0003707400    0.0005472600    0.0003925300
  -0.0015128300    0.0010968500    0.0014296900
  -0.0009197400    0.0003708200    0.0004494900
  -0.0009403900   -0.0003815100    0.0001809500
  -0.0012956100   -0.0014409000    0.0001692400
   0.0044688400   -0.0005069800    0.0014485800
   0.0011708200   -0.0005566700   -0.0064984600
  -0.0012479800    0.0002573300   -0.0010938700
  -0.0005513100    0.0000772700   -0.0000841000
   0.0002677500    0.0001745700    0.0004551500
   0.0011019300    0.0005139400   -0.0009970900
   0.0002091700    0.0000377500   -0.0037431300
  -0.0005545300   -0.0008833700   -0.0013054100
  -0.0005473600   -0.0001607200   -0.0002870500
  -0.0001957100    0.0000904500    0.0001307200
   0.0008522600    0.0000690400    0.0003898100
   0.0003219300   -0.0006494300   -0.0000270400
  -0.0000607300   -0.0008783800   -0.0006082000
  -0.0001842500   -0.0004302600   -0.0002665300
  -0.0001317000   -0.0000001700   -0.0000354800
   0.0000513800    0.0001599900    0.0001107300
  -0.0001587200    0.0002270700   -0.0001028400
  -0.0001070400   -0.0001519100   -0.0000527700
  -0.0000247800   -0.0003036100   -0.0000642600
   0.0002033000   -0.0000095500   -0.0000576300
   0.0000874300    0.0003493700   -0.0000981700
  -0.0006828600    0.0010085900   -0.0008023800
  -0.0005068500    0.0002312400   -0.0001892600
  -0.0002426900   -0.0000779100    0.0000831500
   0.0004499900    0.0000893900    0.0001654700
   0.0009736500    0.0008139000   -0.0004575000
   0.0009939900   -0.0003928100   -0.0012440000
   0.0002534900   -0.0002195800   -0.0002758300
  -0.0004707300   -0.0000912700   -0.0002651800
  -0.0009372500   -0.0004006700   -0.0008195700
   0.0001838800   -0.0000752400   -0.0028739200
   0.0003140000    0.0004668100   -0.0020609400
   0.0006533400   -0.0001201500   -0.0004231700
  -0.0001423700   -0.0000792800   -0.0002003800
  -0.0004707300    0.0001283200   -0.0003557500
  -0.0003392700    0.0006914600   -0.0010105300
   0.0000515100    0.0008091800   -0.0006551500
   0.0001100100    0.0005325500   -0.0004415400
   0.0000698900   -0.0001279100   -0.0002045600
  -0.0001049500   -0.0000001500   -0.0001919900
  -0.0001375700    0.0003870300   -0.0003518400
   0.0000000200    0.0002721100   -0.0002581500
  -0.0001272200    0.0001491900   -0.0002501700
  -0.0001580600   -0.0001802100   -0.0002726900
   0.0000821900   -0.0003136800   -0.0002821700
   0.0002031700    0.0000050100   -0.0002741200
   0.0004768700   -0.0001086100   -0.0003830000
  -0.0002095000    0.0000478000   -0.0001968700
  -0.0004670600   -0.0001959200   -0.0003030900
  -0.0006553500   -0.0006118200   -0.0007131500
   0.0008600100   -0.0005722700   -0.0007169700
  -0.1500959500    0.0013494300   -0.1386745500
   0.0129638100   -0.0011511700   -0.0041422300
   0.0027128000   -0.0000900300   -0.0005689200
   0.0025444600    0.0000596000   -0.0003987000
   0.0111465300    0.0011613000   -0.0023117700
   0.0000571300   -0.0070973300   -0.0027691000
   0.0009043400    0.0085775800   -0.0036771200
   0.0011973300    0.0012609800   -0.0006162300
   0.0008683600    0.0000088300   -0.0002986200
   0.0010843200   -0.0011888100   -0.0005435200
   0.0003405400   -0.0013046200   -0.0004278000
  -0.0009800600    0.0000372500   -0.0005797400
   0.0003927200    0.0014563700   -0.0005398100
   0.0002591600    0.0003518700   -0.0003088200
   0.0002457100   -0.0003594300   -0.0002885700
   0.0004202300   -0.0012937400   -0.0005127400
   0.0002623500   -0.0003510700   -0.0003059400
   0.0002429000    0.0003602100   -0.0002910400
   0.0003136700    0.0011690200   -0.0004548200
  -0.0009808800   -0.0000669100   -0.0005799400
   0.0008979200   -0.0062734700   -0.0036866800
   0.0011748000   -0.0012463400   -0.0006416600
   0.0008685700   -0.0000119100   -0.0002987000
   0.0011072600    0.0012027800   -0.0005182100
   0.0000653400    0.0047796100   -0.0027642300
  -0.0011995700    0.0000017000    0.0023215600
   0.0010837200    0.0006722900    0.0025869800
   0.0006889700    0.0000509500    0.0004746600
   0.0002839700   -0.0000566400   -0.0000038200
  -0.0006591000    0.0000440400    0.0003723000
  -0.0011948900    0.0004694400    0.0013998600
   0.0002930300    0.0006824900    0.0015553500
   0.0005214600    0.0004266300    0.0006254200
   0.0003506400    0.0000341400    0.0001543600
  -0.0000655500   -0.0000869300   -0.0000120200
  -0.0001026800   -0.0000480900    0.0001181400
  -0.0001974700    0.0003188700    0.0002895200
   0.0000936900    0.0004012700    0.0003512600
   0.0001305600    0.0001269800    0.0001926700
   0.0000720000   -0.0001609700    0.0001157200
   0.0001038500   -0.0005138800    0.0003575100
   0.0001412500   -0.0001248700    0.0001865100
   0.0000712700    0.0001642700    0.0001142200
  -0.0001041800    0.0001655400    0.0001121400
  -0.0002168300   -0.0003396600    0.0003065300
  -0.0003574100   -0.0016124600    0.0025099800
   0.0005197100   -0.0004144900    0.0006395800
   0.0003566400   -0.0000406200    0.0001506600
  -0.0000334500    0.0000943400   -0.0000588700
  -0.0006097100   -0.0002560600    0.0004509000
  -0.0011920600    0.0000015300    0.0023114400
  -0.0008518300   -0.0002505100    0.0005665900
   0.0002556500    0.0000555300    0.0000156200
   0.0007148200   -0.0000613500    0.0004361000
   0.0012686000   -0.0007960300    0.0023701300
   0.0005036400   -0.0007442600    0.0016020600
  -0.0014658700   -0.0005682600    0.0013376700
  -0.0000932400    0.0000602500   -0.0000057200
   0.0003560700   -0.0000398500    0.0001416300
   0.0005773800   -0.0004468100    0.0005684800
   0.0001177000   -0.0004244500    0.0003345400
  -0.0002162300   -0.0003536300    0.0002983000
  -0.0001181400    0.0000292500    0.0001185500
   0.0000712700    0.0001643500    0.0001055100
   0.0001407700   -0.0001244000    0.0001781100
  -0.0001166000   -0.0001360900    0.0001241100
   0.0000642900   -0.0001654900    0.0001150600
   0.0001380600    0.0001220200    0.0001760300
   0.0001074900    0.0005363800    0.0003285800
  -0.0001971100    0.0003865800    0.0002815300
  -0.0005252100    0.0004899900    0.0006987300
  -0.0000787400   -0.0000797500   -0.0000073800
   0.0003501500    0.0000424000    0.0001453400
   0.0005330400    0.0004321500    0.0006026300
  -0.0003724000    0.0018689600    0.0022377800
  -0.0072264000    0.0019870800    0.0018221900
   0.0000870500   -0.0005338900   -0.0016101700
   0.0009533700   -0.0000076600   -0.0001443600
   0.0024188000    0.0003598800    0.0007084200
   0.0082153900    0.0069188200    0.0131014300
  -0.0037765800   -0.0089173700    0.0074807100
  -0.0010752800    0.0002747200   -0.0018388100
   0.0004325500    0.0001123300   -0.0004202500
   0.0009172200   -0.0003239600    0.0000922600
   0.0016109500   -0.0018191100    0.0009037300
   0.0002444400   -0.0015501000    0.0001455900
  -0.0010729000   -0.0003870100   -0.0010409300
   0.0000139600    0.0003189900   -0.0003820200
   0.0002688800    0.0000003000   -0.0001129700
   0.0004415100   -0.0006314400    0.0000548100
   0.0001285300   -0.0004768500   -0.0001476300
   0.0000512300   -0.0001605000   -0.0001401300
   0.0001152800    0.0004833300   -0.0001392900
  -0.0001204000    0.0005217000   -0.0001256900
  -0.0001779900    0.0000042000   -0.0002015400
  -0.0002062000    0.0001234900   -0.0010144300
   0.0003858100   -0.0001936600   -0.0002841000
   0.0006623800    0.0003523600    0.0000031500
   0.0008117300    0.0019826300    0.0001175100
  -0.0015455200    0.0015483900   -0.0004666300
   0.0060380100   -0.0057043100    0.0156465100
   0.0023729700   -0.0003673500    0.0007556500
   0.0009551000   -0.0000046400   -0.0001527800
   0.0001440700    0.0003980200   -0.0016710400
  -0.0049519500   -0.0006569500   -0.0005907200
  -0.0038280000    0.0063402800    0.0074951300
   0.0015874900    0.0018151700    0.0009174100
   0.0009220300    0.0003182700    0.0000787800
   0.0004297500   -0.0001167100   -0.0004248800
  -0.0010466300   -0.0002883200   -0.0018731500
  -0.0009847000    0.0004381200   -0.0011455400
   0.0001549100    0.0014725300    0.0002238000
   0.0004373800    0.0006406300    0.0000485000
   0.0002691400    0.0000002700   -0.0001222700
   0.0000186100   -0.0003136700   -0.0003953000
   0.0001263200   -0.0004791600   -0.0001603800
   0.0000516000    0.0001586100   -0.0001499200
   0.0001180800    0.0004826500   -0.0001467400
  -0.0001861400   -0.0000053100   -0.0002034500
  -0.0001132100   -0.0005214700   -0.0001433900
   0.0008482500   -0.0019723600    0.0000682000
   0.0006631300   -0.0003536100   -0.0000057200
   0.0003870200    0.0001931300   -0.0002935400
  -0.0002376900    0.0000261000   -0.0009892300
  -0.0015511700   -0.0015234200   -0.0004789700
  -0.0003946500    0.0000718500    0.0013511900
   0.0001734300   -0.0000428800    0.0007069800
   0.0003473200    0.0000028000    0.0003026300
   0.0002348800    0.0000818000    0.0006404300
  -0.0003472100   -0.0000440100    0.0012996300
  -0.0002706000   -0.0000267900    0.0013253200
  -0.0001382100    0.0002286500    0.0010829900
   0.0002210700    0.0000647800    0.0003458600
   0.0002408700   -0.0000718800    0.0003248800
  -0.0000757700   -0.0002634300    0.0010168400
  -0.0000862800   -0.0001408300    0.0006752200
  -0.0000836100    0.0000680800    0.0006720100
   0.0000290700    0.0001735100    0.0003441000
   0.0001023100    0.0000001000    0.0002336600
   0.0000457700   -0.0001865800    0.0003267200
   0.0000402200   -0.0001775000    0.0003052600
   0.0000770800   -0.0000098100    0.0002936100
   0.0000449100    0.0001744200    0.0002998200
  -0.0000793000    0.0001221100    0.0003334900
  -0.0000825400   -0.0001014300    0.0003371600
  -0.0000088100   -0.0001502000    0.0007086000
   0.0002290300   -0.0000878600    0.0003025500
   0.0002455000    0.0000971200    0.0002845800
   0.0000550800    0.0001837100    0.0006389400
  -0.0005331600    0.0000355200    0.0010501400

151  
 -0.0072129729003353   0.0000000000000000  -0.0069262559827823
  -0.0049001800   -0.0000052700    0.0093142200
  -0.0020576900   -0.0012645200   -0.0013202000
   0.0006441400    0.0000077400   -0.0002497200
   0.0013250500   -0.0003714200    0.0004139200
   0.0048217600   -0.0030183300    0.0021387800
   0.0024590400   -0.0022956500    0.0013625700
  -0.0046805500   -0.0015209200   -0.0005518900
   0.0001490600    0.0001476000   -0.0003178500
   0.0006704700   -0.0000966000    0.0000164200
   0.0012743000   -0.0007984500    0.0004621400
   0.0003699300   -0.0006562500    0.0002335600
  -0.0006422200   -0.0007345900    0.0000817100
  -0.0002821700    0.0002493100   -0.0000715200
   0.0001914100    0.0002766900   -0.0000358100
   0.0003576300   -0.0001804100    0.0000683100
  -0.0000553400   -0.0002977700   -0.0000979300
   0.0000480500   -0.0002916100   -0.0000344100
   0.0001376000    0.0002410800    0.0000719900
  -0.0000288500    0.0010683900    0.0002606300
  -0.0001075600    0.0006501200    0.0000719700
  -0.0008257200    0.0016464600   -0.0003660900
  -0.0001267900   -0.0002964800   -0.0002948000
   0.0005541400    0.0000521300    0.0000189900
   0.0011472400    0.0010343100    0.0004595800
  -0.0010927600    0.0064536000    0.0011785100
  -0.0173960400   -0.0000084700   -0.0534375700
   0.0061196400    0.0020301500    0.0023999300
   0.0015365600    0.0003349200    0.0001551900
   0.0009512900    0.0000330800   -0.0009188100
  -0.0014219800    0.0006857400   -0.0058739100
  -0.0041861900    0.0014178000   -0.0045503800
   0.0019511100    0.0037599100    0.0011006800
   0.0013733800    0.0009379000    0.0000336500
   0.0007360300    0.0000985600   -0.0002460300
   0.0002993100   -0.0003200400   -0.0010377800
  -0.0002443800   -0.0004407500   -0.0007080500
  -0.0006937700    0.0005724600   -0.0004836600
   0.0003705700    0.0007655800   -0.0000518100
   0.0003740400    0.0002090600   -0.0001851500
   0.0002021300   -0.0003081300   -0.0003065500
  -0.0000127400   -0.0011426200   -0.0001714300
   0.0001703000   -0.0002687500   -0.0001944500
   0.0000811800    0.0003217500   -0.0002890400
   0.0000135800    0.0004504600   -0.0005890000
  -0.0002530200   -0.0006194400   -0.0005017400
  -0.0002696000   -0.0066986200   -0.0004142500
   0.0011915900   -0.0010872800   -0.0000194100
   0.0006371300   -0.0000510000   -0.0002419100
   0.0002024200    0.0005185900   -0.0009497000
  -0.0016917900   -0.0011935900   -0.0030370500
  -0.0003800800   -0.0000003300    0.0017769400
  -0.0001388800   -0.0000712100    0.0015022200
   0.0003307700   -0.0000138600    0.0004425400
   0.0002878500   -0.0000253200    0.0002540400
  -0.0001265100   -0.0000306900    0.0008278600
  -0.0001909400   -0.0000784300    0.0011162300
  -0.0002849200    0.0001178200    0.0012150000
   0.0001219700    0.0001326500    0.0005634300
   0.0002821900   -0.0000035500    0.0002380200
   0.0000937800   -0.0001168300    0.0003243400
  -0.0000435500   -0.0001247200    0.0003133100
  -0.0000962700    0.0000369200    0.0004115600
  -0.0000553800    0.0001815400    0.0003839600
   0.0000951200    0.0001080400    0.0002555800
   0.0001009500   -0.0001045600    0.0002206300
   0.0000197900   -0.0002455100    0.0004074300
   0.0000677700   -0.0001068000    0.0002500000
   0.0000565200    0.0001138200    0.0002127400
  -0.0000351500    0.0002285000    0.0002896100
  -0.0001081400   -0.0000157100    0.0004438300
  -0.0002120200   -0.0000014400    0.0014526800
   0.0001649900   -0.0001509300    0.0005498100
   0.0002532000   -0.0000064400    0.0002312300
   0.0001016200    0.0001142000    0.0002724800
  -0.0002934400    0.0000624600    0.0008770100
  -0.0358737800    0.0111936700   -0.0075934100
   0.0032962900   -0.0026776200   -0.0024213300
   0.0015460500   -0.0000357100   -0.0004039800
   0.0034799200    0.0023114200    0.0007489300
  -0.0617580400   -0.0263774000   -0.0328918100
  -0.0162838800    0.0138546700   -0.0198245000
   0.0018847400    0.0036571500   -0.0031709300
   0.0011793100    0.0005230900   -0.0006518700
   0.0011789900   -0.0005332500   -0.0001548200
   0.0027548900   -0.0041869400    0.0001995000
  -0.0006584200   -0.0023079900    0.0001180300
  -0.0010729900    0.0023494100   -0.0017968400
   0.0003825000    0.0008084400   -0.0006295400
   0.0003162700   -0.0000004400   -0.0002670600
   0.0003850900   -0.0008050900   -0.0001777300
   0.0002536400   -0.0007452600   -0.0003819000
   0.0002788700   -0.0000106600   -0.0003487700
   0.0001895100    0.0007839800   -0.0004278200
  -0.0003774200    0.0005504500   -0.0003810400
  -0.0003716900   -0.0005484900   -0.0004263300
   0.0015236300   -0.0011005700   -0.0014664900
   0.0009210200   -0.0003701300   -0.0004823500
   0.0009421600    0.0003835400   -0.0002145200
   0.0012860200    0.0014441900   -0.0002111000
  -0.0044733800    0.0005026900   -0.0014872400
  -0.0011654200    0.0005483000    0.0065021500
   0.0012426500   -0.0002572900    0.0011113800
   0.0005514400   -0.0000769600    0.0001034400
  -0.0002696500   -0.0001750700   -0.0004368100
  -0.0010957200   -0.0005110400    0.0010298300
  -0.0002132500   -0.0000422600    0.0037706500
   0.0005553300    0.0008784600    0.0013241500
   0.0005472900    0.0001598700    0.0003068700
   0.0001957500   -0.0000911200   -0.0001113200
  -0.0008522800   -0.0000678700   -0.0003704100
  -0.0003224100    0.0006482500    0.0000472200
   0.0000604900    0.0008783500    0.0006307600
   0.0001849800    0.0004296400    0.0002867900
   0.0001318000   -0.0000001600    0.0000553800
  -0.0000514200   -0.0001604300   -0.0000907600
   0.0001581000   -0.0002266700    0.0001229400
   0.0001067200    0.0001526900    0.0000732000
   0.0000248800    0.0003043800    0.0000850200
  -0.0002026600    0.0000097800    0.0000777600
  -0.0000873700   -0.0003484700    0.0001183200
   0.0006785700   -0.0010028000    0.0008205100
   0.0005061300   -0.0002302000    0.0002092300
   0.0002427500    0.0000789400   -0.0000633800
  -0.0004510300   -0.0000893900   -0.0001441600
  -0.0009681000   -0.0008110300    0.0004771800
  -0.0009978300    0.0003946000    0.0012520800
  -0.0002504500    0.0002180900    0.0002918500
   0.0004724600    0.0000914300    0.0002829300
   0.0009407300    0.0004019500    0.0008399800
  -0.0001892400    0.0000719100    0.0029059100
  -0.0003139600   -0.0004677900    0.0020769900
  -0.0006539500    0.0001228200    0.0004384300
   0.0001438900    0.0000791100    0.0002174400
   0.0004719800   -0.0001293800    0.0003736300
   0.0003369100   -0.0006967400    0.0010298000
  -0.0000516100   -0.0008089900    0.0006721800
  -0.0001099600   -0.0005322300    0.0004583300
  -0.0000696700    0.0001286900    0.0002213400
   0.0001053700   -0.0000001800    0.0002093700
   0.0001370900   -0.0003884800    0.0003694300
   0.0000003300   -0.0002722600    0.0002750800
   0.0001276200   -0.0001484700    0.0002673400
   0.0001586700    0.0001814900    0.0002903100
  -0.0000827300    0.0003150900    0.0002995400
  -0.0002040700   -0.0000055600    0.0002913500
  -0.0004745400    0.0001074700    0.0003983800
   0.0002106400   -0.0000476400    0.0002139000
   0.0004687100    0.0001972200    0.0003212100
   0.0006583300    0.0006148100    0.0007326500
  -0.0008681800    0.0005729000    0.0007339900
   0.1534568700    0.0013908500    0.1371598500
  -0.0128726300    0.0011575900    0.0040935700
  -0.0027103900    0.0000908100    0.0005677800
  -0.0025528500   -0.0000587600    0.0003985000
  -0.0112548800   -0.0011681200    0.0023464500
  -0.0000336800    0.0071103400    0.0027927900
  -0.0009221200   -0.0085945900    0.0036548000
  -0.0012030300   -0.0012580000    0.0006144000
  -0.0008698200   -0.0000075100    0.0002976100
  -0.0010822900    0.0011951900    0.0005435600
  -0.0003386500    0.0013018000    0.0004264100
   0.0009825500   -0.0000422400    0.0005790700
  -0.0003955500   -0.0014633200    0.0005401100
  -0.0002602300   -0.0003518100    0.0003077000
  -0.0002453800    0.0003605900    0.0002874100
  -0.0004218900    0.0012956400    0.0005111700
  -0.0002624000    0.0003495200    0.0003049700
  -0.0002428600   -0.0003629100    0.0002904400
  -0.0003117100   -0.0011693500    0.0004553900
   0.0009817700    0.0000680800    0.0005789000
  -0.0009108300    0.0062714200    0.0036640000
  -0.0011775400    0.0012449100    0.0006389900
  -0.0008696300    0.0000105800    0.0002975700
  -0.0011073900   -0.0012089300    0.0005188100
  -0.0000437700   -0.0047799300    0.0027789100
   0.0011947000    0.0000016900   -0.0023120100
  -0.0010782100   -0.0006656000   -0.0025709600
  -0.0006880800   -0.0000505000   -0.0004669100
  -0.0002840000    0.0000570100    0.0000118000
   0.0006607300   -0.0000450100   -0.0003681100
   0.0011947500   -0.0004683500   -0.0013909600
  -0.0002939400   -0.0006815900   -0.0015521900
  -0.0005214600   -0.0004254200   -0.0006181100
  -0.0003508800   -0.0000337000   -0.0001470900
   0.0000657900    0.0000871600    0.0000191700
   0.0001032500    0.0000480900   -0.0001112000
   0.0001985600   -0.0003192600   -0.0002835600
  -0.0000943000   -0.0004017100   -0.0003453400
  -0.0001308400   -0.0001271300   -0.0001856900
  -0.0000719000    0.0001609600   -0.0001088200
  -0.0001029900    0.0005123600   -0.0003503900
  -0.0001406800    0.0001240600   -0.0001796200
  -0.0000709800   -0.0001652800   -0.0001075300
   0.0001041000   -0.0001661300   -0.0001058400
   0.0002160500    0.0003383200   -0.0002996600
   0.0003554700    0.0016027800   -0.0024895900
  -0.0005180400    0.0004133400   -0.0006316800
  -0.0003564200    0.0000400200   -0.0001433000
   0.0000340600   -0.0000953300    0.0000661800
   0.0006083400    0.0002574600   -0.0004478900
   0.0012022500    0.0000015500   -0.0023222800
   0.0008481100    0.0002480400   -0.0005697100
  -0.0002573100   -0.0000552500   -0.0000260500
  -0.0007172600    0.0000619700   -0.0004481200
  -0.0012734600    0.0008032600   -0.0023921200
  -0.0004997300    0.0007442000   -0.0016102300
   0.0014684700    0.0005679800   -0.0013485400
   0.0000920800   -0.0000613900   -0.0000033500
  -0.0003570500    0.0000402100   -0.0001522800
  -0.0005781700    0.0004490000   -0.0005801900
  -0.0001168200    0.0004247600   -0.0003445600
   0.0002166900    0.0003530700   -0.0003079200
   0.0001178100   -0.0000302400   -0.0001283000
  -0.0000715200   -0.0001649500   -0.0001157000
  -0.0001406500    0.0001248200   -0.0001885300
   0.0001167100    0.0001369500   -0.0001337300
  -0.0000645000    0.0001651600   -0.0001251800
  -0.0001384100   -0.0001233700   -0.0001865800
  -0.0001079300   -0.0005389500   -0.0003395100
   0.0001989400   -0.0003875500   -0.0002916200
   0.0005282100   -0.0004833900   -0.0007006100
   0.0000774800    0.0000800200   -0.0000021500
  -0.0003513500   -0.0000428600   -0.0001560800
  -0.0005348000   -0.0004343000   -0.0006150700
   0.0003768800   -0.0018802500   -0.0022614400
   0.0072222700   -0.0019597800   -0.0017653800
  -0.0000914900    0.0005325000    0.0016138800
  -0.0009569700    0.0000074200    0.0001509300
  -0.0024305200   -0.0003606900   -0.0007022700
  -0.0083178300   -0.0070219100   -0.0132845900
   0.0038360800    0.0089699700   -0.0075058200
   0.0010681400   -0.0002765700    0.0018490800
  -0.0004352500   -0.0001117900    0.0004275900
  -0.0009195800    0.0003260200   -0.0000851700
  -0.0016117900    0.0018303300   -0.0008972200
  -0.0002431400    0.0015493700   -0.0001348000
   0.0010743000    0.0003856300    0.0010528300
  -0.0000158500   -0.0003201200    0.0003902400
  -0.0002698200    0.0000003100    0.0001205500
  -0.0004415900    0.0006339100   -0.0000470000
  -0.0001289500    0.0004774300    0.0001557900
  -0.0000515700    0.0001591000    0.0001482000
  -0.0001161100   -0.0004860300    0.0001478000
   0.0001205400   -0.0005226200    0.0001338400
   0.0001786400   -0.0000036000    0.0002093600
   0.0002034500   -0.0001181500    0.0010225200
  -0.0003875100    0.0001934700    0.0002915100
  -0.0006645500   -0.0003544000    0.0000042100
  -0.0008145300   -0.0019936700   -0.0001060500
   0.0015527400   -0.0015497800    0.0004768200
  -0.0059496300    0.0056121000   -0.0154732300
  -0.0023661600    0.0003682400   -0.0007695300
  -0.0009552100    0.0000044100    0.0001425200
  -0.0001446800   -0.0004006000    0.0016677900
   0.0049517100    0.0006658900    0.0005547900
   0.0037845500   -0.0062987100   -0.0074918200
  -0.0015874800   -0.0018066900   -0.0009331500
  -0.0009224400   -0.0003170100   -0.0000905000
  -0.0004303500    0.0001179500    0.0004148600
   0.0010490400    0.0002905700    0.0018646100
   0.0009850000   -0.0004362000    0.0011331700
  -0.0001551800   -0.0014758100   -0.0002413600
  -0.0004386100   -0.0006397400   -0.0000606100
  -0.0002695900    0.0000002900    0.0001112600
  -0.0000182700    0.0003145400    0.0003842400
  -0.0001259500    0.0004781200    0.0001484800
  -0.0000511900   -0.0001599100    0.0001384300
  -0.0001185000   -0.0004836900    0.0001349800
   0.0001852400    0.0000048800    0.0001920800
   0.0001129800    0.0005211000    0.0001315300
  -0.0008454000    0.0019641900   -0.0000851000
  -0.0006628000    0.0003525900   -0.0000056100
  -0.0003872500   -0.0001945500    0.0002830800
   0.0002393400   -0.0000247600    0.0009776400
   0.0015470800    0.0015196100    0.0004646500
   0.0003953400   -0.0000714900   -0.0013495200
  -0.0001737300    0.0000432300   -0.0007053900
  -0.0003482100   -0.0000028200   -0.0003034800
  -0.0002357300   -0.0000820500   -0.0006433400
   0.0003477600    0.0000444400   -0.0013021800
   0.0002711600    0.0000280600   -0.0013259300
   0.0001378600   -0.0002281100   -0.0010822500
  -0.0002217700   -0.0000644600   -0.0003463400
  -0.0002416000    0.0000724400   -0.0003260500
   0.0000762800    0.0002649500   -0.0010193300
   0.0000864900    0.0001412500   -0.0006757500
   0.0000835800   -0.0000682300   -0.0006731600
  -0.0000296200   -0.0001736000   -0.0003446200
  -0.0001026900    0.0000001100   -0.0002345700
  -0.0000457900    0.0001873500   -0.0003277500
  -0.0000402800    0.0001775700   -0.0003059100
  -0.0000772600    0.0000094900   -0.0002944400
  -0.0000453300   -0.0001750500   -0.0003012000
   0.0000790900   -0.0001225800   -0.0003345600
   0.0000826500    0.0001013600   -0.0003379200
   0.0000091700    0.0001500100   -0.0007066700
  -0.0002293300    0.0000876800   -0.0003029100
  -0.0002463100   -0.0000977100   -0.0002859800
  -0.0000559500   -0.0001845200   -0.0006419600
   0.0005340700   -0.0000360600   -0.0010505900
