&general
 PREFIX = supercell333conv_0.01
 MODE = optimize
 NAT = 216
 NKD = 1; KD = Ge 
 TOLERANCE = 1.0e-3
/

&interaction
 NORDER = 1
/

&cutoff
 *-* None
/

&cell
    1.88972612545783
    17.1057259024746    -0.0000000000000    -0.0000000000000
    -0.0000000000000    17.1057259024746     0.0000000000000
     0.0000000000000     0.0000000000000    17.1057259024746
/

&position
   1     0.66666666666667     0.00000000000000     0.00000000000000
   1     0.83333333333333     0.16666666666667     1.00000000000000
   1     0.83333333333333     1.00000000000000     0.16666666666667
   1     0.33333333333333     0.00000000000000     0.00000000000000
   1     0.50000000000000     0.16666666666667     1.00000000000000
   1     0.66666666666667     0.33333333333333     0.00000000000000
   1     0.83333333333333     0.50000000000000     1.00000000000000
   1     0.50000000000000     1.00000000000000     0.16666666666667
   1     0.66666666666667     0.16666666666667     0.16666666666667
   1     0.83333333333333     0.33333333333333     0.16666666666667
   1     0.66666666666667     0.00000000000000     0.33333333333333
   1     0.83333333333333     0.16666666666667     0.33333333333333
   1     0.83333333333333     1.00000000000000     0.50000000000000
   1     0.00000000000000     0.00000000000000     0.00000000000000
   1     0.16666666666667     0.16666666666667     0.00000000000000
   1     0.33333333333333     0.33333333333333     0.00000000000000
   1     0.50000000000000     0.50000000000000     1.00000000000000
   1     0.66666666666667     0.66666666666667     0.00000000000000
   1     0.83333333333333     0.83333333333333     1.00000000000000
   1     0.16666666666667     0.00000000000000     0.16666666666667
   1     0.33333333333333     0.16666666666667     0.16666666666667
   1     0.50000000000000     0.33333333333333     0.16666666666667
   1     0.66666666666667     0.50000000000000     0.16666666666667
   1     0.83333333333333     0.66666666666667     0.16666666666667
   1     0.33333333333333     0.00000000000000     0.33333333333333
   1     0.50000000000000     0.16666666666667     0.33333333333333
   1     0.66666666666667     0.33333333333333     0.33333333333333
   1     0.83333333333333     0.50000000000000     0.33333333333333
   1     0.50000000000000     1.00000000000000     0.50000000000000
   1     0.66666666666667     0.16666666666667     0.50000000000000
   1     0.83333333333333     0.33333333333333     0.50000000000000
   1     0.66666666666667     0.00000000000000     0.66666666666667
   1     0.83333333333333     0.16666666666667     0.66666666666667
   1     0.83333333333333     1.00000000000000     0.83333333333333
   1     0.00000000000000     0.33333333333333     1.00000000000000
   1     0.16666666666667     0.50000000000000     0.00000000000000
   1     0.33333333333333     0.66666666666667     0.00000000000000
   1     0.50000000000000     0.83333333333333     1.00000000000000
   1     1.00000000000000     0.16666666666667     0.16666666666667
   1     0.16666666666667     0.33333333333333     0.16666666666667
   1     0.33333333333333     0.50000000000000     0.16666666666667
   1     0.50000000000000     0.66666666666667     0.16666666666667
   1     0.66666666666667     0.83333333333333     0.16666666666667
   1     1.00000000000000     0.00000000000000     0.33333333333333
   1     0.16666666666667     0.16666666666667     0.33333333333333
   1     0.33333333333333     0.33333333333333     0.33333333333333
   1     0.50000000000000     0.50000000000000     0.33333333333333
   1     0.66666666666667     0.66666666666667     0.33333333333333
   1     0.83333333333333     0.83333333333333     0.33333333333333
   1     0.16666666666667     0.00000000000000     0.50000000000000
   1     0.33333333333333     0.16666666666667     0.50000000000000
   1     0.50000000000000     0.33333333333333     0.50000000000000
   1     0.66666666666667     0.50000000000000     0.50000000000000
   1     0.83333333333333     0.66666666666667     0.50000000000000
   1     0.33333333333333     0.00000000000000     0.66666666666667
   1     0.50000000000000     0.16666666666667     0.66666666666667
   1     0.66666666666667     0.33333333333333     0.66666666666667
   1     0.83333333333333     0.50000000000000     0.66666666666667
   1     0.50000000000000     1.00000000000000     0.83333333333333
   1     0.66666666666667     0.16666666666667     0.83333333333333
   1     0.83333333333333     0.33333333333333     0.83333333333333
   1     0.00000000000000     0.66666666666667     1.00000000000000
   1     0.16666666666667     0.83333333333333     0.00000000000000
   1     1.00000000000000     0.50000000000000     0.16666666666667
   1     0.16666666666667     0.66666666666667     0.16666666666667
   1     0.33333333333333     0.83333333333333     0.16666666666667
   1     1.00000000000000     0.33333333333333     0.33333333333333
   1     0.16666666666667     0.50000000000000     0.33333333333333
   1     0.33333333333333     0.66666666666667     0.33333333333333
   1     0.50000000000000     0.83333333333333     0.33333333333333
   1     1.00000000000000     0.16666666666667     0.50000000000000
   1     0.16666666666667     0.33333333333333     0.50000000000000
   1     0.33333333333333     0.50000000000000     0.50000000000000
   1     0.50000000000000     0.66666666666667     0.50000000000000
   1     0.66666666666667     0.83333333333333     0.50000000000000
   1     1.00000000000000     0.00000000000000     0.66666666666667
   1     0.16666666666667     0.16666666666667     0.66666666666667
   1     0.33333333333333     0.33333333333333     0.66666666666667
   1     0.50000000000000     0.50000000000000     0.66666666666667
   1     0.66666666666667     0.66666666666667     0.66666666666667
   1     0.83333333333333     0.83333333333333     0.66666666666667
   1     0.16666666666667     0.00000000000000     0.83333333333333
   1     0.33333333333333     0.16666666666667     0.83333333333333
   1     0.50000000000000     0.33333333333333     0.83333333333333
   1     0.66666666666667     0.50000000000000     0.83333333333333
   1     0.83333333333333     0.66666666666667     0.83333333333333
   1     1.00000000000000     0.83333333333333     0.16666666666667
   1     1.00000000000000     0.66666666666667     0.33333333333333
   1     0.16666666666667     0.83333333333333     0.33333333333333
   1     1.00000000000000     0.50000000000000     0.50000000000000
   1     0.16666666666667     0.66666666666667     0.50000000000000
   1     0.33333333333333     0.83333333333333     0.50000000000000
   1     1.00000000000000     0.33333333333333     0.66666666666667
   1     0.16666666666667     0.50000000000000     0.66666666666667
   1     0.33333333333333     0.66666666666667     0.66666666666667
   1     0.50000000000000     0.83333333333333     0.66666666666667
   1     1.00000000000000     0.16666666666667     0.83333333333333
   1     0.16666666666667     0.33333333333333     0.83333333333333
   1     0.33333333333333     0.50000000000000     0.83333333333333
   1     0.50000000000000     0.66666666666667     0.83333333333333
   1     0.66666666666667     0.83333333333333     0.83333333333333
   1     1.00000000000000     0.83333333333333     0.50000000000000
   1     1.00000000000000     0.66666666666667     0.66666666666667
   1     0.16666666666667     0.83333333333333     0.66666666666667
   1     1.00000000000000     0.50000000000000     0.83333333333333
   1     0.16666666666667     0.66666666666667     0.83333333333333
   1     0.33333333333333     0.83333333333333     0.83333333333333
   1     1.00000000000000     0.83333333333333     0.83333333333333
   1     0.75000000000000     0.08333333333333     0.08333333333333
   1     0.91666666666667     0.25000000000000     0.08333333333333
   1     0.91666666666667     0.08333333333333     0.25000000000000
   1     0.41666666666667     0.08333333333333     0.08333333333333
   1     0.58333333333333     0.25000000000000     0.08333333333333
   1     0.75000000000000     0.41666666666667     0.08333333333333
   1     0.91666666666667     0.58333333333333     0.08333333333333
   1     0.58333333333333     0.08333333333333     0.25000000000000
   1     0.75000000000000     0.25000000000000     0.25000000000000
   1     0.91666666666667     0.41666666666667     0.25000000000000
   1     0.75000000000000     0.08333333333333     0.41666666666667
   1     0.91666666666667     0.25000000000000     0.41666666666667
   1     0.91666666666667     0.08333333333333     0.58333333333333
   1     0.08333333333333     0.08333333333333     0.08333333333333
   1     0.25000000000000     0.25000000000000     0.08333333333333
   1     0.41666666666667     0.41666666666667     0.08333333333333
   1     0.58333333333333     0.58333333333333     0.08333333333333
   1     0.75000000000000     0.75000000000000     0.08333333333333
   1     0.91666666666667     0.91666666666667     0.08333333333333
   1     0.25000000000000     0.08333333333333     0.25000000000000
   1     0.41666666666667     0.25000000000000     0.25000000000000
   1     0.58333333333333     0.41666666666667     0.25000000000000
   1     0.75000000000000     0.58333333333333     0.25000000000000
   1     0.91666666666667     0.75000000000000     0.25000000000000
   1     0.41666666666667     0.08333333333333     0.41666666666667
   1     0.58333333333333     0.25000000000000     0.41666666666667
   1     0.75000000000000     0.41666666666667     0.41666666666667
   1     0.91666666666667     0.58333333333333     0.41666666666667
   1     0.58333333333333     0.08333333333333     0.58333333333333
   1     0.75000000000000     0.25000000000000     0.58333333333333
   1     0.91666666666667     0.41666666666667     0.58333333333333
   1     0.75000000000000     0.08333333333333     0.75000000000000
   1     0.91666666666667     0.25000000000000     0.75000000000000
   1     0.91666666666667     0.08333333333333     0.91666666666667
   1     0.08333333333333     0.41666666666667     0.08333333333333
   1     0.25000000000000     0.58333333333333     0.08333333333333
   1     0.41666666666667     0.75000000000000     0.08333333333333
   1     0.58333333333333     0.91666666666667     0.08333333333333
   1     0.08333333333333     0.25000000000000     0.25000000000000
   1     0.25000000000000     0.41666666666667     0.25000000000000
   1     0.41666666666667     0.58333333333333     0.25000000000000
   1     0.58333333333333     0.75000000000000     0.25000000000000
   1     0.75000000000000     0.91666666666667     0.25000000000000
   1     0.08333333333333     0.08333333333333     0.41666666666667
   1     0.25000000000000     0.25000000000000     0.41666666666667
   1     0.41666666666667     0.41666666666667     0.41666666666667
   1     0.58333333333333     0.58333333333333     0.41666666666667
   1     0.75000000000000     0.75000000000000     0.41666666666667
   1     0.91666666666667     0.91666666666667     0.41666666666667
   1     0.25000000000000     0.08333333333333     0.58333333333333
   1     0.41666666666667     0.25000000000000     0.58333333333333
   1     0.58333333333333     0.41666666666667     0.58333333333333
   1     0.75000000000000     0.58333333333333     0.58333333333333
   1     0.91666666666667     0.75000000000000     0.58333333333333
   1     0.41666666666667     0.08333333333333     0.75000000000000
   1     0.58333333333333     0.25000000000000     0.75000000000000
   1     0.75000000000000     0.41666666666667     0.75000000000000
   1     0.91666666666667     0.58333333333333     0.75000000000000
   1     0.58333333333333     0.08333333333333     0.91666666666667
   1     0.75000000000000     0.25000000000000     0.91666666666667
   1     0.91666666666667     0.41666666666667     0.91666666666667
   1     0.08333333333333     0.75000000000000     0.08333333333333
   1     0.25000000000000     0.91666666666667     0.08333333333333
   1     0.08333333333333     0.58333333333333     0.25000000000000
   1     0.25000000000000     0.75000000000000     0.25000000000000
   1     0.41666666666667     0.91666666666667     0.25000000000000
   1     0.08333333333333     0.41666666666667     0.41666666666667
   1     0.25000000000000     0.58333333333333     0.41666666666667
   1     0.41666666666667     0.75000000000000     0.41666666666667
   1     0.58333333333333     0.91666666666667     0.41666666666667
   1     0.08333333333333     0.25000000000000     0.58333333333333
   1     0.25000000000000     0.41666666666667     0.58333333333333
   1     0.41666666666667     0.58333333333333     0.58333333333333
   1     0.58333333333333     0.75000000000000     0.58333333333333
   1     0.75000000000000     0.91666666666667     0.58333333333333
   1     0.08333333333333     0.08333333333333     0.75000000000000
   1     0.25000000000000     0.25000000000000     0.75000000000000
   1     0.41666666666667     0.41666666666667     0.75000000000000
   1     0.58333333333333     0.58333333333333     0.75000000000000
   1     0.75000000000000     0.75000000000000     0.75000000000000
   1     0.91666666666667     0.91666666666667     0.75000000000000
   1     0.25000000000000     0.08333333333333     0.91666666666667
   1     0.41666666666667     0.25000000000000     0.91666666666667
   1     0.58333333333333     0.41666666666667     0.91666666666667
   1     0.75000000000000     0.58333333333333     0.91666666666667
   1     0.91666666666667     0.75000000000000     0.91666666666667
   1     0.08333333333333     0.91666666666667     0.25000000000000
   1     0.08333333333333     0.75000000000000     0.41666666666667
   1     0.25000000000000     0.91666666666667     0.41666666666667
   1     0.08333333333333     0.58333333333333     0.58333333333333
   1     0.25000000000000     0.75000000000000     0.58333333333333
   1     0.41666666666667     0.91666666666667     0.58333333333333
   1     0.08333333333333     0.41666666666667     0.75000000000000
   1     0.25000000000000     0.58333333333333     0.75000000000000
   1     0.41666666666667     0.75000000000000     0.75000000000000
   1     0.58333333333333     0.91666666666667     0.75000000000000
   1     0.08333333333333     0.25000000000000     0.91666666666667
   1     0.25000000000000     0.41666666666667     0.91666666666667
   1     0.41666666666667     0.58333333333333     0.91666666666667
   1     0.58333333333333     0.75000000000000     0.91666666666667
   1     0.75000000000000     0.91666666666667     0.91666666666667
   1     0.08333333333333     0.91666666666667     0.58333333333333
   1     0.08333333333333     0.75000000000000     0.75000000000000
   1     0.25000000000000     0.91666666666667     0.75000000000000
   1     0.08333333333333     0.58333333333333     0.91666666666667
   1     0.25000000000000     0.75000000000000     0.91666666666667
   1     0.41666666666667     0.91666666666667     0.91666666666667
   1     0.08333333333333     0.91666666666667     0.91666666666667
/

&optimize
 DFSET = DFSET_ENCUT300
/

