# Filename: vasprun_disp1_ENCUT300.xml, Snapshot: 1, E_pot (eV): -1057.32616941
      0.0188973       0.0000000       0.0000000      -4.25443900E-03 -0.00000000E+00  0.00000000E+00
      0.0000000       0.0000000       0.0000000       5.58017261E-05  4.68145336E-05  3.00353553E-05
      0.0000000       0.0000000       0.0000000       5.58017261E-05  3.00353553E-05  4.68145336E-05
      0.0000000       0.0000000       0.0000000       4.29465442E-06 -0.00000000E+00  0.00000000E+00
      0.0000000       0.0000000       0.0000000       5.47978769E-05 -4.64423198E-05  2.98000478E-05
      0.0000000       0.0000000       0.0000000       9.91364306E-06  1.93302232E-07 -1.24460190E-08
      0.0000000       0.0000000       0.0000000       7.69163973E-06 -0.00000000E+00  0.00000000E+00
      0.0000000       0.0000000       0.0000000       5.47978769E-05  2.98000478E-05 -4.64423198E-05
      0.0000000       0.0000000       0.0000000      -1.30761765E-04 -3.00979743E-05 -3.00979743E-05
      0.0000000       0.0000000       0.0000000       8.94829871E-06  5.19971337E-06 -1.20181871E-05
      0.0000000       0.0000000       0.0000000       9.91364306E-06 -1.24460190E-08  1.93302232E-07
      0.0000000       0.0000000       0.0000000       8.94829871E-06 -1.20181871E-05  5.19971337E-06
      0.0000000       0.0000000       0.0000000       7.69163973E-06 -0.00000000E+00  0.00000000E+00
      0.0000000       0.0000000       0.0000000       4.12118803E-06 -0.00000000E+00  0.00000000E+00
      0.0000000       0.0000000       0.0000000       3.39542955E-06 -1.89801789E-07 -1.02368506E-06
      0.0000000       0.0000000       0.0000000       1.72027319E-06 -4.02745395E-06  6.55360687E-06
      0.0000000       0.0000000       0.0000000       7.53139723E-06 -0.00000000E+00  0.00000000E+00
      0.0000000       0.0000000       0.0000000       9.91364306E-06 -1.93302232E-07  1.24460190E-08
      0.0000000       0.0000000       0.0000000       5.58017261E-05 -4.68145336E-05 -3.00353553E-05
      0.0000000       0.0000000       0.0000000       3.39542955E-06 -1.02368506E-06 -1.89801789E-07
      0.0000000       0.0000000       0.0000000       2.91820251E-06 -5.19115673E-06 -5.19115673E-06
      0.0000000       0.0000000       0.0000000       8.86623277E-06 -2.75134807E-06  1.18136056E-05
      0.0000000       0.0000000       0.0000000       6.92154230E-06  1.04935498E-06 -1.87857099E-07
      0.0000000       0.0000000       0.0000000       8.91912835E-06 -2.98315517E-06 -1.19528455E-05
      0.0000000       0.0000000       0.0000000       1.72027319E-06  6.55360687E-06 -4.02745395E-06
      0.0000000       0.0000000       0.0000000       8.86623277E-06  1.18136056E-05 -2.75134807E-06
      0.0000000       0.0000000       0.0000000      -4.08042732E-05 -6.51976925E-06 -6.51976925E-06
      0.0000000       0.0000000       0.0000000       3.69996808E-06  8.84445224E-07 -8.07396587E-06
      0.0000000       0.0000000       0.0000000       7.53139723E-06 -0.00000000E+00  0.00000000E+00
      0.0000000       0.0000000       0.0000000       6.92154230E-06 -1.87857099E-07  1.04935498E-06
      0.0000000       0.0000000       0.0000000       3.69996808E-06 -8.07396587E-06  8.84445224E-07
      0.0000000       0.0000000       0.0000000       9.91364306E-06  1.24460190E-08 -1.93302232E-07
      0.0000000       0.0000000       0.0000000       8.91912835E-06 -1.19528455E-05 -2.98315517E-06
      0.0000000       0.0000000       0.0000000       5.58017261E-05 -3.00353553E-05 -4.68145336E-05
      0.0000000       0.0000000       0.0000000       1.60125813E-06  4.41716992E-06  6.65278608E-06
      0.0000000       0.0000000       0.0000000      -9.10893014E-07 -0.00000000E+00  0.00000000E+00
      0.0000000       0.0000000       0.0000000       1.72027319E-06  4.02745395E-06 -6.55360687E-06
      0.0000000       0.0000000       0.0000000       5.47978769E-05  4.64423198E-05 -2.98000478E-05
      0.0000000       0.0000000       0.0000000       2.86725162E-06  2.75718214E-06  2.75718214E-06
      0.0000000       0.0000000       0.0000000       1.64909751E-06  4.57391197E-07 -9.26061600E-07
      0.0000000       0.0000000       0.0000000       2.59460602E-06 -3.90493845E-07  8.09146809E-06
      0.0000000       0.0000000       0.0000000       8.86195445E-06  4.98074122E-06  1.17502087E-05
      0.0000000       0.0000000       0.0000000      -1.30305540E-04 -2.97549309E-05  2.97549309E-05
      0.0000000       0.0000000       0.0000000       1.60125813E-06  6.65278608E-06  4.41716992E-06
      0.0000000       0.0000000       0.0000000       1.64909751E-06 -9.26061600E-07  4.57391197E-07
      0.0000000       0.0000000       0.0000000       3.01854854E-06  2.17805332E-06  2.17805332E-06
      0.0000000       0.0000000       0.0000000       3.49655346E-06  8.86389914E-07  8.43878981E-06
      0.0000000       0.0000000       0.0000000      -4.06370298E-05 -6.67223299E-06  6.67223299E-06
      0.0000000       0.0000000       0.0000000       8.91912835E-06  1.19528455E-05  2.98315517E-06
      0.0000000       0.0000000       0.0000000      -9.10893014E-07 -0.00000000E+00  0.00000000E+00
      0.0000000       0.0000000       0.0000000       2.59460602E-06  8.09146809E-06 -3.90493845E-07
      0.0000000       0.0000000       0.0000000       3.49655346E-06  8.43878981E-06  8.86389914E-07
      0.0000000       0.0000000       0.0000000      -5.04476043E-05 -0.00000000E+00  0.00000000E+00
      0.0000000       0.0000000       0.0000000       3.69996808E-06  8.07396587E-06 -8.84445224E-07
      0.0000000       0.0000000       0.0000000       1.72027319E-06 -6.55360687E-06  4.02745395E-06
      0.0000000       0.0000000       0.0000000       8.86195445E-06  1.17502087E-05  4.98074122E-06
      0.0000000       0.0000000       0.0000000      -4.06370298E-05  6.67223299E-06 -6.67223299E-06
      0.0000000       0.0000000       0.0000000       3.69996808E-06 -8.84445224E-07  8.07396587E-06
      0.0000000       0.0000000       0.0000000       5.47978769E-05 -2.98000478E-05  4.64423198E-05
      0.0000000       0.0000000       0.0000000      -1.30305540E-04  2.97549309E-05 -2.97549309E-05
      0.0000000       0.0000000       0.0000000       8.91912835E-06  2.98315517E-06  1.19528455E-05
      0.0000000       0.0000000       0.0000000       1.60125813E-06 -4.41716992E-06 -6.65278608E-06
      0.0000000       0.0000000       0.0000000       3.39542955E-06  1.89801789E-07  1.02368506E-06
      0.0000000       0.0000000       0.0000000       2.39702547E-06 -4.02550926E-07 -8.41856503E-06
      0.0000000       0.0000000       0.0000000       1.68099044E-06  3.25152246E-07  8.30771767E-07
      0.0000000       0.0000000       0.0000000       2.95981889E-06  2.97848792E-06 -2.97848792E-06
      0.0000000       0.0000000       0.0000000       2.96915340E-06 -1.92952188E-06 -1.92952188E-06
      0.0000000       0.0000000       0.0000000       2.97693216E-06 -9.72345233E-09  1.84745594E-07
      0.0000000       0.0000000       0.0000000       3.04305164E-06 -2.16366261E-06  2.16366261E-06
      0.0000000       0.0000000       0.0000000       8.86195445E-06 -1.17502087E-05 -4.98074122E-06
      0.0000000       0.0000000       0.0000000       2.39702547E-06 -8.41856503E-06 -4.02550926E-07
      0.0000000       0.0000000       0.0000000       2.97693216E-06  1.84745594E-07 -9.72345233E-09
      0.0000000       0.0000000       0.0000000       3.47088354E-06 -0.00000000E+00  0.00000000E+00
      0.0000000       0.0000000       0.0000000       3.49655346E-06 -8.43878981E-06 -8.86389914E-07
      0.0000000       0.0000000       0.0000000       6.92154230E-06  1.87857099E-07 -1.04935498E-06
      0.0000000       0.0000000       0.0000000       1.60125813E-06 -6.65278608E-06 -4.41716992E-06
      0.0000000       0.0000000       0.0000000       1.68099044E-06  8.30771767E-07  3.25152246E-07
      0.0000000       0.0000000       0.0000000       3.04305164E-06  2.16366261E-06 -2.16366261E-06
      0.0000000       0.0000000       0.0000000       3.49655346E-06 -8.86389914E-07 -8.43878981E-06
      0.0000000       0.0000000       0.0000000      -4.08042732E-05  6.51976925E-06  6.51976925E-06
      0.0000000       0.0000000       0.0000000       8.94829871E-06  1.20181871E-05 -5.19971337E-06
      0.0000000       0.0000000       0.0000000       3.39542955E-06  1.02368506E-06  1.89801789E-07
      0.0000000       0.0000000       0.0000000       2.95981889E-06 -2.97848792E-06  2.97848792E-06
      0.0000000       0.0000000       0.0000000       8.86195445E-06 -4.98074122E-06 -1.17502087E-05
      0.0000000       0.0000000       0.0000000       6.92154230E-06 -1.04935498E-06  1.87857099E-07
      0.0000000       0.0000000       0.0000000       8.94829871E-06 -5.19971337E-06  1.20181871E-05
      0.0000000       0.0000000       0.0000000       2.87969764E-06 -4.98774211E-06  4.98774211E-06
      0.0000000       0.0000000       0.0000000       2.97187597E-06  1.91396436E-06 -1.91396436E-06
      0.0000000       0.0000000       0.0000000       1.68099044E-06 -8.30771767E-07 -3.25152246E-07
      0.0000000       0.0000000       0.0000000       3.29858397E-06 -0.00000000E+00  0.00000000E+00
      0.0000000       0.0000000       0.0000000       2.97693216E-06 -1.84745594E-07  9.72345233E-09
      0.0000000       0.0000000       0.0000000       2.59460602E-06 -8.09146809E-06  3.90493845E-07
      0.0000000       0.0000000       0.0000000       2.97187597E-06 -1.91396436E-06  1.91396436E-06
      0.0000000       0.0000000       0.0000000       2.97693216E-06  9.72345233E-09 -1.84745594E-07
      0.0000000       0.0000000       0.0000000       3.01854854E-06 -2.17805332E-06 -2.17805332E-06
      0.0000000       0.0000000       0.0000000       8.86623277E-06 -1.18136056E-05  2.75134807E-06
      0.0000000       0.0000000       0.0000000       2.87969764E-06  4.98774211E-06 -4.98774211E-06
      0.0000000       0.0000000       0.0000000       1.68099044E-06 -3.25152246E-07 -8.30771767E-07
      0.0000000       0.0000000       0.0000000       2.59460602E-06  3.90493845E-07 -8.09146809E-06
      0.0000000       0.0000000       0.0000000       8.86623277E-06  2.75134807E-06 -1.18136056E-05
      0.0000000       0.0000000       0.0000000      -1.30761765E-04  3.00979743E-05  3.00979743E-05
      0.0000000       0.0000000       0.0000000       2.39702547E-06  8.41856503E-06  4.02550926E-07
      0.0000000       0.0000000       0.0000000       2.96915340E-06  1.92952188E-06  1.92952188E-06
      0.0000000       0.0000000       0.0000000       1.64909751E-06  9.26061600E-07 -4.57391197E-07
      0.0000000       0.0000000       0.0000000       2.39702547E-06  4.02550926E-07  8.41856503E-06
      0.0000000       0.0000000       0.0000000       1.64909751E-06 -4.57391197E-07  9.26061600E-07
      0.0000000       0.0000000       0.0000000       2.91820251E-06  5.19115673E-06  5.19115673E-06
      0.0000000       0.0000000       0.0000000       2.86725162E-06 -2.75718214E-06 -2.75718214E-06
      0.0000000       0.0000000       0.0000000       1.05491796E-03  7.74652667E-04  7.74652667E-04
      0.0000000       0.0000000       0.0000000      -4.67892526E-07  4.61708410E-06 -1.51308586E-05
      0.0000000       0.0000000       0.0000000      -4.67892526E-07 -1.51308586E-05  4.61708410E-06
      0.0000000       0.0000000       0.0000000      -6.85697858E-06  8.17742341E-06  8.17742341E-06
      0.0000000       0.0000000       0.0000000      -1.34883731E-05  8.07941101E-06 -2.08463039E-05
      0.0000000       0.0000000       0.0000000      -7.71186451E-06  9.28006290E-07 -5.45291207E-07
      0.0000000       0.0000000       0.0000000      -2.72334453E-06  1.46007360E-06  5.27438948E-06
      0.0000000       0.0000000       0.0000000      -1.34883731E-05 -2.08463039E-05  8.07941101E-06
      0.0000000       0.0000000       0.0000000       6.55279010E-05 -1.52537631E-05 -1.52537631E-05
      0.0000000       0.0000000       0.0000000      -2.60238478E-06 -1.74594310E-06  9.77245853E-06
      0.0000000       0.0000000       0.0000000      -7.71186451E-06 -5.45291207E-07  9.28006290E-07
      0.0000000       0.0000000       0.0000000      -2.60238478E-06  9.77245853E-06 -1.74594310E-06
      0.0000000       0.0000000       0.0000000      -2.72334453E-06  5.27438948E-06  1.46007360E-06
      0.0000000       0.0000000       0.0000000      -2.74162462E-06  1.18703906E-06  1.18703906E-06
      0.0000000       0.0000000       0.0000000      -3.80575924E-06  1.41651254E-06  5.27477842E-06
      0.0000000       0.0000000       0.0000000      -2.76146046E-06  1.33289085E-06 -5.21021470E-06
      0.0000000       0.0000000       0.0000000      -7.67880477E-06  1.18120499E-06  8.09380172E-07
      0.0000000       0.0000000       0.0000000      -1.37894112E-05  8.16575526E-06  2.10341610E-05
      0.0000000       0.0000000       0.0000000      -6.92620956E-06  8.06968756E-06 -8.06968756E-06
      0.0000000       0.0000000       0.0000000      -3.80575924E-06  5.27477842E-06  1.41651254E-06
      0.0000000       0.0000000       0.0000000      -6.42097898E-06 -5.09508902E-08 -5.09508902E-08
      0.0000000       0.0000000       0.0000000      -6.60339094E-06  4.93329077E-06 -5.22382753E-06
      0.0000000       0.0000000       0.0000000      -6.80174937E-06  5.29500320E-06  5.25027532E-06
      0.0000000       0.0000000       0.0000000      -6.43692544E-06 -3.77269950E-08  3.77269950E-08
      0.0000000       0.0000000       0.0000000      -2.76146046E-06 -5.21021470E-06  1.33289085E-06
      0.0000000       0.0000000       0.0000000      -6.60339094E-06 -5.22382753E-06  4.93329077E-06
      0.0000000       0.0000000       0.0000000       2.72505586E-05  5.41012888E-07  5.41012888E-07
      0.0000000       0.0000000       0.0000000      -3.01038084E-06 -2.66733744E-06  2.66733744E-06
      0.0000000       0.0000000       0.0000000      -7.67880477E-06  8.09380172E-07  1.18120499E-06
      0.0000000       0.0000000       0.0000000      -6.80174937E-06  5.25027532E-06  5.29500320E-06
      0.0000000       0.0000000       0.0000000      -3.01038084E-06  2.66733744E-06 -2.66733744E-06
      0.0000000       0.0000000       0.0000000      -1.37894112E-05  2.10341610E-05  8.16575526E-06
      0.0000000       0.0000000       0.0000000      -6.43692544E-06  3.77269950E-08 -3.77269950E-08
      0.0000000       0.0000000       0.0000000      -6.92620956E-06 -8.06968756E-06  8.06968756E-06
      0.0000000       0.0000000       0.0000000      -5.61237668E-07 -1.36128333E-06  7.13312463E-07
      0.0000000       0.0000000       0.0000000      -6.79085911E-07 -1.15592401E-06 -5.88074397E-07
      0.0000000       0.0000000       0.0000000      -6.52249182E-07  4.42417081E-06  1.54073936E-05
      0.0000000       0.0000000       0.0000000       1.04593893E-03  7.56022144E-04 -7.56022144E-04
      0.0000000       0.0000000       0.0000000      -1.87429267E-06 -1.58297804E-06 -1.58297804E-06
      0.0000000       0.0000000       0.0000000      -3.40437513E-06 -3.12745121E-06 -2.74434718E-06
      0.0000000       0.0000000       0.0000000      -2.61366399E-06 -1.40367758E-06 -9.76701339E-06
      0.0000000       0.0000000       0.0000000       6.53314873E-05 -1.52837113E-05  1.52837113E-05
      0.0000000       0.0000000       0.0000000      -1.37894112E-05 -2.10341610E-05 -8.16575526E-06
      0.0000000       0.0000000       0.0000000      -5.61237668E-07  7.13312463E-07 -1.36128333E-06
      0.0000000       0.0000000       0.0000000      -3.40437513E-06 -2.74434718E-06 -3.12745121E-06
      0.0000000       0.0000000       0.0000000      -2.98432199E-06 -2.79452020E-06 -2.79452020E-06
      0.0000000       0.0000000       0.0000000       2.72696165E-05  7.59207158E-07 -7.59207158E-07
      0.0000000       0.0000000       0.0000000      -6.80174937E-06 -5.25027532E-06 -5.29500320E-06
      0.0000000       0.0000000       0.0000000      -2.72334453E-06 -5.27438948E-06 -1.46007360E-06
      0.0000000       0.0000000       0.0000000      -6.79085911E-07 -5.88074397E-07 -1.15592401E-06
      0.0000000       0.0000000       0.0000000      -2.61366399E-06 -9.76701339E-06 -1.40367758E-06
      0.0000000       0.0000000       0.0000000       2.72696165E-05 -7.59207158E-07  7.59207158E-07
      0.0000000       0.0000000       0.0000000       2.72505586E-05 -5.41012888E-07 -5.41012888E-07
      0.0000000       0.0000000       0.0000000      -2.60238478E-06 -9.77245853E-06  1.74594310E-06
      0.0000000       0.0000000       0.0000000      -6.52249182E-07  1.54073936E-05  4.42417081E-06
      0.0000000       0.0000000       0.0000000       6.53314873E-05  1.52837113E-05 -1.52837113E-05
      0.0000000       0.0000000       0.0000000      -6.80174937E-06 -5.29500320E-06 -5.25027532E-06
      0.0000000       0.0000000       0.0000000      -2.60238478E-06  1.74594310E-06 -9.77245853E-06
      0.0000000       0.0000000       0.0000000       1.04593893E-03 -7.56022144E-04  7.56022144E-04
      0.0000000       0.0000000       0.0000000      -1.37894112E-05 -8.16575526E-06 -2.10341610E-05
      0.0000000       0.0000000       0.0000000      -2.72334453E-06 -1.46007360E-06 -5.27438948E-06
      0.0000000       0.0000000       0.0000000      -3.65057294E-06  1.36478377E-06 -4.95351555E-06
      0.0000000       0.0000000       0.0000000      -2.78829719E-06  9.21394343E-07 -9.21394343E-07
      0.0000000       0.0000000       0.0000000      -3.23790963E-06 -2.75562639E-06  2.71167639E-06
      0.0000000       0.0000000       0.0000000      -2.07809623E-06 -1.56897627E-06  1.56897627E-06
      0.0000000       0.0000000       0.0000000      -6.52249182E-07 -1.54073936E-05 -4.42417081E-06
      0.0000000       0.0000000       0.0000000      -2.33051705E-06 -1.94469047E-08 -1.94469047E-08
      0.0000000       0.0000000       0.0000000      -2.38380157E-06  2.25584094E-07 -2.25584094E-07
      0.0000000       0.0000000       0.0000000      -2.61366399E-06  9.76701339E-06  1.40367758E-06
      0.0000000       0.0000000       0.0000000      -7.67880477E-06 -8.09380172E-07 -1.18120499E-06
      0.0000000       0.0000000       0.0000000      -3.23790963E-06  2.71167639E-06 -2.75562639E-06
      0.0000000       0.0000000       0.0000000      -2.38380157E-06 -2.25584094E-07  2.25584094E-07
      0.0000000       0.0000000       0.0000000      -2.98432199E-06  2.79452020E-06  2.79452020E-06
      0.0000000       0.0000000       0.0000000      -6.60339094E-06  5.22382753E-06 -4.93329077E-06
      0.0000000       0.0000000       0.0000000      -7.71186451E-06  5.45291207E-07 -9.28006290E-07
      0.0000000       0.0000000       0.0000000      -3.65057294E-06 -4.95351555E-06  1.36478377E-06
      0.0000000       0.0000000       0.0000000      -2.07809623E-06  1.56897627E-06 -1.56897627E-06
      0.0000000       0.0000000       0.0000000      -2.61366399E-06  1.40367758E-06  9.76701339E-06
      0.0000000       0.0000000       0.0000000      -6.60339094E-06 -4.93329077E-06  5.22382753E-06
      0.0000000       0.0000000       0.0000000       6.55279010E-05  1.52537631E-05  1.52537631E-05
      0.0000000       0.0000000       0.0000000      -4.67892526E-07  1.51308586E-05 -4.61708410E-06
      0.0000000       0.0000000       0.0000000      -2.78829719E-06 -9.21394343E-07  9.21394343E-07
      0.0000000       0.0000000       0.0000000      -6.52249182E-07 -4.42417081E-06 -1.54073936E-05
      0.0000000       0.0000000       0.0000000      -7.67880477E-06 -1.18120499E-06 -8.09380172E-07
      0.0000000       0.0000000       0.0000000      -7.71186451E-06 -9.28006290E-07  5.45291207E-07
      0.0000000       0.0000000       0.0000000      -4.67892526E-07 -4.61708410E-06  1.51308586E-05
      0.0000000       0.0000000       0.0000000      -3.65057294E-06  4.95351555E-06 -1.36478377E-06
      0.0000000       0.0000000       0.0000000      -3.23790963E-06 -2.71167639E-06  2.75562639E-06
      0.0000000       0.0000000       0.0000000      -6.79085911E-07  5.88074397E-07  1.15592401E-06
      0.0000000       0.0000000       0.0000000      -2.33051705E-06  1.94469047E-08  1.94469047E-08
      0.0000000       0.0000000       0.0000000      -3.40437513E-06  2.74434718E-06  3.12745121E-06
      0.0000000       0.0000000       0.0000000      -2.76146046E-06  5.21021470E-06 -1.33289085E-06
      0.0000000       0.0000000       0.0000000      -3.23790963E-06  2.75562639E-06 -2.71167639E-06
      0.0000000       0.0000000       0.0000000      -3.40437513E-06  3.12745121E-06  2.74434718E-06
      0.0000000       0.0000000       0.0000000      -6.42097898E-06  5.09508902E-08  5.09508902E-08
      0.0000000       0.0000000       0.0000000      -1.34883731E-05  2.08463039E-05 -8.07941101E-06
      0.0000000       0.0000000       0.0000000      -3.65057294E-06 -1.36478377E-06  4.95351555E-06
      0.0000000       0.0000000       0.0000000      -6.79085911E-07  1.15592401E-06  5.88074397E-07
      0.0000000       0.0000000       0.0000000      -2.76146046E-06 -1.33289085E-06  5.21021470E-06
      0.0000000       0.0000000       0.0000000      -1.34883731E-05 -8.07941101E-06  2.08463039E-05
      0.0000000       0.0000000       0.0000000       1.05491796E-03 -7.74652667E-04 -7.74652667E-04
      0.0000000       0.0000000       0.0000000      -5.61237668E-07 -7.13312463E-07  1.36128333E-06
      0.0000000       0.0000000       0.0000000      -1.87429267E-06  1.58297804E-06  1.58297804E-06
      0.0000000       0.0000000       0.0000000      -3.80575924E-06 -5.27477842E-06 -1.41651254E-06
      0.0000000       0.0000000       0.0000000      -5.61237668E-07  1.36128333E-06 -7.13312463E-07
      0.0000000       0.0000000       0.0000000      -3.80575924E-06 -1.41651254E-06 -5.27477842E-06
      0.0000000       0.0000000       0.0000000      -6.85697858E-06 -8.17742341E-06 -8.17742341E-06
      0.0000000       0.0000000       0.0000000      -2.74162462E-06 -1.18703906E-06 -1.18703906E-06
