0.000    -12.6460    -0.2084    -0.0208    -0.0208    -0.0208    2.4809    2.4809    2.4809     6.1301     9.1862
0.015    -12.6442    -0.3377    -0.0302    -0.0220     0.0998    2.4829    2.4839    2.4925     6.1408     9.1661
0.030    -12.6388    -0.5364    -0.0580    -0.0258     0.2720    2.4890    2.4928    2.5276     6.1726     9.1011
0.045    -12.6298    -0.7465    -0.1036    -0.0320     0.4379    2.4991    2.5076    2.5862     6.2250     8.9665
0.060    -12.6173    -0.9619    -0.1658    -0.0408     0.5907    2.5132    2.5277    2.6683     6.2969     8.8319
0.075    -12.6011    -1.1803    -0.2430    -0.0522     0.7284    2.5314    2.5529    2.7732     6.3869     8.6929
0.090    -12.5814    -1.4002    -0.3336    -0.0663     0.8507    2.5536    2.5830    2.8994     6.4935     8.5476
0.105    -12.5581    -1.6207    -0.4360    -0.0830     0.9581    2.5798    2.6175    3.0443     6.6149     8.4081
0.120    -12.5313    -1.8410    -0.5484    -0.1026     1.0524    2.6101    2.6563    3.2048     6.7495     8.2670
0.135    -12.5010    -2.0606    -0.6692    -0.1249     1.1353    2.6444    2.6993    3.3769     6.8953     8.1336
0.150    -12.4672    -2.2788    -0.7971    -0.1502     1.2090    2.6826    2.7463    3.5565     7.0505     8.0065
0.165    -12.4299    -2.4954    -0.9305    -0.1785     1.2753    2.7249    2.7971    3.7395     7.2133     7.8859
0.180    -12.3891    -2.7100    -1.0684    -0.2097     1.3360    2.7711    2.8519    3.9216     7.3820     7.7732
0.195    -12.3449    -2.9223    -1.2097    -0.2440     1.3921    2.8214    2.9105    4.0987     7.5549     7.6686
0.210    -12.2974    -3.1321    -1.3534    -0.2814     1.4448    2.8755    2.9730    4.2665     7.5723     7.7301
0.225    -12.2465    -3.3391    -1.4986    -0.3220     1.4947    2.9336    3.0393    4.4212     7.4848     7.9064
0.240    -12.1922    -3.5432    -1.6447    -0.3656     1.5422    2.9957    3.1095    4.5592     7.4063     8.0823
0.255    -12.1347    -3.7442    -1.7909    -0.4123     1.5877    3.0617    3.1836    4.6777     7.3367     8.2568
0.270    -12.0740    -3.9421    -1.9367    -0.4620     1.6313    3.1315    3.2616    4.7748     7.2763     8.4275
0.285    -12.0102    -4.1367    -2.0817    -0.5147     1.6728    3.2053    3.3436    4.8506     7.2252     8.5740
0.300    -11.9432    -4.3279    -2.2252    -0.5703     1.7121    3.2829    3.4294    4.9058     7.1833     8.7104
0.315    -11.8733    -4.5156    -2.3669    -0.6286     1.7490    3.3643    3.5192    4.9430     7.1507     8.8697
0.330    -11.8004    -4.6998    -2.5064    -0.6896     1.7830    3.4495    3.6128    4.9655     7.1272     9.0503
0.345    -11.7246    -4.8803    -2.6433    -0.7529     1.8138    3.5385    3.7105    4.9769     7.1129     9.2036
0.360    -11.6461    -5.0572    -2.7774    -0.8186     1.8408    3.6313    3.8120    4.9807     7.1075     9.3310
0.375    -11.5650    -5.2303    -2.9083    -0.8863     1.8636    3.7278    3.9174    4.9803     7.1110     9.4401
0.390    -11.4813    -5.3997    -3.0357    -0.9559     1.8817    3.8280    4.0266    4.9788     7.1232     9.5246
0.405    -11.3952    -5.5652    -3.1593    -1.0270     1.8944    3.9319    4.1397    4.9789     7.1439     9.5998
0.420    -11.3068    -5.7269    -3.2789    -1.0996     1.9016    4.0394    4.2565    4.9827     7.1729     9.6481
0.435    -11.2164    -5.8846    -3.3941    -1.1734     1.9027    4.1504    4.3771    4.9921     7.2101     9.6624
0.450    -11.1240    -6.0385    -3.5048    -1.2481     1.8976    4.2651    4.5014    5.0085     7.2553     9.6345
0.465    -11.0298    -6.1883    -3.6107    -1.3234     1.8863    4.3832    4.6293    5.0329     7.3081     9.5576
0.480    -10.9341    -6.3342    -3.7114    -1.3992     1.8689    4.5048    4.7606    5.0659     7.3685     9.4290
0.495    -10.8372    -6.4761    -3.8067    -1.4752     1.8456    4.6298    4.8951    5.1081     7.4362     9.2514
0.510    -10.7391    -6.6140    -3.8964    -1.5512     1.8168    4.7581    5.0327    5.1595     7.5110     9.0322
0.525    -10.6403    -6.7478    -3.9800    -1.6270     1.7831    4.8898    5.1731    5.2202     7.5928     8.7809
0.540    -10.5409    -6.8775    -4.0573    -1.7023     1.7449    5.0246    5.2899    5.3155     7.6812     8.5065
0.555    -10.4415    -7.0032    -4.1280    -1.7770     1.7029    5.1626    5.3682    5.4591     7.7761     8.2169
0.570    -10.3421    -7.1248    -4.1918    -1.8508     1.6577    5.3037    5.4550    5.6022     7.8774     7.9198
0.585    -10.2434    -7.2422    -4.2483    -1.9235     1.6098    5.4477    5.5495    5.7416     7.6224     7.9847
0.600    -10.1455    -7.3556    -4.2971    -1.9950     1.5600    5.5945    5.6514    5.8701     7.3346     8.0978
0.615    -10.0490    -7.4649    -4.3379    -2.0652     1.5087    5.7441    5.7603    5.9703     7.0761     8.2167
0.630     -9.9542    -7.5700    -4.3704    -2.1338     1.4565    5.8758    5.8964    6.0008     6.8902     8.3412
0.645     -9.8616    -7.6710    -4.3942    -2.2007     1.4038    5.9051    5.9973    6.0511     6.8342     8.4711
0.660     -9.7717    -7.7678    -4.4090    -2.2657     1.3511    5.6946    6.1246    6.2083     6.8981     8.6063
0.675     -9.6847    -7.8605    -4.4144    -2.3288     1.2988    5.4274    6.2571    6.3676     7.0245     8.7464
0.690     -9.6012    -7.9490    -4.4103    -2.3898     1.2471    5.1374    6.3946    6.5288     7.1801     8.8915
0.705     -9.5216    -8.0334    -4.3965    -2.4485     1.1964    4.8387    6.5367    6.6918     7.3514     9.0413
0.720     -9.4461    -8.1136    -4.3727    -2.5050     1.1471    4.5378    6.6829    6.8563     7.5326     9.1956
0.735     -9.3750    -8.1896    -4.3390    -2.5590     1.0992    4.2377    6.8330    7.0219     7.7210     9.3544
0.750     -9.3086    -8.2614    -4.2956    -2.6106     1.0531    3.9405    6.9866    7.1885     7.9152     9.5174
0.755     -9.2875    -8.2845    -4.2789    -2.6272     1.0381    3.8422    7.0385    7.2441     7.9810     9.5726
0.760     -9.2670    -8.3070    -4.2612    -2.6435     1.0234    3.7445    7.0907    7.2997     8.0474     9.6283
0.765     -9.2470    -8.3291    -4.2424    -2.6595     1.0089    3.6474    7.1433    7.3554     8.1143     9.6844
0.770     -9.2276    -8.3507    -4.2227    -2.6752     0.9946    3.5508    7.1961    7.4111     8.1816     9.7409
0.775     -9.2087    -8.3719    -4.2019    -2.6907     0.9806    3.4548    7.2493    7.4667     8.2494     9.7979
0.780     -9.1904    -8.3926    -4.1800    -2.7058     0.9668    3.3595    7.3027    7.5224     8.3177     9.8554
0.785     -9.1726    -8.4128    -4.1573    -2.7206     0.9532    3.2649    7.3563    7.5779     8.3864     9.9132
0.790     -9.1554    -8.4326    -4.1335    -2.7351     0.9399    3.1711    7.4102    7.6334     8.4555     9.9714
0.795     -9.1387    -8.4519    -4.1089    -2.7493     0.9269    3.0780    7.4642    7.6887     8.5250    10.0300
0.800     -9.1225    -8.4708    -4.0833    -2.7632     0.9141    2.9857    7.5185    7.7439     8.5949    10.0889
0.805     -9.1069    -8.4891    -4.0569    -2.7768     0.9016    2.8942    7.5730    7.7989     8.6653    10.1483
0.810     -9.0918    -8.5071    -4.0297    -2.7900     0.8893    2.8036    7.6276    7.8538     8.7359    10.2080
0.815     -9.0773    -8.5245    -4.0016    -2.8030     0.8774    2.7139    7.6823    7.9084     8.8070    10.2681
0.820     -9.0633    -8.5415    -3.9728    -2.8156     0.8657    2.6252    7.7371    7.9627     8.8784    10.3285
0.825     -9.0498    -8.5580    -3.9432    -2.8279     0.8543    2.5374    7.7921    8.0168     8.9502    10.3892
0.830     -9.0368    -8.5741    -3.9130    -2.8398     0.8432    2.4507    7.8470    8.0705     9.0223    10.4503
0.835     -9.0243    -8.5897    -3.8821    -2.8515     0.8323    2.3651    7.9020    8.1238     9.0947    10.5116
0.840     -9.0123    -8.6048    -3.8507    -2.8628     0.8218    2.2806    7.9570    8.1768     9.1675    10.5733
0.845     -9.0009    -8.6195    -3.8187    -2.8738     0.8116    2.1973    8.0120    8.2293     9.2405    10.6353
0.850     -8.9899    -8.6336    -3.7863    -2.8844     0.8016    2.1153    8.0668    8.2812     9.3138    10.6975
0.855     -8.9793    -8.6474    -3.7534    -2.8947     0.7920    2.0345    8.1216    8.3327     9.3874    10.7600
0.860     -8.9693    -8.6606    -3.7202    -2.9047     0.7826    1.9551    8.1762    8.3835     9.4613    10.8227
0.865     -8.9597    -8.6734    -3.6867    -2.9144     0.7736    1.8771    8.2306    8.4336     9.5353    10.8856
0.870     -8.9505    -8.6858    -3.6530    -2.9237     0.7649    1.8006    8.2847    8.4831     9.6096    10.9488
0.875     -8.9418    -8.6976    -3.6192    -2.9326     0.7565    1.7256    8.3386    8.5317     9.6841    11.0123
0.880     -8.9335    -8.7091    -3.5853    -2.9413     0.7484    1.6522    8.3921    8.5795     9.7588    11.0755
0.885     -8.9256    -8.7200    -3.5514    -2.9495     0.7406    1.5806    8.4451    8.6264     9.8337    11.1404
0.890     -8.9182    -8.7305    -3.5177    -2.9575     0.7332    1.5108    8.4976    8.6723     9.9086    11.2028
0.895     -8.9111    -8.7405    -3.4842    -2.9651     0.7260    1.4428    8.5496    8.7171     9.9836    11.2672
0.900     -8.9045    -8.7500    -3.4510    -2.9723     0.7192    1.3768    8.6009    8.7607    10.0586    11.3310
0.905     -8.8982    -8.7591    -3.4183    -2.9792     0.7127    1.3129    8.6514    8.8032    10.1336    11.3950
0.910     -8.8923    -8.7677    -3.3861    -2.9858     0.7065    1.2512    8.7011    8.8442    10.2085    11.4641
0.915     -8.8868    -8.7758    -3.3545    -2.9920     0.7007    1.1918    8.7499    8.8839    10.2837    11.5234
0.920     -8.8816    -8.7835    -3.3238    -2.9978     0.6951    1.1348    8.7974    8.9221    10.3583    11.5979
0.925     -8.8768    -8.7907    -3.2939    -3.0033     0.6899    1.0803    8.8437    8.9586    10.4324    11.6466
0.930     -8.8723    -8.7975    -3.2651    -3.0085     0.6851    1.0285    8.8886    8.9934    10.5061    11.6191
0.935     -8.8682    -8.8038    -3.2374    -3.0133     0.6805    0.9794    8.9319    9.0264    10.5794    11.6656
0.940     -8.8644    -8.8096    -3.2111    -3.0177     0.6763    0.9333    8.9733    9.0575    10.6518    11.5446
0.945     -8.8610    -8.8149    -3.1862    -3.0218     0.6725    0.8902    9.0128    9.0866    10.7228    11.4831
0.950     -8.8578    -8.8198    -3.1629    -3.0256     0.6689    0.8503    9.0501    9.1136    10.7926    11.4439
0.955     -8.8550    -8.8242    -3.1413    -3.0289     0.6658    0.8138    9.0851    9.1384    10.8608    11.4088
0.960     -8.8525    -8.8282    -3.1215    -3.0319     0.6629    0.7806    9.1173    9.1609    10.9266    11.3765
0.965     -8.8503    -8.8317    -3.1038    -3.0346     0.6604    0.7510    9.1464    9.1809    10.9899    11.3484
0.970     -8.8483    -8.8347    -3.0881    -3.0369     0.6582    0.7251    9.1724    9.1984    11.0516    11.5090
0.975     -8.8467    -8.8373    -3.0747    -3.0389     0.6563    0.7030    9.1949    9.2134    11.1027    11.2996
0.980     -8.8454    -8.8394    -3.0635    -3.0405     0.6548    0.6848    9.2138    9.2259    11.1508    11.2809
0.985     -8.8444    -8.8410    -3.0547    -3.0417     0.6536    0.6705    9.2286    9.2356    11.1909    11.2661
0.990     -8.8437    -8.8422    -3.0484    -3.0426     0.6528    0.6603    9.2394    9.2425    11.2213    11.2557
0.995     -8.8432    -8.8429    -3.0446    -3.0432     0.6523    0.6541    9.2459    9.2467    11.2403    11.2496
1.000     -8.8431    -8.8431    -3.0434    -3.0434     0.6521    0.6521    9.2481    9.2481    11.2468    11.2469