10     154.1503     231.1835
20      48.0212      60.8940
30      30.6158      36.0815
40      23.2427      26.3875
50      18.9034      20.9722
75      12.9841      13.9501
100      9.9079      10.4665
125      8.0132       8.3766
150      6.7277       6.9825
175      5.7979       5.9862
200      5.0940       5.2386
225      4.5425       4.6570
250      4.0989       4.1916
275      3.7342       3.8107
300      3.4291       3.4933
400      2.5845       2.6202
500      2.0738       2.0963
600      1.7316       1.7470
700      1.4864       1.4974
800      1.3020       1.3102
900      1.1583       1.1647
1000     1.0431       1.0482