0.000    3.292119E-12   3.292119E-12   3.292119E-12   8.651181E+0    8.651181E+0    8.651181E+0
0.015    8.325198E-2    1.008497E-1    1.852042E-1    8.649342E+0    8.649522E+0    8.650683E+0
0.030    1.663686E-1    2.019258E-1    3.700233E-1    8.643870E+0    8.644542E+0    8.649183E+0
0.045    2.492153E-1    3.034407E-1    5.540754E-1    8.634882E+0    8.636250E+0    8.646672E+0
0.060    3.316587E-1    4.055799E-1    7.369827E-1    8.622567E+0    8.624646E+0    8.643132E+0
0.075    4.135668E-1    5.084898E-1    9.183762E-1    8.607192E+0    8.609742E+0    8.638539E+0
0.090    4.948113E-1    6.122670E-1    1.097897E+0    8.589081E+0    8.591550E+0    8.632860E+0
0.105    5.752653E-1    7.169526E-1    1.275201E+0    8.568624E+0    8.570079E+0    8.626059E+0
0.120    6.548064E-1    8.225241E-1    1.449960E+0    8.545350E+0    8.546253E+0    8.618103E+0
0.135    7.333155E-1    9.288957E-1    1.621866E+0    8.517387E+0    8.522436E+0    8.608953E+0
0.150    8.106783E-1    1.035916E+0    1.790636E+0    8.486214E+0    8.497671E+0    8.598567E+0
0.165    8.867844E-1    1.143370E+0    1.956012E+0    8.451867E+0    8.472459E+0    8.586912E+0
0.180    9.615288E-1    1.250987E+0    2.117771E+0    8.414382E+0    8.447313E+0    8.573952E+0
0.195    1.034811E+0    1.358443E+0    2.275720E+0    8.373801E+0    8.422716E+0    8.559663E+0
0.210    1.106535E+0    1.465370E+0    2.429708E+0    8.330175E+0    8.399130E+0    8.544024E+0
0.225    1.176611E+0    1.571369E+0    2.579620E+0    8.283564E+0    8.376972E+0    8.527023E+0
0.240    1.244954E+0    1.676013E+0    2.725386E+0    8.234031E+0    8.356599E+0    8.508660E+0
0.255    1.311482E+0    1.778866E+0    2.866979E+0    8.181645E+0    8.338314E+0    8.488947E+0
0.270    1.376121E+0    1.879487E+0    3.004413E+0    8.126484E+0    8.322330E+0    8.467914E+0
0.285    1.438798E+0    1.977449E+0    3.137748E+0    8.068632E+0    8.308794E+0    8.445594E+0
0.300    1.499448E+0    2.072347E+0    3.267081E+0    8.008179E+0    8.297766E+0    8.422047E+0
0.315    1.558008E+0    2.163808E+0    3.392538E+0    7.945218E+0    8.289219E+0    8.397342E+0
0.330    1.614418E+0    2.251505E+0    3.514284E+0    7.879851E+0    8.283054E+0    8.371566E+0
0.345    1.668625E+0    2.335165E+0    3.632502E+0    7.812192E+0    8.279100E+0    8.344821E+0
0.360    1.720576E+0    2.414575E+0    3.747393E+0    7.742349E+0    8.277126E+0    8.317227E+0
0.375    1.770224E+0    2.489596E+0    3.859173E+0    7.670448E+0    8.276841E+0    8.288913E+0
0.390    1.817523E+0    2.560157E+0    3.968055E+0    7.596618E+0    8.260029E+0    8.277924E+0
0.405    1.862434E+0    2.626266E+0    4.074252E+0    7.521006E+0    8.230731E+0    8.280024E+0
0.420    1.904918E+0    2.688004E+0    4.177968E+0    7.443768E+0    8.201190E+0    8.282784E+0
0.435    1.944939E+0    2.745522E+0    4.279398E+0    7.365078E+0    8.171583E+0    8.285841E+0
0.450    1.982468E+0    2.799032E+0    4.378722E+0    7.285143E+0    8.142096E+0    8.288853E+0
0.465    2.017476E+0    2.848793E+0    4.476099E+0    7.204194E+0    8.112915E+0    8.291493E+0
0.480    2.049942E+0    2.895100E+0    4.571673E+0    7.122504E+0    8.084232E+0    8.293476E+0
0.495    2.079848E+0    2.938253E+0    4.665573E+0    7.040397E+0    8.056236E+0    8.294544E+0
0.510    2.107180E+0    2.978540E+0    4.757907E+0    6.958251E+0    8.029113E+0    8.294496E+0
0.525    2.131932E+0    3.016206E+0    4.848774E+0    6.876522E+0    8.003034E+0    8.293167E+0
0.540    2.154104E+0    3.051414E+0    4.938252E+0    6.795747E+0    7.978173E+0    8.290446E+0
0.555    2.173704E+0    3.084231E+0    5.026413E+0    6.716553E+0    7.954680E+0    8.286261E+0
0.570    2.190748E+0    3.114576E+0    5.113323E+0    6.639675E+0    7.932696E+0    8.280591E+0
0.585    2.205260E+0    3.142209E+0    5.199036E+0    6.565959E+0    7.912341E+0    8.273445E+0
0.600    2.217277E+0    3.166710E+0    5.283600E+0    6.496359E+0    7.893717E+0    8.264877E+0
0.615    2.226844E+0    3.187467E+0    5.367063E+0    6.431925E+0    7.876905E+0    8.254956E+0
0.630    2.234019E+0    3.203697E+0    5.449464E+0    6.373791E+0    7.861959E+0    8.243778E+0
0.645    2.238874E+0    3.214479E+0    5.530842E+0    6.323115E+0    7.848912E+0    8.231454E+0
0.660    2.241493E+0    3.218814E+0    5.611221E+0    6.281031E+0    7.837770E+0    8.218098E+0
0.675    2.241974E+0    3.215703E+0    5.690631E+0    6.248565E+0    7.828518E+0    8.203824E+0
0.690    2.240431E+0    3.204258E+0    5.769078E+0    6.226539E+0    7.821111E+0    8.188749E+0
0.705    2.236993E+0    3.183795E+0    5.846565E+0    6.215481E+0    7.815486E+0    8.172966E+0
0.720    2.231804E+0    3.153927E+0    5.923074E+0    6.215556E+0    7.811550E+0    8.156568E+0
0.735    2.225022E+0    3.114609E+0    5.998566E+0    6.226530E+0    7.809201E+0    8.139624E+0
0.750    2.216821E+0    3.066174E+0    6.072978E+0    6.247761E+0    7.808310E+0    8.122194E+0
0.755    2.213805E+0    3.048111E+0    6.097524E+0    6.256956E+0    7.808310E+0    8.116284E+0
0.760    2.210659E+0    3.029136E+0    6.121938E+0    6.267138E+0    7.808454E+0    8.110329E+0
0.765    2.207390E+0    3.009291E+0    6.146211E+0    6.278262E+0    7.808730E+0    8.104326E+0
0.770    2.204008E+0    2.988611E+0    6.170340E+0    6.290274E+0    7.809138E+0    8.098278E+0
0.775    2.200519E+0    2.967139E+0    6.194316E+0    6.303123E+0    7.809666E+0    8.092188E+0
0.780    2.196931E+0    2.944919E+0    6.218139E+0    6.316755E+0    7.810311E+0    8.086056E+0
0.785    2.193253E+0    2.921998E+0    6.241794E+0    6.331113E+0    7.811067E+0    8.079882E+0
0.790    2.189492E+0    2.898425E+0    6.265281E+0    6.346140E+0    7.811925E+0    8.073669E+0
0.795    2.185657E+0    2.874249E+0    6.288588E+0    6.361776E+0    7.812882E+0    8.067417E+0
0.800    2.181756E+0    2.849523E+0    6.311706E+0    6.377961E+0    7.813929E+0    8.061129E+0
0.805    2.177798E+0    2.824300E+0    6.334629E+0    6.394635E+0    7.815060E+0    8.054805E+0
0.810    2.173791E+0    2.798635E+0    6.357345E+0    6.411741E+0    7.816269E+0    8.048448E+0
0.815    2.169744E+0    2.772582E+0    6.379845E+0    6.429216E+0    7.817550E+0    8.042058E+0
0.820    2.165666E+0    2.746198E+0    6.402114E+0    6.447003E+0    7.818894E+0    8.035644E+0
0.825    2.161565E+0    2.719540E+0    6.424146E+0    6.465039E+0    7.820295E+0    8.029200E+0
0.830    2.157451E+0    2.692666E+0    6.445923E+0    6.483273E+0    7.821747E+0    8.022735E+0
0.835    2.153332E+0    2.665634E+0    6.467433E+0    6.501639E+0    7.823244E+0    8.016252E+0
0.840    2.149217E+0    2.638503E+0    6.488664E+0    6.520086E+0    7.824780E+0    8.009751E+0
0.845    2.145115E+0    2.611331E+0    6.509601E+0    6.538557E+0    7.826346E+0    8.003244E+0
0.850    2.141034E+0    2.584179E+0    6.530226E+0    6.556998E+0    7.827936E+0    7.996728E+0
0.855    2.136984E+0    2.557106E+0    6.550524E+0    6.575358E+0    7.829544E+0    7.990218E+0
0.860    2.132974E+0    2.530171E+0    6.570474E+0    6.593583E+0    7.831167E+0    7.983711E+0
0.865    2.129011E+0    2.503437E+0    6.590064E+0    6.611625E+0    7.832793E+0    7.977222E+0
0.870    2.125105E+0    2.476962E+0    6.609270E+0    6.629433E+0    7.834419E+0    7.970760E+0
0.875    2.121265E+0    2.450808E+0    6.628071E+0    6.646965E+0    7.836036E+0    7.964328E+0
0.880    2.117497E+0    2.425035E+0    6.646449E+0    6.664173E+0    7.837644E+0    7.957941E+0
0.885    2.113812E+0    2.399703E+0    6.664380E+0    6.681015E+0    7.839234E+0    7.951608E+0
0.890    2.110217E+0    2.374874E+0    6.681843E+0    6.697446E+0    7.840800E+0    7.945344E+0
0.895    2.106719E+0    2.350608E+0    6.698811E+0    6.713430E+0    7.842336E+0    7.939161E+0
0.900    2.103327E+0    2.326965E+0    6.715260E+0    6.728925E+0    7.843839E+0    7.933074E+0
0.905    2.100048E+0    2.304005E+0    6.731166E+0    6.743901E+0    7.845300E+0    7.927095E+0
0.910    2.096890E+0    2.281787E+0    6.746502E+0    6.758313E+0    7.846719E+0    7.921248E+0
0.915    2.093859E+0    2.260369E+0    6.761238E+0    6.772137E+0    7.848090E+0    7.915545E+0
0.920    2.090962E+0    2.239810E+0    6.775347E+0    6.785337E+0    7.849404E+0    7.910007E+0
0.925    2.088206E+0    2.220165E+0    6.788802E+0    6.797886E+0    7.850664E+0    7.904655E+0
0.930    2.085598E+0    2.201489E+0    6.801573E+0    6.809754E+0    7.851861E+0    7.899504E+0
0.935    2.083142E+0    2.183837E+0    6.813627E+0    6.820917E+0    7.852992E+0    7.894581E+0
0.940    2.080845E+0    2.167260E+0    6.824940E+0    6.831351E+0    7.854054E+0    7.889907E+0
0.945    2.078712E+0    2.151808E+0    6.835482E+0    6.841032E+0    7.855044E+0    7.885500E+0
0.950    2.076747E+0    2.137527E+0    6.845223E+0    6.849939E+0    7.855959E+0    7.881384E+0
0.955    2.074956E+0    2.124462E+0    6.854133E+0    6.858054E+0    7.856793E+0    7.877583E+0
0.960    2.073342E+0    2.112654E+0    6.862188E+0    6.865362E+0    7.857549E+0    7.874115E+0
0.965    2.071909E+0    2.102141E+0    6.869364E+0    6.871845E+0    7.858221E+0    7.871001E+0
0.970    2.070660E+0    2.092957E+0    6.875634E+0    6.877491E+0    7.858806E+0    7.868259E+0
0.975    2.069598E+0    2.085134E+0    6.880977E+0    6.882288E+0    7.859307E+0    7.865907E+0
0.980    2.068726E+0    2.078696E+0    6.885375E+0    6.886227E+0    7.859718E+0    7.863963E+0
0.985    2.068046E+0    2.073666E+0    6.888813E+0    6.889299E+0    7.860036E+0    7.862433E+0
0.990    2.067559E+0    2.070060E+0    6.891279E+0    6.891495E+0    7.860267E+0    7.861335E+0
0.995    2.067266E+0    2.067892E+0    6.892764E+0    6.892818E+0    7.860405E+0    7.860672E+0
1.000    2.067169E+0    2.067169E+0    6.893259E+0    6.893259E+0    7.860450E+0    7.860450E+0