0.000    3.292119E-12   3.292119E-12   3.292119E-12   8.651181E+0    8.651181E+0    8.651181E+0
0.010    3.653619E-2    3.653619E-2    7.681125E-2    8.650830E+0    8.651022E+0    8.651022E+0
0.020    7.305342E-2    7.305342E-2    1.536181E-1    8.649777E+0    8.650551E+0    8.650551E+0
0.030    1.095326E-1    1.095326E-1    2.304160E-1    8.648022E+0    8.649765E+0    8.649765E+0
0.040    1.459549E-1    1.459549E-1    3.072006E-1    8.645574E+0    8.648664E+0    8.648664E+0
0.050    1.823011E-1    1.823011E-1    3.839676E-1    8.642430E+0    8.647254E+0    8.647254E+0
0.060    2.185524E-1    2.185524E-1    4.607124E-1    8.638599E+0    8.645538E+0    8.645538E+0
0.070    2.546896E-1    2.546896E-1    5.374308E-1    8.634084E+0    8.643513E+0    8.643513E+0
0.080    2.906937E-1    2.906937E-1    6.141183E-1    8.628894E+0    8.641188E+0    8.641188E+0
0.090    3.265458E-1    3.265458E-1    6.907701E-1    8.623041E+0    8.638563E+0    8.638563E+0
0.100    3.622266E-1    3.622266E-1    7.673826E-1    8.616528E+0    8.635647E+0    8.635647E+0
0.110    3.977169E-1    3.977169E-1    8.439507E-1    8.609367E+0    8.632443E+0    8.632443E+0
0.120    4.329981E-1    4.329981E-1    9.204705E-1    8.601573E+0    8.628954E+0    8.628954E+0
0.130    4.680507E-1    4.680507E-1    9.969372E-1    8.593155E+0    8.625192E+0    8.625192E+0
0.140    5.028558E-1    5.028558E-1    1.073347E+0    8.584125E+0    8.621157E+0    8.621157E+0
0.150    5.373945E-1    5.373945E-1    1.149695E+0    8.574498E+0    8.616864E+0    8.616864E+0
0.160    5.716476E-1    5.716476E-1    1.225977E+0    8.564289E+0    8.612313E+0    8.612313E+0
0.170    6.055962E-1    6.055962E-1    1.302188E+0    8.553516E+0    8.607516E+0    8.607516E+0
0.180    6.392214E-1    6.392214E-1    1.378325E+0    8.542191E+0    8.602482E+0    8.602482E+0
0.190    6.725046E-1    6.725046E-1    1.454382E+0    8.530332E+0    8.597220E+0    8.597220E+0
0.200    7.054269E-1    7.054269E-1    1.530356E+0    8.517957E+0    8.591739E+0    8.591739E+0
0.210    7.379700E-1    7.379700E-1    1.606241E+0    8.505084E+0    8.586051E+0    8.586051E+0
0.220    7.701153E-1    7.701153E-1    1.682033E+0    8.491731E+0    8.580165E+0    8.580165E+0
0.230    8.018451E-1    8.018451E-1    1.757728E+0    8.477916E+0    8.574093E+0    8.574093E+0
0.240    8.331408E-1    8.331408E-1    1.833320E+0    8.463657E+0    8.567847E+0    8.567847E+0
0.250    8.639850E-1    8.639850E-1    1.908805E+0    8.448978E+0    8.561436E+0    8.561436E+0
0.260    8.943606E-1    8.943606E-1    1.984178E+0    8.433894E+0    8.554878E+0    8.554878E+0
0.270    9.242502E-1    9.242502E-1    2.059433E+0    8.418426E+0    8.548179E+0    8.548179E+0
0.280    9.536373E-1    9.536373E-1    2.134566E+0    8.402595E+0    8.541357E+0    8.541357E+0
0.290    9.825057E-1    9.825057E-1    2.209571E+0    8.386419E+0    8.534427E+0    8.534427E+0
0.300    1.010840E+0    1.010840E+0    2.284443E+0    8.369916E+0    8.527395E+0    8.527395E+0
0.310    1.038624E+0    1.038624E+0    2.359176E+0    8.353110E+0    8.520282E+0    8.520282E+0
0.320    1.065844E+0    1.065844E+0    2.433764E+0    8.336016E+0    8.513100E+0    8.513100E+0
0.330    1.092485E+0    1.092485E+0    2.508202E+0    8.318658E+0    8.505861E+0    8.505861E+0
0.340    1.118534E+0    1.118534E+0    2.582481E+0    8.301048E+0    8.498583E+0    8.498583E+0
0.350    1.143979E+0    1.143979E+0    2.656597E+0    8.283207E+0    8.491278E+0    8.491278E+0
0.360    1.168807E+0    1.168807E+0    2.730542E+0    8.265156E+0    8.483958E+0    8.483958E+0
0.370    1.193008E+0    1.193008E+0    2.804309E+0    8.246904E+0    8.476644E+0    8.476644E+0
0.380    1.216571E+0    1.216571E+0    2.877891E+0    8.228475E+0    8.469345E+0    8.469345E+0
0.390    1.239486E+0    1.239486E+0    2.951280E+0    8.209881E+0    8.462076E+0    8.462076E+0
0.400    1.261746E+0    1.261746E+0    3.024468E+0    8.191137E+0    8.454852E+0    8.454852E+0
0.410    1.283343E+0    1.283343E+0    3.097443E+0    8.172255E+0    8.447685E+0    8.447685E+0
0.420    1.304270E+0    1.304270E+0    3.170202E+0    8.153253E+0    8.440590E+0    8.440590E+0
0.430    1.324523E+0    1.324523E+0    3.242736E+0    8.134140E+0    8.433579E+0    8.433579E+0
0.440    1.344097E+0    1.344097E+0    3.315030E+0    8.114925E+0    8.426664E+0    8.426664E+0
0.450    1.362989E+0    1.362989E+0    3.387075E+0    8.095620E+0    8.419860E+0    8.419860E+0
0.460    1.381197E+0    1.381197E+0    3.458865E+0    8.076237E+0    8.413179E+0    8.413179E+0
0.470    1.398721E+0    1.398721E+0    3.530385E+0    8.056779E+0    8.406627E+0    8.406627E+0
0.480    1.415562E+0    1.415562E+0    3.601626E+0    8.037255E+0    8.400219E+0    8.400219E+0
0.490    1.431720E+0    1.431720E+0    3.672573E+0    8.017671E+0    8.393961E+0    8.393961E+0
0.500    1.447200E+0    1.447200E+0    3.743217E+0    7.998030E+0    8.387868E+0    8.387868E+0
0.510    1.462006E+0    1.462006E+0    3.813546E+0    7.978335E+0    8.381943E+0    8.381943E+0
0.520    1.476143E+0    1.476143E+0    3.883545E+0    7.958592E+0    8.376198E+0    8.376198E+0
0.530    1.489618E+0    1.489618E+0    3.953202E+0    7.938795E+0    8.370639E+0    8.370639E+0
0.540    1.502438E+0    1.502438E+0    4.022499E+0    7.918950E+0    8.365269E+0    8.365269E+0
0.550    1.514615E+0    1.514615E+0    4.091427E+0    7.899054E+0    8.360100E+0    8.360100E+0
0.560    1.526156E+0    1.526156E+0    4.159968E+0    7.879101E+0    8.355129E+0    8.355129E+0
0.570    1.537075E+0    1.537075E+0    4.228107E+0    7.859088E+0    8.350365E+0    8.350365E+0
0.580    1.547384E+0    1.547384E+0    4.295829E+0    7.839012E+0    8.345808E+0    8.345808E+0
0.590    1.557096E+0    1.557096E+0    4.363116E+0    7.818867E+0    8.341461E+0    8.341461E+0
0.600    1.566226E+0    1.566226E+0    4.429953E+0    7.798647E+0    8.337327E+0    8.337327E+0
0.610    1.574789E+0    1.574789E+0    4.496319E+0    7.778340E+0    8.333406E+0    8.333406E+0
0.620    1.582803E+0    1.582803E+0    4.562202E+0    7.757943E+0    8.329695E+0    8.329695E+0
0.630    1.590283E+0    1.590283E+0    4.627581E+0    7.737441E+0    8.326197E+0    8.326197E+0
0.640    1.597249E+0    1.597249E+0    4.692438E+0    7.716825E+0    8.322906E+0    8.322906E+0
0.650    1.603718E+0    1.603718E+0    4.756755E+0    7.696086E+0    8.319822E+0    8.319822E+0
0.660    1.609709E+0    1.609709E+0    4.820508E+0    7.675209E+0    8.316939E+0    8.316939E+0
0.670    1.615243E+0    1.615243E+0    4.883682E+0    7.654188E+0    8.314257E+0    8.314257E+0
0.680    1.620338E+0    1.620338E+0    4.946256E+0    7.633005E+0    8.311767E+0    8.311767E+0
0.690    1.625016E+0    1.625016E+0    5.008206E+0    7.611651E+0    8.309469E+0    8.309469E+0
0.700    1.629296E+0    1.629296E+0    5.069511E+0    7.590111E+0    8.307351E+0    8.307351E+0
0.710    1.633200E+0    1.633200E+0    5.130153E+0    7.568376E+0    8.305410E+0    8.305410E+0
0.720    1.636747E+0    1.636747E+0    5.190105E+0    7.546434E+0    8.303640E+0    8.303640E+0
0.730    1.639958E+0    1.639958E+0    5.249343E+0    7.524270E+0    8.302032E+0    8.302032E+0
0.740    1.642853E+0    1.642853E+0    5.307843E+0    7.501875E+0    8.300580E+0    8.300580E+0
0.750    1.645454E+0    1.645454E+0    5.365578E+0    7.479243E+0    8.299275E+0    8.299275E+0
0.760    1.647778E+0    1.647778E+0    5.422524E+0    7.456362E+0    8.298108E+0    8.298108E+0
0.770    1.649847E+0    1.649847E+0    5.478648E+0    7.433229E+0    8.297076E+0    8.297076E+0
0.780    1.651678E+0    1.651678E+0    5.533923E+0    7.409838E+0    8.296164E+0    8.296164E+0
0.790    1.653291E+0    1.653291E+0    5.588313E+0    7.386192E+0    8.295366E+0    8.295366E+0
0.800    1.654704E+0    1.654704E+0    5.641779E+0    7.362288E+0    8.294676E+0    8.294676E+0
0.810    1.655933E+0    1.655933E+0    5.694285E+0    7.338141E+0    8.294085E+0    8.294085E+0
0.820    1.656996E+0    1.656996E+0    5.745786E+0    7.313757E+0    8.293581E+0    8.293581E+0
0.830    1.657909E+0    1.657909E+0    5.796231E+0    7.289157E+0    8.293158E+0    8.293158E+0
0.840    1.658686E+0    1.658686E+0    5.845563E+0    7.264368E+0    8.292807E+0    8.292807E+0
0.850    1.659343E+0    1.659343E+0    5.893713E+0    7.239432E+0    8.292522E+0    8.292522E+0
0.860    1.659893E+0    1.659893E+0    5.940603E+0    7.214394E+0    8.292294E+0    8.292294E+0
0.870    1.660349E+0    1.660349E+0    5.986140E+0    7.189323E+0    8.292117E+0    8.292117E+0
0.880    1.660722E+0    1.660722E+0    6.030216E+0    7.164303E+0    8.291982E+0    8.291982E+0
0.890    1.661025E+0    1.661025E+0    6.072693E+0    7.139451E+0    8.291886E+0    8.291886E+0
0.900    1.661267E+0    1.661267E+0    6.113406E+0    7.114902E+0    8.291817E+0    8.291817E+0
0.910    1.661458E+0    1.661458E+0    6.152154E+0    7.090845E+0    8.291775E+0    8.291775E+0
0.920    1.661606E+0    1.661606E+0    6.188685E+0    7.067511E+0    8.291751E+0    8.291751E+0
0.930    1.661718E+0    1.661718E+0    6.222693E+0    7.045185E+0    8.291742E+0    8.291742E+0
0.940    1.661802E+0    1.661802E+0    6.253803E+0    7.024233E+0    8.291742E+0    8.291742E+0
0.950    1.661864E+0    1.661864E+0    6.281565E+0    7.005090E+0    8.291751E+0    8.291751E+0
0.960    1.661907E+0    1.661907E+0    6.305457E+0    6.988260E+0    8.291760E+0    8.291760E+0
0.970    1.661937E+0    1.661937E+0    6.324915E+0    6.974307E+0    8.291772E+0    8.291772E+0
0.980    1.661956E+0    1.661956E+0    6.339351E+0    6.963807E+0    8.291781E+0    8.291781E+0
0.990    1.661966E+0    1.661966E+0    6.348258E+0    6.957267E+0    8.291787E+0    8.291787E+0
1.000    1.661970E+0    1.661970E+0    6.351270E+0    6.955044E+0    8.291790E+0    8.291790E+0