0.000    3.292119E-12   3.292119E-12   3.292119E-12   8.651181E+0    8.651181E+0    8.651181E+0
0.010    4.752012E-2    4.752012E-2    8.312604E-2    8.650770E+0    8.650770E+0    8.651109E+0
0.020    9.502305E-2    9.502305E-2    1.662411E-1    8.649546E+0    8.649546E+0    8.650899E+0
0.030    1.424915E-1    1.424915E-1    2.493344E-1    8.647506E+0    8.647506E+0    8.650545E+0
0.040    1.899081E-1    1.899081E-1    3.323949E-1    8.644653E+0    8.644653E+0    8.650047E+0
0.050    2.372554E-1    2.372554E-1    4.154118E-1    8.640996E+0    8.640996E+0    8.649405E+0
0.060    2.845157E-1    2.845157E-1    4.983741E-1    8.636544E+0    8.636544E+0    8.648616E+0
0.070    3.316713E-1    3.316713E-1    5.812710E-1    8.631300E+0    8.631300E+0    8.647677E+0
0.080    3.787038E-1    3.787038E-1    6.640920E-1    8.625279E+0    8.625279E+0    8.646588E+0
0.090    4.255950E-1    4.255950E-1    7.468263E-1    8.618490E+0    8.618490E+0    8.645340E+0
0.100    4.723263E-1    4.723263E-1    8.294631E-1    8.610948E+0    8.610948E+0    8.643933E+0
0.110    5.188782E-1    5.188782E-1    9.119919E-1    8.602665E+0    8.602665E+0    8.642361E+0
0.120    5.652315E-1    5.652315E-1    9.944022E-1    8.593662E+0    8.593662E+0    8.640621E+0
0.130    6.113661E-1    6.113661E-1    1.076684E+0    8.583957E+0    8.583957E+0    8.638704E+0
0.140    6.572619E-1    6.572619E-1    1.158826E+0    8.573565E+0    8.573565E+0    8.636610E+0
0.150    7.028982E-1    7.028982E-1    1.240818E+0    8.562510E+0    8.562510E+0    8.634327E+0
0.160    7.482531E-1    7.482531E-1    1.322651E+0    8.550816E+0    8.550816E+0    8.631855E+0
0.170    7.933050E-1    7.933050E-1    1.404315E+0    8.538504E+0    8.538504E+0    8.629179E+0
0.180    8.380317E-1    8.380317E-1    1.485799E+0    8.525598E+0    8.525598E+0    8.626299E+0
0.190    8.824101E-1    8.824101E-1    1.567093E+0    8.512125E+0    8.512125E+0    8.623206E+0
0.200    9.264168E-1    9.264168E-1    1.648189E+0    8.498115E+0    8.498115E+0    8.619891E+0
0.210    9.700281E-1    9.700281E-1    1.729076E+0    8.483598E+0    8.483598E+0    8.616348E+0
0.220    1.013219E+0    1.013219E+0    1.809745E+0    8.468598E+0    8.468598E+0    8.612565E+0
0.230    1.055966E+0    1.055966E+0    1.890188E+0    8.453151E+0    8.453151E+0    8.608536E+0
0.240    1.098241E+0    1.098241E+0    1.970393E+0    8.437290E+0    8.437290E+0    8.604252E+0
0.250    1.140020E+0    1.140020E+0    2.050354E+0    8.421048E+0    8.421048E+0    8.599701E+0
0.260    1.181276E+0    1.181276E+0    2.130061E+0    8.404455E+0    8.404455E+0    8.594880E+0
0.270    1.221982E+0    1.221982E+0    2.209505E+0    8.387550E+0    8.387550E+0    8.589774E+0
0.280    1.262112E+0    1.262112E+0    2.288678E+0    8.370369E+0    8.370369E+0    8.584377E+0
0.290    1.301636E+0    1.301636E+0    2.367571E+0    8.352948E+0    8.352948E+0    8.578677E+0
0.300    1.340529E+0    1.340529E+0    2.446177E+0    8.335326E+0    8.335326E+0    8.572665E+0
0.310    1.378762E+0    1.378762E+0    2.524487E+0    8.317536E+0    8.317536E+0    8.566332E+0
0.320    1.416307E+0    1.416307E+0    2.602493E+0    8.299623E+0    8.299623E+0    8.559666E+0
0.330    1.453135E+0    1.453135E+0    2.680189E+0    8.281623E+0    8.281623E+0    8.552658E+0
0.340    1.489219E+0    1.489219E+0    2.757565E+0    8.263572E+0    8.263572E+0    8.545296E+0
0.350    1.524532E+0    1.524532E+0    2.834616E+0    8.245515E+0    8.245515E+0    8.537571E+0
0.360    1.559045E+0    1.559045E+0    2.911333E+0    8.227488E+0    8.227488E+0    8.529477E+0
0.370    1.592731E+0    1.592731E+0    2.987710E+0    8.209527E+0    8.209527E+0    8.520996E+0
0.380    1.625563E+0    1.625563E+0    3.063738E+0    8.191677E+0    8.191677E+0    8.512122E+0
0.390    1.657516E+0    1.657516E+0    3.139416E+0    8.173971E+0    8.173971E+0    8.502846E+0
0.400    1.688564E+0    1.688564E+0    3.214731E+0    8.156451E+0    8.156451E+0    8.493156E+0
0.410    1.718683E+0    1.718683E+0    3.289680E+0    8.139153E+0    8.139153E+0    8.483043E+0
0.420    1.747849E+0    1.747849E+0    3.364254E+0    8.122110E+0    8.122110E+0    8.472495E+0
0.430    1.776039E+0    1.776039E+0    3.438450E+0    8.105361E+0    8.105361E+0    8.461506E+0
0.440    1.803234E+0    1.803234E+0    3.512262E+0    8.088939E+0    8.088939E+0    8.450061E+0
0.450    1.829413E+0    1.829413E+0    3.585681E+0    8.072877E+0    8.072877E+0    8.438157E+0
0.460    1.854559E+0    1.854559E+0    3.658707E+0    8.057208E+0    8.057208E+0    8.425779E+0
0.470    1.878655E+0    1.878655E+0    3.731328E+0    8.041959E+0    8.041959E+0    8.412918E+0
0.480    1.901688E+0    1.901688E+0    3.803544E+0    8.027160E+0    8.027160E+0    8.399571E+0
0.490    1.923645E+0    1.923645E+0    3.875346E+0    8.012838E+0    8.012838E+0    8.385723E+0
0.500    1.944516E+0    1.944516E+0    3.946731E+0    7.999017E+0    7.999017E+0    8.371365E+0
0.510    1.964294E+0    1.964294E+0    4.017693E+0    7.985715E+0    7.985715E+0    8.356494E+0
0.520    1.982974E+0    1.982974E+0    4.088226E+0    7.972959E+0    7.972959E+0    8.341098E+0
0.530    2.000552E+0    2.000552E+0    4.158330E+0    7.960761E+0    7.960761E+0    8.325171E+0
0.540    2.017030E+0    2.017030E+0    4.227993E+0    7.949136E+0    7.949136E+0    8.308704E+0
0.550    2.032409E+0    2.032409E+0    4.297218E+0    7.938102E+0    7.938102E+0    8.291688E+0
0.560    2.046695E+0    2.046695E+0    4.365996E+0    7.927665E+0    7.927665E+0    8.274117E+0
0.570    2.059898E+0    2.059898E+0    4.434324E+0    7.917831E+0    7.917831E+0    8.255988E+0
0.580    2.072027E+0    2.072027E+0    4.502199E+0    7.908609E+0    7.908609E+0    8.237289E+0
0.590    2.083097E+0    2.083097E+0    4.569615E+0    7.899999E+0    7.899999E+0    8.218014E+0
0.600    2.093126E+0    2.093126E+0    4.636566E+0    7.892001E+0    7.892001E+0    8.198160E+0
0.610    2.102133E+0    2.102133E+0    4.703055E+0    7.884609E+0    7.884609E+0    8.177718E+0
0.620    2.110141E+0    2.110141E+0    4.769070E+0    7.877823E+0    7.877823E+0    8.156688E+0
0.630    2.117175E+0    2.117175E+0    4.834611E+0    7.871628E+0    7.871628E+0    8.135058E+0
0.640    2.123265E+0    2.123265E+0    4.899675E+0    7.866021E+0    7.866021E+0    8.112828E+0
0.650    2.128440E+0    2.128440E+0    4.964256E+0    7.860981E+0    7.860981E+0    8.089989E+0
0.660    2.132734E+0    2.132734E+0    5.028351E+0    7.856499E+0    7.856499E+0    8.066541E+0
0.670    2.136184E+0    2.136184E+0    5.091954E+0    7.852557E+0    7.852557E+0    8.042478E+0
0.680    2.138826E+0    2.138826E+0    5.155068E+0    7.849134E+0    7.849134E+0    8.017797E+0
0.690    2.140701E+0    2.140701E+0    5.217684E+0    7.846209E+0    7.846209E+0    7.992492E+0
0.700    2.141851E+0    2.141851E+0    5.279799E+0    7.843761E+0    7.843761E+0    7.966563E+0
0.710    2.142320E+0    2.142320E+0    5.341410E+0    7.841766E+0    7.841766E+0    7.940007E+0
0.720    2.142152E+0    2.142152E+0    5.402514E+0    7.840197E+0    7.840197E+0    7.912818E+0
0.730    2.141394E+0    2.141394E+0    5.463108E+0    7.839027E+0    7.839027E+0    7.884999E+0
0.740    2.140094E+0    2.140094E+0    5.523186E+0    7.838232E+0    7.838232E+0    7.856544E+0
0.750    2.138300E+0    2.138300E+0    5.582748E+0    7.827453E+0    7.837779E+0    7.837779E+0
0.760    2.136062E+0    2.136062E+0    5.641785E+0    7.797723E+0    7.837644E+0    7.837644E+0
0.770    2.133428E+0    2.133428E+0    5.700300E+0    7.767357E+0    7.837797E+0    7.837797E+0
0.780    2.130450E+0    2.130450E+0    5.758287E+0    7.736349E+0    7.838208E+0    7.838208E+0
0.790    2.127176E+0    2.127176E+0    5.815740E+0    7.704699E+0    7.838847E+0    7.838847E+0
0.800    2.123657E+0    2.123657E+0    5.872659E+0    7.672410E+0    7.839687E+0    7.839687E+0
0.810    2.119941E+0    2.119941E+0    5.929038E+0    7.639479E+0    7.840695E+0    7.840695E+0
0.820    2.116078E+0    2.116078E+0    5.984874E+0    7.605906E+0    7.841847E+0    7.841847E+0
0.830    2.112114E+0    2.112114E+0    6.040167E+0    7.571694E+0    7.843113E+0    7.843113E+0
0.840    2.108097E+0    2.108097E+0    6.094908E+0    7.536843E+0    7.844466E+0    7.844466E+0
0.850    2.104071E+0    2.104071E+0    6.149097E+0    7.501350E+0    7.845879E+0    7.845879E+0
0.860    2.100080E+0    2.100080E+0    6.202731E+0    7.465218E+0    7.847328E+0    7.847328E+0
0.870    2.096168E+0    2.096168E+0    6.255804E+0    7.428450E+0    7.848789E+0    7.848789E+0
0.880    2.092372E+0    2.092372E+0    6.308313E+0    7.391046E+0    7.850238E+0    7.850238E+0
0.890    2.088731E+0    2.088731E+0    6.360255E+0    7.353006E+0    7.851657E+0    7.851657E+0
0.900    2.085282E+0    2.085282E+0    6.411627E+0    7.314333E+0    7.853019E+0    7.853019E+0
0.910    2.082056E+0    2.082056E+0    6.462429E+0    7.275030E+0    7.854312E+0    7.854312E+0
0.920    2.079085E+0    2.079085E+0    6.512649E+0    7.235097E+0    7.855515E+0    7.855515E+0
0.930    2.076397E+0    2.076397E+0    6.562293E+0    7.194537E+0    7.856616E+0    7.856616E+0
0.940    2.074015E+0    2.074015E+0    6.611349E+0    7.153353E+0    7.857597E+0    7.857597E+0
0.950    2.071963E+0    2.071963E+0    6.659823E+0    7.111545E+0    7.858446E+0    7.858446E+0
0.960    2.070257E+0    2.070257E+0    6.707703E+0    7.069116E+0    7.859157E+0    7.859157E+0
0.970    2.068915E+0    2.068915E+0    6.754989E+0    7.026072E+0    7.859718E+0    7.859718E+0
0.980    2.067948E+0    2.067948E+0    6.801681E+0    6.982410E+0    7.860123E+0    7.860123E+0
0.990    2.067364E+0    2.067364E+0    6.847770E+0    6.938139E+0    7.860369E+0    7.860369E+0
1.000    2.067169E+0    2.067169E+0    6.893259E+0    6.893259E+0    7.860450E+0    7.860450E+0