0.000	3.2921190E-12	3.2921190E-12	3.2921190E-12	8.6633250E+0	8.6633250E+0	8.6633250E+0
0.015	9.1232460E-2	1.1654895E-1	1.8890163E-1	8.6609490E+0	8.6614980E+0	8.6626470E+0
0.030	1.8228276E-1	2.3320278E-1	3.7730130E-1	8.6539140E+0	8.6560140E+0	8.6606040E+0
0.045	2.7296949E-1	3.5004000E-1	5.6470410E-1	8.6424990E+0	8.6468640E+0	8.6571750E+0
0.060	3.6311250E-1	4.6708860E-1	7.5062880E-1	8.6271600E+0	8.6340450E+0	8.6523180E+0
0.075	4.5253440E-1	5.8430670E-1	9.3461550E-1	8.6085000E+0	8.6175420E+0	8.6459940E+0
0.090	5.4106020E-1	7.0157010E-1	1.1162322E+0	8.5872330E+0	8.5973550E+0	8.6381430E+0
0.105	6.2851800E-1	8.1866490E-1	1.2950811E+0	8.5641600E+0	8.5734690E+0	8.6287110E+0
0.120	7.1474100E-1	9.3529050E-1	1.4708070E+0	8.5401150E+0	8.5458930E+0	8.6176440E+0
0.135	7.9956600E-1	1.0510680E+0	1.6431015E+0	8.5146360E+0	8.5159290E+0	8.6048940E+0
0.150	8.8283520E-1	1.1655561E+0	1.8117084E+0	8.4797190E+0	8.4923850E+0	8.5904250E+0
0.165	9.6439650E-1	1.2782712E+0	1.9764273E+0	8.4411780E+0	8.4701700E+0	8.5742250E+0
0.180	1.0441035E+0	1.3887126E+0	2.1371139E+0	8.3990670E+0	8.4498510E+0	8.5562910E+0
0.195	1.1218167E+0	1.4963901E+0	2.2936812E+0	8.3534640E+0	8.4318480E+0	8.5366620E+0
0.210	1.1974023E+0	1.6008492E+0	2.4460932E+0	8.3044620E+0	8.4164130E+0	8.5153860E+0
0.225	1.2707352E+0	1.7016987E+0	2.5943619E+0	8.2521810E+0	8.4036300E+0	8.4925590E+0
0.240	1.3416972E+0	1.7986335E+0	2.7385389E+0	8.1967620E+0	8.3934240E+0	8.4682920E+0
0.255	1.4101788E+0	1.8914523E+0	2.8787061E+0	8.1383730E+0	8.3855730E+0	8.4427380E+0
0.270	1.4760804E+0	1.9800699E+0	3.0149670E+0	8.0772060E+0	8.3797530E+0	8.4160710E+0
0.285	1.5393108E+0	2.0645223E+0	3.1474410E+0	8.0134770E+0	8.3755410E+0	8.3884890E+0
0.300	1.5997902E+0	2.1449637E+0	3.2762490E+0	7.9474290E+0	8.3602140E+0	8.3724840E+0
0.315	1.6574505E+0	2.2216539E+0	3.4015170E+0	7.8793200E+0	8.3314830E+0	8.3701110E+0
0.330	1.7122347E+0	2.2949382E+0	3.5233650E+0	7.8094320E+0	8.3025420E+0	8.3679840E+0
0.345	1.7640996E+0	2.3652186E+0	3.6419070E+0	7.7380650E+0	8.2736460E+0	8.3657190E+0
0.360	1.8130146E+0	2.4329202E+0	3.7572660E+0	7.6655370E+0	8.2450380E+0	8.3630040E+0
0.375	1.8589641E+0	2.4984534E+0	3.8695560E+0	7.5921750E+0	8.2169610E+0	8.3596260E+0
0.390	1.9019460E+0	2.5621758E+0	3.9789030E+0	7.5183120E+0	8.1896370E+0	8.3554590E+0
0.405	1.9419735E+0	2.6243583E+0	4.0854420E+0	7.4442870E+0	8.1632760E+0	8.3504700E+0
0.420	1.9790742E+0	2.6851563E+0	4.1893200E+0	7.3704330E+0	8.1380550E+0	8.3447190E+0
0.435	2.0132892E+0	2.7445932E+0	4.2907110E+0	7.2970710E+0	8.1141270E+0	8.3383140E+0
0.450	2.0446743E+0	2.8025547E+0	4.3898010E+0	7.2245040E+0	8.0916090E+0	8.3314170E+0
0.465	2.0732970E+0	2.8587957E+0	4.4868030E+0	7.1530110E+0	8.0705850E+0	8.3242080E+0
0.480	2.0992362E+0	2.9129616E+0	4.5819390E+0	7.0828350E+0	8.0511120E+0	8.3168610E+0
0.495	2.1225807E+0	2.9646183E+0	4.6754460E+0	7.0141770E+0	8.0332080E+0	8.3095260E+0
0.510	2.1434277E+0	3.0132900E+0	4.7675490E+0	6.9471870E+0	8.0168580E+0	8.3023200E+0
0.525	2.1618792E+0	3.0584940E+0	4.8584760E+0	6.8819760E+0	8.0020290E+0	8.2953000E+0
0.540	2.1780423E+0	3.0997920E+0	4.9484250E+0	6.8186070E+0	7.9886550E+0	8.2884630E+0
0.555	2.1920250E+0	3.1368090E+0	5.0375640E+0	6.7571130E+0	7.9766490E+0	8.2817550E+0
0.570	2.2039356E+0	3.1692540E+0	5.1260160E+0	6.6975120E+0	7.9659150E+0	8.2750650E+0
0.585	2.2138803E+0	3.1969380E+0	5.2138650E+0	6.6398340E+0	7.9563420E+0	8.2682370E+0
0.600	2.2219620E+0	3.2197530E+0	5.3011380E+0	6.5841480E+0	7.9478130E+0	8.2610850E+0
0.615	2.2282788E+0	3.2376630E+0	5.3878170E+0	6.5306130E+0	7.9402110E+0	8.2534140E+0
0.630	2.2329234E+0	3.2506560E+0	5.4738330E+0	6.4794960E+0	7.9334190E+0	8.2450230E+0
0.645	2.2359837E+0	3.2586960E+0	5.5590900E+0	6.4312290E+0	7.9273290E+0	8.2357290E+0
0.660	2.2375425E+0	3.2616930E+0	5.6434530E+0	6.3864210E+0	7.9218330E+0	8.2253760E+0
0.675	2.2376787E+0	3.2594400E+0	5.7267690E+0	6.3458700E+0	7.9168470E+0	8.2138500E+0
0.690	2.2364691E+0	3.2516010E+0	5.8088760E+0	6.3105630E+0	7.9122840E+0	8.2010760E+0
0.705	2.2339902E+0	3.2376900E+0	5.8896060E+0	6.2816190E+0	7.9080810E+0	8.1870270E+0
0.720	2.2303206E+0	3.2171220E+0	5.9687970E+0	6.2602290E+0	7.9041840E+0	8.1717240E+0
0.735	2.2255437E+0	3.1892430E+0	6.0462900E+0	6.2475480E+0	7.9005450E+0	8.1552330E+0
0.750	2.2197495E+0	3.1534590E+0	6.1219440E+0	6.2445690E+0	7.8971340E+0	8.1376560E+0
0.755	2.2176090E+0	3.1396860E+0	6.1467270E+0	6.2458620E+0	7.8960450E+0	8.1315780E+0
0.760	2.2153704E+0	3.1249740E+0	6.1712850E+0	6.2483310E+0	7.8949770E+0	8.1253980E+0
0.765	2.2130382E+0	3.1093110E+0	6.1956120E+0	6.2519850E+0	7.8939300E+0	8.1191250E+0
0.770	2.2106160E+0	3.0926940E+0	6.2197080E+0	6.2568300E+0	7.8929070E+0	8.1127620E+0
0.775	2.2081089E+0	3.0751290E+0	6.2435580E+0	6.2628630E+0	7.8919020E+0	8.1063180E+0
0.780	2.2055214E+0	3.0566130E+0	6.2671680E+0	6.2700780E+0	7.8909210E+0	8.0997960E+0
0.785	2.2028583E+0	3.0371640E+0	6.2784630E+0	6.2905230E+0	7.8899580E+0	8.0932050E+0
0.790	2.2001241E+0	3.0167910E+0	6.2879940E+0	6.3136230E+0	7.8890160E+0	8.0865480E+0
0.795	2.1973248E+0	2.9955192E+0	6.2986440E+0	6.3364650E+0	7.8880950E+0	8.0798370E+0
0.800	2.1944649E+0	2.9733720E+0	6.3103800E+0	6.3590370E+0	7.8871920E+0	8.0730780E+0
0.805	2.1915507E+0	2.9503800E+0	6.3231660E+0	6.3813330E+0	7.8863100E+0	8.0662740E+0
0.810	2.1885876E+0	2.9265789E+0	6.3369510E+0	6.4033530E+0	7.8854490E+0	8.0594310E+0
0.815	2.1855813E+0	2.9020086E+0	6.3516900E+0	6.4250850E+0	7.8846090E+0	8.0525640E+0
0.820	2.1825378E+0	2.8767144E+0	6.3673200E+0	6.4465230E+0	7.8837900E+0	8.0456730E+0
0.825	2.1794640E+0	2.8507461E+0	6.3837870E+0	6.4676610E+0	7.8829890E+0	8.0387670E+0
0.830	2.1763656E+0	2.8241571E+0	6.4010190E+0	6.4884870E+0	7.8822120E+0	8.0318550E+0
0.835	2.1732495E+0	2.7970059E+0	6.4189500E+0	6.5089950E+0	7.8814530E+0	8.0249430E+0
0.840	2.1701220E+0	2.7693546E+0	6.4375080E+0	6.5291760E+0	7.8807150E+0	8.0180370E+0
0.845	2.1669903E+0	2.7412683E+0	6.4566180E+0	6.5490180E+0	7.8800010E+0	8.0111490E+0
0.850	2.1638613E+0	2.7128169E+0	6.4761990E+0	6.5685090E+0	7.8793080E+0	8.0042850E+0
0.855	2.1607416E+0	2.6840724E+0	6.4961700E+0	6.5876430E+0	7.8786330E+0	7.9974540E+0
0.860	2.1576387E+0	2.6551101E+0	6.5164530E+0	6.6064020E+0	7.8779850E+0	7.9906620E+0
0.865	2.1545598E+0	2.6260086E+0	6.5369610E+0	6.6247740E+0	7.8773550E+0	7.9839240E+0
0.870	2.1515118E+0	2.5968486E+0	6.5576160E+0	6.6427440E+0	7.8767490E+0	7.9772430E+0
0.875	2.1485022E+0	2.5677129E+0	6.5783280E+0	6.6602970E+0	7.8761640E+0	7.9706340E+0
0.880	2.1455382E+0	2.5386876E+0	6.5990160E+0	6.6774210E+0	7.8756030E+0	7.9641060E+0
0.885	2.1426270E+0	2.5098591E+0	6.6195960E+0	6.6940920E+0	7.8750630E+0	7.9576710E+0
0.890	2.1397761E+0	2.4813171E+0	6.6399900E+0	6.7102980E+0	7.8745470E+0	7.9513410E+0
0.895	2.1369921E+0	2.4531516E+0	6.6601110E+0	6.7260150E+0	7.8740520E+0	7.9451250E+0
0.900	2.1342822E+0	2.4254547E+0	6.6798840E+0	6.7412280E+0	7.8735810E+0	7.9390410E+0
0.905	2.1316539E+0	2.3983185E+0	6.6992310E+0	6.7559100E+0	7.8731340E+0	7.9331010E+0
0.910	2.1291135E+0	2.3718363E+0	6.7180740E+0	6.7700460E+0	7.8727080E+0	7.9273200E+0
0.915	2.1266679E+0	2.3461017E+0	6.7363440E+0	6.7836090E+0	7.8723060E+0	7.9217100E+0
0.920	2.1243234E+0	2.3212077E+0	6.7539660E+0	6.7965750E+0	7.8719250E+0	7.9162920E+0
0.925	2.1220863E+0	2.2972473E+0	6.7708800E+0	6.8089230E+0	7.8715710E+0	7.9110810E+0
0.930	2.1199629E+0	2.2743123E+0	6.7870140E+0	6.8206290E+0	7.8712350E+0	7.9060890E+0
0.935	2.1179589E+0	2.2524927E+0	6.8023140E+0	6.8316660E+0	7.8709260E+0	7.9013430E+0
0.940	2.1160797E+0	2.2318770E+0	6.8167170E+0	6.8420100E+0	7.8706380E+0	7.8968520E+0
0.945	2.1143307E+0	2.2125501E+0	6.8301720E+0	6.8516370E+0	7.8703740E+0	7.8926370E+0
0.950	2.1127164E+0	2.1945945E+0	6.8426280E+0	6.8605230E+0	7.8701340E+0	7.8887160E+0
0.955	2.1112416E+0	2.1780879E+0	6.8540400E+0	6.8686470E+0	7.8699150E+0	7.8851040E+0
0.960	2.1099108E+0	2.1631044E+0	6.8643660E+0	6.8759850E+0	7.8697200E+0	7.8818220E+0
0.965	2.1087270E+0	2.1497115E+0	6.8735670E+0	6.8825130E+0	7.8695490E+0	7.8788850E+0
0.970	2.1076944E+0	2.1379719E+0	6.8816100E+0	6.8882130E+0	7.8693990E+0	7.8763020E+0
0.975	2.1068154E+0	2.1279402E+0	6.8884680E+0	6.8930700E+0	7.8692730E+0	7.8740940E+0
0.980	2.1060927E+0	2.1196647E+0	6.8941110E+0	6.8970660E+0	7.8691710E+0	7.8722700E+0
0.985	2.1055287E+0	2.1131859E+0	6.8985210E+0	6.9001890E+0	7.8690900E+0	7.8708420E+0
0.990	2.1051243E+0	2.1085350E+0	6.9016830E+0	6.9024270E+0	7.8690330E+0	7.8698130E+0
0.995	2.1048813E+0	2.1057351E+0	6.9035850E+0	6.9037710E+0	7.8690000E+0	7.8691950E+0
1.000	2.1048003E+0	2.1048003E+0	6.9042210E+0	6.9042210E+0	7.8689880E+0	7.8689880E+0