0.00	3.2921190E-12	3.2921190E-12	3.2921190E-12	8.6633250E+0	8.6633250E+0	8.6633250E+0
0.01	4.0980150E-2	4.0980150E-2	7.9020810E-2	8.6629260E+0	8.6631180E+0	8.6631180E+0
0.02	8.1925830E-2	8.1925830E-2	1.5804183E-1	8.6617320E+0	8.6624970E+0	8.6624970E+0
0.03	1.2280263E-1	1.2280263E-1	2.3706333E-1	8.6597430E+0	8.6614590E+0	8.6614590E+0
0.04	1.6357620E-1	1.6357620E-1	3.1608540E-1	8.6569740E+0	8.6600100E+0	8.6600100E+0
0.05	2.0421231E-1	2.0421231E-1	3.9510840E-1	8.6534310E+0	8.6581530E+0	8.6581530E+0
0.06	2.4467697E-1	2.4467697E-1	4.7413200E-1	8.6491350E+0	8.6558910E+0	8.6558910E+0
0.07	2.8493631E-1	2.8493631E-1	5.5315620E-1	8.6441040E+0	8.6532300E+0	8.6532300E+0
0.08	3.2495700E-1	3.2495700E-1	6.3218130E-1	8.6383590E+0	8.6501760E+0	8.6501760E+0
0.09	3.6470550E-1	3.6470550E-1	7.1120640E-1	8.6319240E+0	8.6467350E+0	8.6467350E+0
0.10	4.0414920E-1	4.0414920E-1	7.9023120E-1	8.6248260E+0	8.6429130E+0	8.6429130E+0
0.11	4.4325570E-1	4.4325570E-1	8.6925510E-1	8.6170980E+0	8.6387220E+0	8.6387220E+0
0.12	4.8199320E-1	4.8199320E-1	9.4827720E-1	8.6087670E+0	8.6341710E+0	8.6341710E+0
0.13	5.2033050E-1	5.2033050E-1	1.0272957E+0	8.5998750E+0	8.6292660E+0	8.6292660E+0
0.14	5.5823700E-1	5.5823700E-1	1.1063094E+0	8.5904490E+0	8.6240280E+0	8.6240280E+0
0.15	5.9568270E-1	5.9568270E-1	1.1853162E+0	8.5805340E+0	8.6184600E+0	8.6184600E+0
0.16	6.3263850E-1	6.3263850E-1	1.2643137E+0	8.5701660E+0	8.6125830E+0	8.6125830E+0
0.17	6.6907620E-1	6.6907620E-1	1.3432989E+0	8.5593810E+0	8.6064090E+0	8.6064090E+0
0.18	7.0496880E-1	7.0496880E-1	1.4222679E+0	8.5482210E+0	8.5999530E+0	8.5999530E+0
0.19	7.4029020E-1	7.4029020E-1	1.5012174E+0	8.5367280E+0	8.5932330E+0	8.5932330E+0
0.20	7.7501520E-1	7.7501520E-1	1.5801420E+0	8.5249380E+0	8.5862670E+0	8.5862670E+0
0.21	8.0912010E-1	8.0912010E-1	1.6590360E+0	8.5128930E+0	8.5790730E+0	8.5790730E+0
0.22	8.4258270E-1	8.4258270E-1	1.7378937E+0	8.5006320E+0	8.5716720E+0	8.5716720E+0
0.23	8.7538170E-1	8.7538170E-1	1.8167073E+0	8.4881880E+0	8.5640820E+0	8.5640820E+0
0.24	9.0749790E-1	9.0749790E-1	1.8954693E+0	8.4756000E+0	8.5563270E+0	8.5563270E+0
0.25	9.3891360E-1	9.3891360E-1	1.9741698E+0	8.4628980E+0	8.5484280E+0	8.5484280E+0
0.26	9.6961200E-1	9.6961200E-1	2.0527992E+0	8.4501180E+0	8.5404030E+0	8.5404030E+0
0.27	9.9957870E-1	9.9957870E-1	2.1313461E+0	8.4372870E+0	8.5322820E+0	8.5322820E+0
0.28	1.0288014E+0	1.0288014E+0	2.2097985E+0	8.4244320E+0	8.5240860E+0	8.5240860E+0
0.29	1.0572690E+0	1.0572690E+0	2.2881423E+0	8.4115740E+0	8.5158330E+0	8.5158330E+0
0.30	1.0849725E+0	1.0849725E+0	2.3663631E+0	8.3987370E+0	8.5075560E+0	8.5075560E+0
0.31	1.1119050E+0	1.1119050E+0	2.4444450E+0	8.3859360E+0	8.4992700E+0	8.4992700E+0
0.32	1.1380614E+0	1.1380614E+0	2.5223709E+0	8.3731860E+0	8.4910050E+0	8.4910050E+0
0.33	1.1634387E+0	1.1634387E+0	2.6001222E+0	8.3604960E+0	8.4827850E+0	8.4827850E+0
0.34	1.1880354E+0	1.1880354E+0	2.6776794E+0	8.3478750E+0	8.4746250E+0	8.4746250E+0
0.35	1.2118530E+0	1.2118530E+0	2.7550215E+0	8.3353200E+0	8.4665580E+0	8.4665580E+0
0.36	1.2348939E+0	1.2348939E+0	2.8321269E+0	8.3228340E+0	8.4585990E+0	8.4585990E+0
0.37	1.2571626E+0	1.2571626E+0	2.9089725E+0	8.3104080E+0	8.4507690E+0	8.4507690E+0
0.38	1.2786663E+0	1.2786663E+0	2.9855337E+0	8.2980390E+0	8.4430950E+0	8.4430950E+0
0.39	1.2994125E+0	1.2994125E+0	3.0617850E+0	8.2857120E+0	8.4355890E+0	8.4355890E+0
0.40	1.3194117E+0	1.3194117E+0	3.1377030E+0	8.2734090E+0	8.4282720E+0	8.4282720E+0
0.41	1.3386753E+0	1.3386753E+0	3.2132550E+0	8.2611120E+0	8.4211620E+0	8.4211620E+0
0.42	1.3572162E+0	1.3572162E+0	3.2884200E+0	8.2488000E+0	8.4142770E+0	8.4142770E+0
0.43	1.3750491E+0	1.3750491E+0	3.3631650E+0	8.2364430E+0	8.4076260E+0	8.4076260E+0
0.44	1.3921896E+0	1.3921896E+0	3.4374660E+0	8.2240170E+0	8.4012210E+0	8.4012210E+0
0.45	1.4086545E+0	1.4086545E+0	3.5112870E+0	8.2114890E+0	8.3950800E+0	8.3950800E+0
0.46	1.4244612E+0	1.4244612E+0	3.5846040E+0	8.1988230E+0	8.3892090E+0	8.3892090E+0
0.47	1.4396283E+0	1.4396283E+0	3.6573870E+0	8.1859890E+0	8.3836140E+0	8.3836140E+0
0.48	1.4541750E+0	1.4541750E+0	3.7296060E+0	8.1729450E+0	8.3783040E+0	8.3783040E+0
0.49	1.4681211E+0	1.4681211E+0	3.8012280E+0	8.1596550E+0	8.3732850E+0	8.3732850E+0
0.50	1.4814867E+0	1.4814867E+0	3.8722320E+0	8.1460770E+0	8.3685570E+0	8.3685570E+0
0.51	1.4942922E+0	1.4942922E+0	3.9425820E+0	8.1321750E+0	8.3641230E+0	8.3641230E+0
0.52	1.5065577E+0	1.5065577E+0	4.0122540E+0	8.1179040E+0	8.3599800E+0	8.3599800E+0
0.53	1.5183039E+0	1.5183039E+0	4.0812240E+0	8.1032280E+0	8.3561310E+0	8.3561310E+0
0.54	1.5295509E+0	1.5295509E+0	4.1494620E+0	8.0881050E+0	8.3525700E+0	8.3525700E+0
0.55	1.5403185E+0	1.5403185E+0	4.2169440E+0	8.0724930E+0	8.3492940E+0	8.3492940E+0
0.56	1.5506265E+0	1.5506265E+0	4.2836460E+0	8.0563590E+0	8.3462940E+0	8.3462940E+0
0.57	1.5604944E+0	1.5604944E+0	4.3495500E+0	8.0396640E+0	8.3435640E+0	8.3435640E+0
0.58	1.5699402E+0	1.5699402E+0	4.4146320E+0	8.0223750E+0	8.3410980E+0	8.3410980E+0
0.59	1.5789828E+0	1.5789828E+0	4.4788710E+0	8.0044590E+0	8.3388840E+0	8.3388840E+0
0.60	1.5876390E+0	1.5876390E+0	4.5422580E+0	7.9858830E+0	8.3369130E+0	8.3369130E+0
0.61	1.5959259E+0	1.5959259E+0	4.6047690E+0	7.9666230E+0	8.3351730E+0	8.3351730E+0
0.62	1.6038597E+0	1.6038597E+0	4.6663950E+0	7.9466520E+0	8.3336520E+0	8.3336520E+0
0.63	1.6114554E+0	1.6114554E+0	4.7271240E+0	7.9259550E+0	8.3323380E+0	8.3323380E+0
0.64	1.6187283E+0	1.6187283E+0	4.7869440E+0	7.9045080E+0	8.3312190E+0	8.3312190E+0
0.65	1.6256919E+0	1.6256919E+0	4.8458520E+0	7.8823020E+0	8.3302800E+0	8.3302800E+0
0.66	1.6323594E+0	1.6323594E+0	4.9038390E+0	7.8593250E+0	8.3295090E+0	8.3295090E+0
0.67	1.6387437E+0	1.6387437E+0	4.9609020E+0	7.8355740E+0	8.3288880E+0	8.3288880E+0
0.68	1.6448559E+0	1.6448559E+0	5.0170380E+0	7.8110460E+0	8.3284110E+0	8.3284110E+0
0.69	1.6507074E+0	1.6507074E+0	5.0722470E+0	7.7857470E+0	8.3280570E+0	8.3280570E+0
0.70	1.6563087E+0	1.6563087E+0	5.1265320E+0	7.7596800E+0	8.3278200E+0	8.3278200E+0
0.71	1.6616694E+0	1.6616694E+0	5.1798960E+0	7.7328660E+0	8.3276820E+0	8.3276820E+0
0.72	1.6667979E+0	1.6667979E+0	5.2323390E+0	7.7053140E+0	8.3276310E+0	8.3276310E+0
0.73	1.6717035E+0	1.6717035E+0	5.2838700E+0	7.6770510E+0	8.3276580E+0	8.3276580E+0
0.74	1.6763931E+0	1.6763931E+0	5.3344950E+0	7.6481040E+0	8.3277480E+0	8.3277480E+0
0.75	1.6808742E+0	1.6808742E+0	5.3842140E+0	7.6185060E+0	8.3278950E+0	8.3278950E+0
0.76	1.6851531E+0	1.6851531E+0	5.4330390E+0	7.5882960E+0	8.3280840E+0	8.3280840E+0
0.77	1.6892355E+0	1.6892355E+0	5.4809730E+0	7.5575130E+0	8.3283060E+0	8.3283060E+0
0.78	1.6931268E+0	1.6931268E+0	5.5280190E+0	7.5262140E+0	8.3285580E+0	8.3285580E+0
0.79	1.6968312E+0	1.6968312E+0	5.5741800E+0	7.4944470E+0	8.3288280E+0	8.3288280E+0
0.80	1.7003535E+0	1.7003535E+0	5.6194530E+0	7.4622750E+0	8.3291100E+0	8.3291100E+0
0.81	1.7036967E+0	1.7036967E+0	5.6638320E+0	7.4297670E+0	8.3293950E+0	8.3293950E+0
0.82	1.7068635E+0	1.7068635E+0	5.7073110E+0	7.3970040E+0	8.3296830E+0	8.3296830E+0
0.83	1.7098569E+0	1.7098569E+0	5.7498630E+0	7.3640640E+0	8.3299650E+0	8.3299650E+0
0.84	1.7126784E+0	1.7126784E+0	5.7914700E+0	7.3310490E+0	8.3302410E+0	8.3302410E+0
0.85	1.7153298E+0	1.7153298E+0	5.8320930E+0	7.2980610E+0	8.3305050E+0	8.3305050E+0
0.86	1.7178120E+0	1.7178120E+0	5.8716750E+0	7.2652200E+0	8.3307540E+0	8.3307540E+0
0.87	1.7201256E+0	1.7201256E+0	5.9101530E+0	7.2326670E+0	8.3309880E+0	8.3309880E+0
0.88	1.7222706E+0	1.7222706E+0	5.9474340E+0	7.2005610E+0	8.3312040E+0	8.3312040E+0
0.89	1.7242476E+0	1.7242476E+0	5.9834040E+0	7.1690790E+0	8.3314020E+0	8.3314020E+0
0.90	1.7260560E+0	1.7260560E+0	6.0179100E+0	7.1384340E+0	8.3315850E+0	8.3315850E+0
0.91	1.7276955E+0	1.7276955E+0	6.0507690E+0	7.1088720E+0	8.3317440E+0	8.3317440E+0
0.92	1.7291652E+0	1.7291652E+0	6.0817470E+0	7.0806810E+0	8.3318880E+0	8.3318880E+0
0.93	1.7304645E+0	1.7304645E+0	6.1105620E+0	7.0542000E+0	8.3320110E+0	8.3320110E+0
0.94	1.7315925E+0	1.7315925E+0	6.1368720E+0	7.0298100E+0	8.3321190E+0	8.3321190E+0
0.95	1.7325489E+0	1.7325489E+0	6.1602840E+0	7.0079490E+0	8.3322060E+0	8.3322060E+0
0.96	1.7333325E+0	1.7333325E+0	6.1803600E+0	6.9890940E+0	8.3322780E+0	8.3322780E+0
0.97	1.7339427E+0	1.7339427E+0	6.1966320E+0	6.9737400E+0	8.3323350E+0	8.3323350E+0
0.98	1.7343789E+0	1.7343789E+0	6.2086560E+0	6.9623550E+0	8.3323740E+0	8.3323740E+0
0.99	1.7346408E+0	1.7346408E+0	6.2160420E+0	6.9553440E+0	8.3323980E+0	8.3323980E+0
1.00	1.7347281E+0	1.7347281E+0	6.2185350E+0	6.9529740E+0	8.3324040E+0	8.3324040E+0