0.00	3.2921190E-12	3.2921190E-12	3.2921190E-12	8.6633250E+0	8.6633250E+0	8.6633250E+0
0.01	5.4927060E-2	5.4927060E-2	8.2278900E-2	8.6627970E+0	8.6627970E+0	8.6633010E+0
0.02	1.0981809E-1	1.0981809E-1	1.6455057E-1	8.6612070E+0	8.6612070E+0	8.6632200E+0
0.03	1.6463712E-1	1.6463712E-1	2.4680787E-1	8.6585670E+0	8.6585670E+0	8.6630820E+0
0.04	2.1934800E-1	2.1934800E-1	3.2904360E-1	8.6548830E+0	8.6548830E+0	8.6628870E+0
0.05	2.7391449E-1	2.7391449E-1	4.1125050E-1	8.6501640E+0	8.6501640E+0	8.6626260E+0
0.06	3.2830020E-1	3.2830020E-1	4.9342110E-1	8.6444310E+0	8.6444310E+0	8.6623020E+0
0.07	3.8246850E-1	3.8246850E-1	5.7554880E-1	8.6376990E+0	8.6376990E+0	8.6619000E+0
0.08	4.3638270E-1	4.3638270E-1	6.5762580E-1	8.6299920E+0	8.6299920E+0	8.6614170E+0
0.09	4.9000590E-1	4.9000590E-1	7.3964550E-1	8.6213310E+0	8.6213310E+0	8.6608440E+0
0.10	5.4330030E-1	5.4330030E-1	8.2160010E-1	8.6117490E+0	8.6117490E+0	8.6601690E+0
0.11	5.9622870E-1	5.9622870E-1	9.0348240E-1	8.6012760E+0	8.6012760E+0	8.6593860E+0
0.12	6.4875300E-1	6.4875300E-1	9.8528580E-1	8.5899450E+0	8.5899450E+0	8.6584830E+0
0.13	7.0083540E-1	7.0083540E-1	1.0670025E+0	8.5777950E+0	8.5777950E+0	8.6574450E+0
0.14	7.5243750E-1	7.5243750E-1	1.1486253E+0	8.5648620E+0	8.5648620E+0	8.6562600E+0
0.15	8.0352060E-1	8.0352060E-1	1.2301473E+0	8.5511910E+0	8.5511910E+0	8.6549190E+0
0.16	8.5404600E-1	8.5404600E-1	1.3115607E+0	8.5368240E+0	8.5368240E+0	8.6534010E+0
0.17	9.0397470E-1	9.0397470E-1	1.3928586E+0	8.5218090E+0	8.5218090E+0	8.6516970E+0
0.18	9.5326770E-1	9.5326770E-1	1.4740335E+0	8.5061970E+0	8.5061970E+0	8.6497860E+0
0.19	1.0018860E+0	1.0018860E+0	1.5550782E+0	8.4900300E+0	8.4900300E+0	8.6476590E+0
0.20	1.0497909E+0	1.0497909E+0	1.6359852E+0	8.4733680E+0	8.4733680E+0	8.6452950E+0
0.21	1.0969434E+0	1.0969434E+0	1.7167470E+0	8.4562590E+0	8.4562590E+0	8.6426820E+0
0.22	1.1433051E+0	1.1433051E+0	1.7973561E+0	8.4387600E+0	8.4387600E+0	8.6397990E+0
0.23	1.1888376E+0	1.1888376E+0	1.8778050E+0	8.4209250E+0	8.4209250E+0	8.6366340E+0
0.24	1.2335037E+0	1.2335037E+0	1.9580862E+0	8.4028080E+0	8.4028080E+0	8.6331660E+0
0.25	1.2772662E+0	1.2772662E+0	2.0381919E+0	8.3844660E+0	8.3844660E+0	8.6293800E+0
0.26	1.3200888E+0	1.3200888E+0	2.1181146E+0	8.3659560E+0	8.3659560E+0	8.6252610E+0
0.27	1.3619367E+0	1.3619367E+0	2.1978462E+0	8.3473350E+0	8.3473350E+0	8.6207940E+0
0.28	1.4027754E+0	1.4027754E+0	2.2773786E+0	8.3286540E+0	8.3286540E+0	8.6159580E+0
0.29	1.4425725E+0	1.4425725E+0	2.3567043E+0	8.3099730E+0	8.3099730E+0	8.6107410E+0
0.30	1.4812968E+0	1.4812968E+0	2.4358149E+0	8.2913430E+0	8.2913430E+0	8.6051280E+0
0.31	1.5189186E+0	1.5189186E+0	2.5147023E+0	8.2728180E+0	8.2728180E+0	8.5991040E+0
0.32	1.5554103E+0	1.5554103E+0	2.5933581E+0	8.2544490E+0	8.2544490E+0	8.5926510E+0
0.33	1.5907461E+0	1.5907461E+0	2.6717739E+0	8.2362840E+0	8.2362840E+0	8.5857600E+0
0.34	1.6249029E+0	1.6249029E+0	2.7499410E+0	8.2183740E+0	8.2183740E+0	8.5784130E+0
0.35	1.6578600E+0	1.6578600E+0	2.8278510E+0	8.2007580E+0	8.2007580E+0	8.5706010E+0
0.36	1.6895988E+0	1.6895988E+0	2.9054949E+0	8.1834840E+0	8.1834840E+0	8.5623120E+0
0.37	1.7201037E+0	1.7201037E+0	2.9828640E+0	8.1665880E+0	8.1665880E+0	8.5535310E+0
0.38	1.7493627E+0	1.7493627E+0	3.0599490E+0	8.1501120E+0	8.1501120E+0	8.5442520E+0
0.39	1.7773659E+0	1.7773659E+0	3.1367400E+0	8.1340860E+0	8.1340860E+0	8.5344600E+0
0.40	1.8041073E+0	1.8041073E+0	3.2132310E+0	8.1185400E+0	8.1185400E+0	8.5241490E+0
0.41	1.8295839E+0	1.8295839E+0	3.2894070E+0	8.1035040E+0	8.1035040E+0	8.5133100E+0
0.42	1.8537966E+0	1.8537966E+0	3.3652620E+0	8.0889990E+0	8.0889990E+0	8.5019340E+0
0.43	1.8767487E+0	1.8767487E+0	3.4407870E+0	8.0750460E+0	8.0750460E+0	8.4900180E+0
0.44	1.8984483E+0	1.8984483E+0	3.5159670E+0	8.0616630E+0	8.0616630E+0	8.4775500E+0
0.45	1.9189062E+0	1.9189062E+0	3.5907990E+0	8.0488620E+0	8.0488620E+0	8.4645300E+0
0.46	1.9381368E+0	1.9381368E+0	3.6652710E+0	8.0366520E+0	8.0366520E+0	8.4509520E+0
0.47	1.9561584E+0	1.9561584E+0	3.7393680E+0	8.0250390E+0	8.0250390E+0	8.4368100E+0
0.48	1.9729917E+0	1.9729917E+0	3.8130870E+0	8.0140230E+0	8.0140230E+0	8.4221010E+0
0.49	1.9886616E+0	1.9886616E+0	3.8864100E+0	8.0036070E+0	8.0036070E+0	8.4068280E+0
0.50	2.0031957E+0	2.0031957E+0	3.9593340E+0	7.9937820E+0	7.9937820E+0	8.3909820E+0
0.51	2.0166249E+0	2.0166249E+0	4.0318440E+0	7.9845420E+0	7.9845420E+0	8.3745660E+0
0.52	2.0289822E+0	2.0289822E+0	4.1039310E+0	7.9758780E+0	7.9758780E+0	8.3575770E+0
0.53	2.0403039E+0	2.0403039E+0	4.1755830E+0	7.9677750E+0	7.9677750E+0	8.3400180E+0
0.54	2.0506281E+0	2.0506281E+0	4.2467910E+0	7.9602180E+0	7.9602180E+0	8.3218860E+0
0.55	2.0599953E+0	2.0599953E+0	4.3175460E+0	7.9531890E+0	7.9531890E+0	8.3031870E+0
0.56	2.0684478E+0	2.0684478E+0	4.3878330E+0	7.9466670E+0	7.9466670E+0	8.2839180E+0
0.57	2.0760297E+0	2.0760297E+0	4.4576460E+0	7.9406310E+0	7.9406310E+0	8.2640850E+0
0.58	2.0827860E+0	2.0827860E+0	4.5269730E+0	7.9350600E+0	7.9350600E+0	8.2436850E+0
0.59	2.0887626E+0	2.0887626E+0	4.5958020E+0	7.9299270E+0	7.9299270E+0	8.2227240E+0
0.60	2.0940069E+0	2.0940069E+0	4.6641270E+0	7.9252110E+0	7.9252110E+0	8.2012050E+0
0.61	2.0985657E+0	2.0985657E+0	4.7319330E+0	7.9208790E+0	7.9208790E+0	8.1791310E+0
0.62	2.1024867E+0	2.1024867E+0	4.7992140E+0	7.9169130E+0	7.9169130E+0	8.1565050E+0
0.63	2.1058170E+0	2.1058170E+0	4.8659610E+0	7.9132830E+0	7.9132830E+0	8.1333300E+0
0.64	2.1086037E+0	2.1086037E+0	4.9321620E+0	7.9099620E+0	7.9099620E+0	8.1096120E+0
0.65	2.1108927E+0	2.1108927E+0	4.9978080E+0	7.9069260E+0	7.9069260E+0	8.0853480E+0
0.66	2.1127293E+0	2.1127293E+0	5.0628900E+0	7.9041510E+0	7.9041510E+0	8.0605470E+0
0.67	2.1141576E+0	2.1141576E+0	5.1274020E+0	7.9016130E+0	7.9016130E+0	8.0352120E+0
0.68	2.1152205E+0	2.1152205E+0	5.1913320E+0	7.8992850E+0	7.8992850E+0	8.0093460E+0
0.69	2.1159588E+0	2.1159588E+0	5.2546770E+0	7.8971490E+0	7.8971490E+0	7.9829490E+0
0.70	2.1164115E+0	2.1164115E+0	5.3174250E+0	7.8951840E+0	7.8951840E+0	7.9560270E+0
0.71	2.1166167E+0	2.1166167E+0	5.3795700E+0	7.8933660E+0	7.8933660E+0	7.9285800E+0
0.72	2.1166089E+0	2.1166089E+0	5.4411060E+0	7.8916830E+0	7.8916830E+0	7.9006140E+0
0.73	2.1164214E+0	2.1164214E+0	5.5020270E+0	7.8721290E+0	7.8901140E+0	7.8901140E+0
0.74	2.1160851E+0	2.1160851E+0	5.5623270E+0	7.8431250E+0	7.8886470E+0	7.8886470E+0
0.75	2.1156282E+0	2.1156282E+0	5.6219970E+0	7.8136080E+0	7.8872670E+0	7.8872670E+0
0.76	2.1150768E+0	2.1150768E+0	5.6810370E+0	7.7835750E+0	7.8859620E+0	7.8859620E+0
0.77	2.1144543E+0	2.1144543E+0	5.7394410E+0	7.7530290E+0	7.8847230E+0	7.8847230E+0
0.78	2.1137823E+0	2.1137823E+0	5.7972030E+0	7.7219700E+0	7.8835410E+0	7.8835410E+0
0.79	2.1130791E+0	2.1130791E+0	5.8543200E+0	7.6903950E+0	7.8824100E+0	7.8824100E+0
0.80	2.1123615E+0	2.1123615E+0	5.9107920E+0	7.6583070E+0	7.8813210E+0	7.8813210E+0
0.81	2.1116433E+0	2.1116433E+0	5.9666130E+0	7.6257060E+0	7.8802740E+0	7.8802740E+0
0.82	2.1109368E+0	2.1109368E+0	6.0217830E+0	7.5925830E+0	7.8792660E+0	7.8792660E+0
0.83	2.1102519E+0	2.1102519E+0	6.0763020E+0	7.5589440E+0	7.8782910E+0	7.8782910E+0
0.84	2.1095964E+0	2.1095964E+0	6.1301640E+0	7.5247860E+0	7.8773550E+0	7.8773550E+0
0.85	2.1089772E+0	2.1089772E+0	6.1833750E+0	7.4901030E+0	7.8764520E+0	7.8764520E+0
0.86	2.1083982E+0	2.1083982E+0	6.2359290E+0	7.4548920E+0	7.8755850E+0	7.8755850E+0
0.87	2.1078630E+0	2.1078630E+0	6.2878320E+0	7.4191530E+0	7.8747570E+0	7.8747570E+0
0.88	2.1073737E+0	2.1073737E+0	6.3390810E+0	7.3828800E+0	7.8739740E+0	7.8739740E+0
0.89	2.1069306E+0	2.1069306E+0	6.3896820E+0	7.3460670E+0	7.8732330E+0	7.8732330E+0
0.90	2.1065340E+0	2.1065340E+0	6.4396320E+0	7.3087140E+0	7.8725400E+0	7.8725400E+0
0.91	2.1061833E+0	2.1061833E+0	6.4889370E+0	7.2708120E+0	7.8718980E+0	7.8718980E+0
0.92	2.1058767E+0	2.1058767E+0	6.5376000E+0	7.2323610E+0	7.8713100E+0	7.8713100E+0
0.93	2.1056127E+0	2.1056127E+0	6.5856210E+0	7.1933490E+0	7.8707820E+0	7.8707820E+0
0.94	2.1053892E+0	2.1053892E+0	6.6330090E+0	7.1537790E+0	7.8703170E+0	7.8703170E+0
0.95	2.1052044E+0	2.1052044E+0	6.6797640E+0	7.1136390E+0	7.8699180E+0	7.8699180E+0
0.96	2.1050562E+0	2.1050562E+0	6.7258890E+0	7.0729230E+0	7.8695880E+0	7.8695880E+0
0.97	2.1049431E+0	2.1049431E+0	6.7713930E+0	7.0316310E+0	7.8693270E+0	7.8693270E+0
0.98	2.1048633E+0	2.1048633E+0	6.8162820E+0	6.9897540E+0	7.8691380E+0	7.8691380E+0
0.99	2.1048159E+0	2.1048159E+0	6.8605530E+0	6.9472860E+0	7.8690270E+0	7.8690270E+0
1.00	2.1048003E+0	2.1048003E+0	6.9042210E+0	6.9042210E+0	7.8689880E+0	7.8689880E+0