     20.00      1494.3516    14165.1309
     30.00       923.9852     5801.8713
     40.00       681.0926     2750.8588
     50.00       519.2494     1456.2525
     75.00       284.0486      507.0550
    100.00       184.9756      277.8041
    125.00       136.8871      188.4799
    150.00       109.3206      142.8810
    175.00        91.5110      115.4911
    200.00        79.0152       97.2243
    225.00        69.7219       84.1432
    250.00        62.5102       74.2881
    275.00        56.7318       66.5784
    300.00        51.9855       60.3704
    400.00        39.1553       44.1561
    500.00        31.5293       34.9162
    600.00        26.4365       28.9133
    700.00        22.7809       24.6884
    800.00        20.0237       21.5489
    900.00        17.8675       19.1221
   1000.00        16.1338       17.1889