0.00	3.2921190E-12	3.2921190E-12	3.2921190E-12	8.8299540E+0	8.8299540E+0	8.8299540E+0
0.01	4.1768340E-2	4.1768340E-2	8.0540640E-2	8.8295460E+0	8.8297410E+0	8.8297410E+0
0.02	8.3501580E-2	8.3501580E-2	1.6108155E-1	8.8283280E+0	8.8291050E+0	8.8291050E+0
0.03	1.2516456E-1	1.2516456E-1	2.4162288E-1	8.8263000E+0	8.8280490E+0	8.8280490E+0
0.04	1.6672236E-1	1.6672236E-1	3.2216490E-1	8.8234770E+0	8.8265730E+0	8.8265730E+0
0.05	2.0814003E-1	2.0814003E-1	4.0270770E-1	8.8198680E+0	8.8246800E+0	8.8246800E+0
0.06	2.4938295E-1	2.4938295E-1	4.8325110E-1	8.8154880E+0	8.8223760E+0	8.8223760E+0
0.07	2.9041665E-1	2.9041665E-1	5.6379540E-1	8.8103610E+0	8.8196640E+0	8.8196640E+0
0.08	3.3120690E-1	3.3120690E-1	6.4434030E-1	8.8045050E+0	8.8165500E+0	8.8165500E+0
0.09	3.7172010E-1	3.7172010E-1	7.2488550E-1	8.7979440E+0	8.8130430E+0	8.8130430E+0
0.10	4.1192250E-1	4.1192250E-1	8.0543010E-1	8.7907110E+0	8.8091490E+0	8.8091490E+0
0.11	4.5178110E-1	4.5178110E-1	8.8597410E-1	8.7828330E+0	8.8048740E+0	8.8048740E+0
0.12	4.9126380E-1	4.9126380E-1	9.6651570E-1	8.7743460E+0	8.8002360E+0	8.8002360E+0
0.13	5.3033850E-1	5.3033850E-1	1.0470543E+0	8.7652800E+0	8.7952380E+0	8.7952380E+0
0.14	5.6897370E-1	5.6897370E-1	1.1275878E+0	8.7556740E+0	8.7898980E+0	8.7898980E+0
0.15	6.0713970E-1	6.0713970E-1	1.2081141E+0	8.7455670E+0	8.7842250E+0	8.7842250E+0
0.16	6.4480620E-1	6.4480620E-1	1.2886308E+0	8.7349980E+0	8.7782340E+0	8.7782340E+0
0.17	6.8194500E-1	6.8194500E-1	1.3691352E+0	8.7240090E+0	8.7719400E+0	8.7719400E+0
0.18	7.1852790E-1	7.1852790E-1	1.4496234E+0	8.7126330E+0	8.7653610E+0	8.7653610E+0
0.19	7.5452850E-1	7.5452850E-1	1.5300912E+0	8.7009210E+0	8.7585120E+0	8.7585120E+0
0.20	7.8992130E-1	7.8992130E-1	1.6105335E+0	8.6889030E+0	8.7514110E+0	8.7514110E+0
0.21	8.2468230E-1	8.2468230E-1	1.6909452E+0	8.6766270E+0	8.7440790E+0	8.7440790E+0
0.22	8.5878840E-1	8.5878840E-1	1.7713194E+0	8.6641290E+0	8.7365370E+0	8.7365370E+0
0.23	8.9221860E-1	8.9221860E-1	1.8516492E+0	8.6514450E+0	8.7288000E+0	8.7288000E+0
0.24	9.2495250E-1	9.2495250E-1	1.9319256E+0	8.6386140E+0	8.7208950E+0	8.7208950E+0
0.25	9.5697210E-1	9.5697210E-1	2.0121402E+0	8.6256690E+0	8.7128430E+0	8.7128430E+0
0.26	9.8826090E-1	9.8826090E-1	2.0922819E+0	8.6126430E+0	8.7046680E+0	8.7046680E+0
0.27	1.0188042E+0	1.0188042E+0	2.1723396E+0	8.5995660E+0	8.6963880E+0	8.6963880E+0
0.28	1.0485891E+0	1.0485891E+0	2.2523007E+0	8.5864620E+0	8.6880330E+0	8.6880330E+0
0.29	1.0776042E+0	1.0776042E+0	2.3321514E+0	8.5733580E+0	8.6796240E+0	8.6796240E+0
0.30	1.1058405E+0	1.1058405E+0	2.4118767E+0	8.5602750E+0	8.6711850E+0	8.6711850E+0
0.31	1.1332911E+0	1.1332911E+0	2.4914604E+0	8.5472280E+0	8.6627430E+0	8.6627430E+0
0.32	1.1599503E+0	1.1599503E+0	2.5708851E+0	8.5342320E+0	8.6543190E+0	8.6543190E+0
0.33	1.1858157E+0	1.1858157E+0	2.6501316E+0	8.5212990E+0	8.6459370E+0	8.6459370E+0
0.34	1.2108858E+0	1.2108858E+0	2.7291807E+0	8.5084320E+0	8.6376240E+0	8.6376240E+0
0.35	1.2351612E+0	1.2351612E+0	2.8080105E+0	8.4956370E+0	8.6293980E+0	8.6293980E+0
0.36	1.2586452E+0	1.2586452E+0	2.8865988E+0	8.4829110E+0	8.6212860E+0	8.6212860E+0
0.37	1.2813423E+0	1.2813423E+0	2.9649222E+0	8.4702480E+0	8.6133090E+0	8.6133090E+0
0.38	1.3032594E+0	1.3032594E+0	3.0429570E+0	8.4576390E+0	8.6054850E+0	8.6054850E+0
0.39	1.3244049E+0	1.3244049E+0	3.1206750E+0	8.4450750E+0	8.5978350E+0	8.5978350E+0
0.40	1.3447887E+0	1.3447887E+0	3.1980510E+0	8.4325350E+0	8.5903800E+0	8.5903800E+0
0.41	1.3644228E+0	1.3644228E+0	3.2750580E+0	8.4200040E+0	8.5831320E+0	8.5831320E+0
0.42	1.3833204E+0	1.3833204E+0	3.3516690E+0	8.4074520E+0	8.5761120E+0	8.5761120E+0
0.43	1.4014962E+0	1.4014962E+0	3.4278510E+0	8.3948580E+0	8.5693320E+0	8.5693320E+0
0.44	1.4189664E+0	1.4189664E+0	3.5035800E+0	8.3821950E+0	8.5628070E+0	8.5628070E+0
0.45	1.4357478E+0	1.4357478E+0	3.5788230E+0	8.3694240E+0	8.5565490E+0	8.5565490E+0
0.46	1.4518584E+0	1.4518584E+0	3.6535500E+0	8.3565150E+0	8.5505640E+0	8.5505640E+0
0.47	1.4673174E+0	1.4673174E+0	3.7277310E+0	8.3434350E+0	8.5448610E+0	8.5448610E+0
0.48	1.4821440E+0	1.4821440E+0	3.8013390E+0	8.3301390E+0	8.5394490E+0	8.5394490E+0
0.49	1.4963583E+0	1.4963583E+0	3.8743410E+0	8.3165940E+0	8.5343340E+0	8.5343340E+0
0.50	1.5099810E+0	1.5099810E+0	3.9467070E+0	8.3027550E+0	8.5295130E+0	8.5295130E+0
0.51	1.5230328E+0	1.5230328E+0	4.0184130E+0	8.2885860E+0	8.5249950E+0	8.5249950E+0
0.52	1.5355341E+0	1.5355341E+0	4.0894260E+0	8.2740420E+0	8.5207740E+0	8.5207740E+0
0.53	1.5475062E+0	1.5475062E+0	4.1597190E+0	8.2590810E+0	8.5168500E+0	8.5168500E+0
0.54	1.5589695E+0	1.5589695E+0	4.2292710E+0	8.2436670E+0	8.5132200E+0	8.5132200E+0
0.55	1.5699444E+0	1.5699444E+0	4.2980490E+0	8.2277580E+0	8.5098810E+0	8.5098810E+0
0.56	1.5804507E+0	1.5804507E+0	4.3660350E+0	8.2113120E+0	8.5068240E+0	8.5068240E+0
0.57	1.5905082E+0	1.5905082E+0	4.4332050E+0	8.1942960E+0	8.5040430E+0	8.5040430E+0
0.58	1.6001358E+0	1.6001358E+0	4.4995410E+0	8.1766740E+0	8.5015290E+0	8.5015290E+0
0.59	1.6093521E+0	1.6093521E+0	4.5650160E+0	8.1584130E+0	8.4992730E+0	8.4992730E+0
0.60	1.6181748E+0	1.6181748E+0	4.6296210E+0	8.1394800E+0	8.4972630E+0	8.4972630E+0
0.61	1.6266213E+0	1.6266213E+0	4.6933350E+0	8.1198480E+0	8.4954900E+0	8.4954900E+0
0.62	1.6347075E+0	1.6347075E+0	4.7561460E+0	8.0994960E+0	8.4939390E+0	8.4939390E+0
0.63	1.6424496E+0	1.6424496E+0	4.8180420E+0	8.0783970E+0	8.4926010E+0	8.4926010E+0
0.64	1.6498623E+0	1.6498623E+0	4.8790140E+0	8.0565390E+0	8.4914580E+0	8.4914580E+0
0.65	1.6569597E+0	1.6569597E+0	4.9390560E+0	8.0339070E+0	8.4905010E+0	8.4905010E+0
0.66	1.6637556E+0	1.6637556E+0	4.9981560E+0	8.0104890E+0	8.4897150E+0	8.4897150E+0
0.67	1.6702626E+0	1.6702626E+0	5.0563170E+0	7.9862790E+0	8.4890820E+0	8.4890820E+0
0.68	1.6764924E+0	1.6764924E+0	5.1135330E+0	7.9612800E+0	8.4885960E+0	8.4885960E+0
0.69	1.6824564E+0	1.6824564E+0	5.1698040E+0	7.9354950E+0	8.4882360E+0	8.4882360E+0
0.70	1.6881654E+0	1.6881654E+0	5.2251330E+0	7.9089270E+0	8.4879930E+0	8.4879930E+0
0.71	1.6936290E+0	1.6936290E+0	5.2795230E+0	7.8815940E+0	8.4878520E+0	8.4878520E+0
0.72	1.6988565E+0	1.6988565E+0	5.3329770E+0	7.8535140E+0	8.4878010E+0	8.4878010E+0
0.73	1.7038563E+0	1.7038563E+0	5.3854980E+0	7.8247080E+0	8.4878280E+0	8.4878280E+0
0.74	1.7086362E+0	1.7086362E+0	5.4370950E+0	7.7952060E+0	8.4879210E+0	8.4879210E+0
0.75	1.7132034E+0	1.7132034E+0	5.4877710E+0	7.7650380E+0	8.4880680E+0	8.4880680E+0
0.76	1.7175645E+0	1.7175645E+0	5.5375380E+0	7.7342460E+0	8.4882600E+0	8.4882600E+0
0.77	1.7217255E+0	1.7217255E+0	5.5863930E+0	7.7028720E+0	8.4884910E+0	8.4884910E+0
0.78	1.7256915E+0	1.7256915E+0	5.6343420E+0	7.6709670E+0	8.4887460E+0	8.4887460E+0
0.79	1.7294673E+0	1.7294673E+0	5.6813910E+0	7.6385910E+0	8.4890190E+0	8.4890190E+0
0.80	1.7330574E+0	1.7330574E+0	5.7275340E+0	7.6058010E+0	8.4893070E+0	8.4893070E+0
0.81	1.7364648E+0	1.7364648E+0	5.7727680E+0	7.5726690E+0	8.4895980E+0	8.4895980E+0
0.82	1.7396925E+0	1.7396925E+0	5.8170810E+0	7.5392730E+0	8.4898920E+0	8.4898920E+0
0.83	1.7427435E+0	1.7427435E+0	5.8604550E+0	7.5057030E+0	8.4901800E+0	8.4901800E+0
0.84	1.7456193E+0	1.7456193E+0	5.9028630E+0	7.4720490E+0	8.4904590E+0	8.4904590E+0
0.85	1.7483217E+0	1.7483217E+0	5.9442630E+0	7.4384280E+0	8.4907290E+0	8.4907290E+0
0.86	1.7508516E+0	1.7508516E+0	5.9846100E+0	7.4049570E+0	8.4909840E+0	8.4909840E+0
0.87	1.7532096E+0	1.7532096E+0	6.0238260E+0	7.3717770E+0	8.4912210E+0	8.4912210E+0
0.88	1.7553960E+0	1.7553960E+0	6.0618240E+0	7.3390530E+0	8.4914430E+0	8.4914430E+0
0.89	1.7574111E+0	1.7574111E+0	6.0984840E+0	7.3069650E+0	8.4916470E+0	8.4916470E+0
0.90	1.7592543E+0	1.7592543E+0	6.1336560E+0	7.2757290E+0	8.4918300E+0	8.4918300E+0
0.91	1.7609250E+0	1.7609250E+0	6.1671450E+0	7.2456000E+0	8.4919950E+0	8.4919950E+0
0.92	1.7624232E+0	1.7624232E+0	6.1987200E+0	7.2168690E+0	8.4921390E+0	8.4921390E+0
0.93	1.7637474E+0	1.7637474E+0	6.2280900E+0	7.1898750E+0	8.4922650E+0	8.4922650E+0
0.94	1.7648973E+0	1.7648973E+0	6.2549040E+0	7.1650170E+0	8.4923760E+0	8.4923760E+0
0.95	1.7658720E+0	1.7658720E+0	6.2787690E+0	7.1427390E+0	8.4924660E+0	8.4924660E+0
0.96	1.7666706E+0	1.7666706E+0	6.2992290E+0	7.1235210E+0	8.4925380E+0	8.4925380E+0
0.97	1.7672925E+0	1.7672925E+0	6.3158160E+0	7.1078700E+0	8.4925950E+0	8.4925950E+0
0.98	1.7677371E+0	1.7677371E+0	6.3280680E+0	7.0962660E+0	8.4926340E+0	8.4926340E+0
0.99	1.7680041E+0	1.7680041E+0	6.3355980E+0	7.0891200E+0	8.4926580E+0	8.4926580E+0
1.00	1.7680932E+0	1.7680932E+0	6.3381390E+0	7.0867050E+0	8.4926670E+0	8.4926670E+0