0.00	-5.745300	-2.327600	-2.327600	-2.122200	-1.299700	-1.299700	-0.539800	2.801200	2.801200	3.060200	3.060200
0.01	-5.744900	-2.328600	-2.327300	-2.123500	-1.300400	-1.298900	-0.539900	2.799800	2.801700	3.058000	3.059600
0.02	-5.743500	-2.331500	-2.326200	-2.127400	-1.302200	-1.296400	-0.540100	2.795800	2.803500	3.051600	3.057800
0.03	-5.741300	-2.336400	-2.324300	-2.134000	-1.305400	-1.292400	-0.540300	2.789100	2.806400	3.041000	3.054900
0.04	-5.738200	-2.343200	-2.321800	-2.143000	-1.309800	-1.287000	-0.540700	2.779900	2.810500	3.026400	3.050700
0.05	-5.734100	-2.351800	-2.318500	-2.154300	-1.315400	-1.280200	-0.541300	2.768300	2.815700	3.008000	3.045500
0.06	-5.729200	-2.362400	-2.314400	-2.167900	-1.322200	-1.272200	-0.541900	2.754300	2.822100	2.985900	3.039000
0.07	-5.723400	-2.374800	-2.309600	-2.183500	-1.330200	-1.263400	-0.542700	2.738100	2.829500	2.960600	3.031500
0.08	-5.716700	-2.389000	-2.304100	-2.201000	-1.339300	-1.253700	-0.543700	2.719900	2.838000	2.932200	3.022800
0.09	-5.709200	-2.405000	-2.297900	-2.220300	-1.349600	-1.243400	-0.544800	2.699900	2.847500	2.901100	3.013100
0.10	-5.700800	-2.422800	-2.291000	-2.241100	-1.361000	-1.232800	-0.546100	2.678300	2.858100	2.867500	3.002300
0.11	-5.691500	-2.442300	-2.283300	-2.263300	-1.373500	-1.222000	-0.547700	2.655200	2.831800	2.869600	2.990500
0.12	-5.681400	-2.463500	-2.286900	-2.274900	-1.387000	-1.211200	-0.549500	2.631000	2.794100	2.882100	2.977700
0.13	-5.670500	-2.486300	-2.311700	-2.265900	-1.401600	-1.200600	-0.551600	2.605800	2.754900	2.895400	2.963900
0.14	-5.658800	-2.510600	-2.337500	-2.256100	-1.417100	-1.190200	-0.553900	2.579900	2.714300	2.909600	2.949300
0.15	-5.646200	-2.536500	-2.364300	-2.245700	-1.433500	-1.180400	-0.556600	2.553500	2.672500	2.924600	2.933700
0.16	-5.632900	-2.563900	-2.392000	-2.234600	-1.450800	-1.171100	-0.559700	2.526900	2.629800	2.917300	2.940400
0.17	-5.618700	-2.592600	-2.420600	-2.222800	-1.469000	-1.162700	-0.563100	2.500200	2.586500	2.900200	2.956900
0.18	-5.603900	-2.622700	-2.449800	-2.210300	-1.488000	-1.155100	-0.567000	2.473800	2.542600	2.882200	2.974000
0.19	-5.588200	-2.654100	-2.479800	-2.197200	-1.507700	-1.148400	-0.571300	2.447700	2.498500	2.863600	2.991800
0.20	-5.571900	-2.686700	-2.510400	-2.183500	-1.528200	-1.142900	-0.576200	2.422300	2.454200	2.844300	3.010100
0.21	-5.554900	-2.720500	-2.541700	-2.169100	-1.549300	-1.138600	-0.581600	2.397700	2.410000	2.824300	3.029000
0.22	-5.537200	-2.755400	-2.573500	-2.154000	-1.571100	-1.135600	-0.587500	2.366100	2.374100	2.803800	3.048300
0.23	-5.518800	-2.791300	-2.605800	-2.138400	-1.593500	-1.133900	-0.594100	2.322500	2.351700	2.782800	3.068000
0.24	-5.499900	-2.828200	-2.638700	-2.122200	-1.616400	-1.133600	-0.601300	2.279400	2.330700	2.761200	3.088100
0.25	-5.480300	-2.866100	-2.672100	-2.105400	-1.639800	-1.134800	-0.609300	2.237000	2.311100	2.739200	3.108500
0.26	-5.460200	-2.904800	-2.705900	-2.088000	-1.663700	-1.137400	-0.617900	2.195500	2.293200	2.716900	3.129300
0.27	-5.439600	-2.944200	-2.740200	-2.070100	-1.688000	-1.141600	-0.627300	2.154900	2.277100	2.694100	3.150200
0.28	-5.418500	-2.984400	-2.774900	-2.051600	-1.712700	-1.147400	-0.637500	2.115300	2.262800	2.671100	3.171300
0.29	-5.396900	-3.025300	-2.810100	-2.032600	-1.737700	-1.154600	-0.648600	2.076900	2.250400	2.647800	3.192600
0.30	-5.375000	-3.066700	-2.845700	-2.013000	-1.763100	-1.163400	-0.660400	2.039900	2.240000	2.624300	3.214000
0.31	-5.352700	-3.108700	-2.881800	-1.993000	-1.788700	-1.173700	-0.673100	2.004200	2.231700	2.600600	3.235500
0.32	-5.330200	-3.151100	-2.918200	-1.972500	-1.814600	-1.185400	-0.686700	1.970000	2.225400	2.576700	3.256900
0.33	-5.307300	-3.193900	-2.955100	-1.951600	-1.840700	-1.198500	-0.701200	1.937400	2.221200	2.552800	3.278400
0.34	-5.284400	-3.237000	-2.992400	-1.930200	-1.866900	-1.212900	-0.716500	1.906400	2.219200	2.528800	3.299800
0.35	-5.261300	-3.280300	-3.030100	-1.908300	-1.893300	-1.228700	-0.732600	1.877200	2.219200	2.504800	3.321200
0.36	-5.238100	-3.323800	-3.068200	-1.919800	-1.886100	-1.245600	-0.749600	1.849700	2.221200	2.480800	3.342400
0.37	-5.215100	-3.367400	-3.106700	-1.946300	-1.863500	-1.263600	-0.767400	1.824000	2.225300	2.456900	3.363400
0.38	-5.192100	-3.410900	-3.145600	-1.972900	-1.840500	-1.282600	-0.785900	1.800100	2.231400	2.433000	3.384300
0.39	-5.169400	-3.454300	-3.184800	-1.999500	-1.817200	-1.302600	-0.805100	1.778100	2.239300	2.409300	3.405100
0.40	-5.147100	-3.497400	-3.224500	-2.026100	-1.793500	-1.323300	-0.824900	1.757900	2.249100	2.385800	3.425500
0.41	-5.125200	-3.540300	-3.264500	-2.052700	-1.769600	-1.344800	-0.845300	1.739700	2.260700	2.362500	3.445700
0.42	-5.103900	-3.582700	-3.304900	-2.079200	-1.745500	-1.366900	-0.866300	1.723200	2.274000	2.339400	3.465700
0.43	-5.083400	-3.624500	-3.345600	-2.105600	-1.721100	-1.389500	-0.887600	1.708700	2.288800	2.316500	3.485300
0.44	-5.063700	-3.665600	-3.386700	-2.131900	-1.696400	-1.412500	-0.909200	1.695900	2.294000	2.305300	3.504600
0.45	-5.045200	-3.705800	-3.428100	-2.158100	-1.671600	-1.435900	-0.931000	1.685000	2.271800	2.323100	3.523600
0.46	-5.027900	-3.744900	-3.469800	-2.184000	-1.646600	-1.459500	-0.953000	1.675800	2.250000	2.342300	3.542300
0.47	-5.012100	-3.782800	-3.511700	-2.209900	-1.621500	-1.483200	-0.974900	1.668300	2.228500	2.362800	3.560600
0.48	-4.998000	-3.819200	-3.553900	-2.235500	-1.596200	-1.507000	-0.996700	1.662400	2.207500	2.384400	3.578500
0.49	-4.985900	-3.854000	-3.596400	-2.260900	-1.570900	-1.530700	-1.018300	1.658200	2.186800	2.407100	3.596100
0.50	-4.976000	-3.886900	-3.639000	-2.286000	-1.554400	-1.545600	-1.039500	1.655500	2.166700	2.430800	3.613200
0.51	-4.968500	-3.917700	-3.681800	-2.310900	-1.577900	-1.520200	-1.060200	1.654300	2.147000	2.455500	3.629900
0.52	-4.963800	-3.946200	-3.724800	-2.335500	-1.601200	-1.494800	-1.080400	1.654600	2.127900	2.480900	3.646200
0.53	-4.962000	-3.972100	-3.767800	-2.359900	-1.624200	-1.469500	-1.099800	1.656200	2.109200	2.507100	3.662100
0.54	-4.963300	-3.995400	-3.810900	-2.383900	-1.646900	-1.444200	-1.118500	1.659100	2.091200	2.533900	3.677600
0.55	-4.967900	-4.015800	-3.854000	-2.407600	-1.669300	-1.419000	-1.136200	1.663200	2.073600	2.561300	3.692600
0.56	-4.975900	-4.033400	-3.897100	-2.431000	-1.691200	-1.394000	-1.152800	1.668500	2.056700	2.589200	3.707300
0.57	-4.987200	-4.048200	-3.940200	-2.454000	-1.712700	-1.369200	-1.168400	1.675000	2.040400	2.617500	3.721500
0.58	-5.001800	-4.060300	-3.983100	-2.476600	-1.733600	-1.344500	-1.182700	1.682400	2.024600	2.646100	3.735200
0.59	-5.019500	-4.069700	-4.026000	-2.498900	-1.754100	-1.320000	-1.195700	1.690900	2.009500	2.675000	3.748500
0.60	-5.040100	-4.076900	-4.068600	-2.520700	-1.774100	-1.295800	-1.207400	1.700400	1.995100	2.704100	3.761400
0.61	-5.063400	-4.110900	-4.081900	-2.542200	-1.793500	-1.271900	-1.217600	1.710700	1.981300	2.733200	3.773900
0.62	-5.089100	-4.153000	-4.085100	-2.563200	-1.812400	-1.248300	-1.226300	1.721800	1.968100	2.762400	3.785900
0.63	-5.116900	-4.194800	-4.086800	-2.583900	-1.830700	-1.233400	-1.225100	1.733700	1.955600	2.791600	3.797500
0.64	-5.146500	-4.236200	-4.087300	-2.604000	-1.848400	-1.239000	-1.202200	1.746300	1.943800	2.820700	3.808700
0.65	-5.177600	-4.277100	-4.086800	-2.623800	-1.865500	-1.243000	-1.179700	1.759600	1.932600	2.849600	3.819500
0.66	-5.209900	-4.317600	-4.085600	-2.643100	-1.882100	-1.245400	-1.157600	1.773500	1.922100	2.878300	3.829900
0.67	-5.243200	-4.357500	-4.083800	-2.661900	-1.898000	-1.246200	-1.136100	1.788000	1.912200	2.906700	3.839800
0.68	-5.277300	-4.396900	-4.081800	-2.680200	-1.913400	-1.245400	-1.114900	1.803000	1.903000	2.934800	3.849400
0.69	-5.312000	-4.435600	-4.079600	-2.698100	-1.928200	-1.243100	-1.094300	1.818400	1.894400	2.962400	3.858600
0.70	-5.346900	-4.473600	-4.077400	-2.715400	-1.942400	-1.239200	-1.074200	1.834300	1.886500	2.989600	3.867400
0.71	-5.382100	-4.511000	-4.075200	-2.732300	-1.956000	-1.233900	-1.054700	1.850600	1.879200	3.016200	3.875800
0.72	-5.417300	-4.547500	-4.073300	-2.748700	-1.969000	-1.227200	-1.035700	1.867200	1.872500	3.042300	3.883800
0.73	-5.452300	-4.583300	-4.071500	-2.764500	-1.981500	-1.219200	-1.017300	1.866400	1.884100	3.067800	3.891500
0.74	-5.487100	-4.618200	-4.070100	-2.779800	-1.993400	-1.210000	-0.999500	1.860900	1.901300	3.092600	3.898800
0.75	-5.521500	-4.652100	-4.068900	-2.794600	-2.004800	-1.199600	-0.982400	1.856000	1.918600	3.116700	3.905800
0.76	-5.555300	-4.685200	-4.068100	-2.808900	-2.015600	-1.188300	-0.965800	1.851600	1.936100	3.140100	3.912400
0.77	-5.588600	-4.717200	-4.067600	-2.822600	-2.025900	-1.176000	-0.949900	1.847700	1.953600	3.162600	3.918600
0.78	-5.621100	-4.748200	-4.067500	-2.835800	-2.035700	-1.162900	-0.934700	1.844300	1.971300	3.184400	3.924600
0.79	-5.652900	-4.778100	-4.067600	-2.848400	-2.044900	-1.149200	-0.920100	1.841400	1.988900	3.205300	3.930200
0.80	-5.683800	-4.807000	-4.068100	-2.860500	-2.053700	-1.134900	-0.906200	1.838900	2.006400	3.225300	3.935600
0.81	-5.713600	-4.834600	-4.068800	-2.872000	-2.061900	-1.120200	-0.893000	1.836700	2.023800	3.244400	3.940600
0.82	-5.742500	-4.861100	-4.069700	-2.882900	-2.069700	-1.105200	-0.880400	1.835000	2.041100	3.262600	3.945300
0.83	-5.770200	-4.886400	-4.070900	-2.893300	-2.077000	-1.090100	-0.868600	1.833600	2.058100	3.279900	3.949700
0.84	-5.796700	-4.910400	-4.072200	-2.903100	-2.083800	-1.075000	-0.857400	1.832500	2.074700	3.296200	3.953800
0.85	-5.821900	-4.933100	-4.073600	-2.912300	-2.090200	-1.060100	-0.846900	1.831700	2.091000	3.311500	3.957700
0.86	-5.845900	-4.954500	-4.075200	-2.921000	-2.096100	-1.045300	-0.837100	1.831100	2.106800	3.325800	3.961200
0.87	-5.868400	-4.974500	-4.076800	-2.929000	-2.101500	-1.031000	-0.828000	1.830700	2.122100	3.339200	3.964500
0.88	-5.889500	-4.993200	-4.078500	-2.936500	-2.106600	-1.017200	-0.819600	1.830500	2.136700	3.351500	3.967600
0.89	-5.909100	-5.010500	-4.080100	-2.943400	-2.111200	-1.004000	-0.811900	1.830400	2.150600	3.362900	3.970300
0.90	-5.927200	-5.026400	-4.081700	-2.949700	-2.115300	-0.991500	-0.804800	1.830500	2.163700	3.373200	3.972800
0.91	-5.943600	-5.040800	-4.083300	-2.955400	-2.119100	-0.979900	-0.798500	1.830600	2.175800	3.382600	3.975100
0.92	-5.958500	-5.053700	-4.084700	-2.960500	-2.122400	-0.969200	-0.792800	1.830800	2.187000	3.391000	3.977100
0.93	-5.971700	-5.065200	-4.086100	-2.965000	-2.125400	-0.959600	-0.787800	1.831100	2.197100	3.398300	3.978900
0.94	-5.983200	-5.075200	-4.087300	-2.969000	-2.127900	-0.951000	-0.783500	1.831300	2.206100	3.404700	3.980400
0.95	-5.993000	-5.083600	-4.088400	-2.972300	-2.130100	-0.943700	-0.779800	1.831600	2.213900	3.410100	3.981700
0.96	-6.001100	-5.090600	-4.089200	-2.975000	-2.131800	-0.937600	-0.776800	1.831800	2.220300	3.414500	3.982700
0.97	-6.007300	-5.096000	-4.090000	-2.977100	-2.133200	-0.932800	-0.774500	1.832000	2.225300	3.417900	3.983500
0.98	-6.011800	-5.099900	-4.090500	-2.978600	-2.134100	-0.929300	-0.772800	1.832200	2.229000	3.420400	3.984100
0.99	-6.014500	-5.102200	-4.090800	-2.979500	-2.134700	-0.927200	-0.771800	1.832300	2.231200	3.421800	3.984500
1.00	-6.015400	-5.102900	-4.090900	-2.979800	-2.134900	-0.926500	-0.771500	1.832300	2.231900	3.422300	3.984600