0.0000000000 0.0000000000 0.0000000000 0.0000000000 5.0721178917 5.0893949046 7.3091957749 8.6865271626 8.8354488386 10.6870871453
0.0101014058 0.0236057870 0.0563300774 0.0975881419 5.0727654424 5.0897006925 7.3088630058 8.6864791958 8.8358415661 10.6864995530
0.0202028117 0.0472979740 0.1152860929 0.1935348028 5.0746181570 5.0906989998 7.3078706942 8.6863442894 8.8370017611 10.6847517656
0.0303025141 0.0711620467 0.1736302928 0.2896304902 5.0773462642 5.0926806250 7.3062188403 8.6861194454 8.8388664674 10.6818767603
0.0404039200 0.0952819020 0.2317726128 0.3855490006 5.0803711654 5.0961612101 7.3039134398 8.6858076618 8.8413457472 10.6779255018
0.0505053258 0.1197388435 0.2897832042 0.4811604640 5.0831082664 5.1016474037 7.3009574907 8.6854119363 8.8443256797 10.6729699400
0.0606067317 0.1446111467 0.3476735791 0.5763765017 5.0853926814 5.1092171517 7.2973569888 8.6849322691 8.8476653626 10.6670880210
0.0707064341 0.1699732201 0.4054378014 0.6711275620 5.0873952920 5.1185976434 7.2931179299 8.6843806518 8.8512358853 10.6603606885
0.0808078399 0.1958953350 0.4630638197 0.7653548858 5.0893019691 5.1295010784 7.2882433120 8.6837570845 8.8548933477 10.6528718843
0.0909092458 0.2224430258 0.5205357448 0.8590093070 5.0912386254 5.1416996149 7.2827451267 8.6830675629 8.8585238288 10.6447025523
0.1010106516 0.2496769405 0.5778370883 0.9520482552 5.0932712152 5.1550343630 7.2766203762 8.6823210808 8.8620164056 10.6359156488
0.1111103540 0.2776525407 0.6349495629 1.0444363550 5.0954357134 5.1693764123 7.2698780541 8.6815266320 8.8652871363 10.6265801259
0.1212117599 0.3064201013 0.6918539818 1.1361418285 5.0977531056 5.1846208355 7.2625181605 8.6806902123 8.8682670688 10.6167409525
0.1313131657 0.3360239617 0.7485308585 1.2271373944 5.1002443771 5.2006746971 7.2545496891 8.6798238134 8.8709112342 10.6064430973
0.1414145716 0.3665038144 0.8049607067 1.3173987698 5.1029095280 5.2174660470 7.2459726400 8.6789334312 8.8731956493 10.5957165395
0.1515142740 0.3978938355 0.8611228406 1.4069034701 5.1057635478 5.2349259331 7.2367930090 8.6780280594 8.8751113202 10.5845792667
0.1616156798 0.4302222056 0.9169965746 1.4956311096 5.1088064366 5.2529943970 7.2270107960 8.6771166917 8.8766642427 10.5730492664
0.1717170857 0.4635123085 0.9725609232 1.5835616022 5.1120411923 5.2716234718 7.2166379928 8.6762113198 8.8778724045 10.5611295365
0.1818184915 0.4977830310 1.0277946013 1.6706772601 5.1154678149 5.2907621931 7.2056775973 8.6753209376 8.8787597888 10.5488230749
0.1919198974 0.5330475639 1.0826760238 1.7569591964 5.1190923002 5.3103715878 7.1941356053 8.6744485429 8.8793623707 10.5361298816
0.2020195998 0.5693146013 1.1371833059 1.8423903231 5.1229086523 5.3304126830 7.1820240085 8.6736091253 8.8797221211 10.5230379650
0.2121210056 0.6065886401 1.1912951623 1.9269529523 5.1269228672 5.3508465058 7.1693518006 8.6728056827 8.8798810109 10.5095413291
0.2222224115 0.6448693804 1.2449891087 2.0106299960 5.1311319469 5.3716400789 7.1561339714 8.6720472090 8.8798780130 10.4956279824
0.2323238173 0.6841532247 1.2982435600 2.0934034666 5.1355298955 5.3927634232 7.1423825123 8.6713396998 8.8797640920 10.4812919290
0.2424235198 0.7244317788 1.3510363316 2.1752562759 5.1401197110 5.4141805637 7.1281184090 8.6706861533 8.8795812189 10.4665151813
0.2525249256 0.7656939505 1.4033455387 2.2561707363 5.1448953976 5.4358645190 7.1133566509 8.6700925651 8.8793683666 10.4512917435
0.2626263315 0.8079247502 1.4551498961 2.3361288602 5.1498569552 5.4577823122 7.0981242194 8.6695619333 8.8791645080 10.4356066261
0.2727277373 0.8511061903 1.5064272191 2.4151123603 5.1549953901 5.4799069618 7.0824361040 8.6690972557 8.8790116141 10.4194508352
0.2828274397 0.8952172854 1.5571568222 2.4931029493 5.1603107022 5.5022084886 7.0663282798 8.6686985323 8.8789366661 10.4028183750
0.2929288456 0.9402349515 1.6073171203 2.5700814405 5.1657968958 5.5246539157 7.0498217323 8.6683627653 8.8789756390 10.3857002518
0.3030302514 0.9861328069 1.6568883271 2.6460286473 5.1714449771 5.5472162616 7.0329464406 8.6680899546 8.8791495184 10.3680904698
0.3131316573 1.0328829709 1.7058494571 2.7209253828 5.1772519482 5.5698655472 7.0157353819 8.6678741043 8.8794852854 10.3499860309
0.3232313597 1.0804548649 1.7541816236 2.7947509616 5.1832118131 5.5925717933 6.9982245312 8.6677152146 8.8799979298 10.3313809394
0.3333327655 1.1288164109 1.8018650401 2.8674849977 5.1893125803 5.6153020227 6.9804438677 8.6676012936 8.8807054389 10.3122811910
0.3434341714 1.1779346320 1.8488817193 2.9391071052 5.1955482539 5.6380322522 6.9624353622 8.6675293435 8.8816198045 10.2926867859
0.3535355772 1.2277735531 1.8952133737 3.0095939005 5.2019128381 5.6607295045 6.9442319920 8.6674873726 8.8827500203 10.2725977240
0.3636369831 1.2782968992 1.9408432151 3.0789267963 5.2083943411 5.6833638005 6.9258757278 8.6674663872 8.8840990843 10.2520229990
0.3737366855 1.3294674963 1.9857547548 3.1470815096 5.2149867672 5.7059021630 6.9074055427 8.6674543955 8.8856729923 10.2309716048
0.3838380913 1.3812466712 2.0299321039 3.2140370549 5.2216781246 5.7283176109 6.8888574117 8.6674364080 8.8874687464 10.2094495371
0.3939394972 1.4335948513 2.0733602728 3.2797694488 5.2284594197 5.7505771669 6.8702793014 8.6674034309 8.8894863466 10.1874747835
0.4040409030 1.4864724640 2.1160254711 3.3442517101 5.2353216586 5.7726508518 6.8517071870 8.6673404746 8.8917227949 10.1650593357
0.4141406054 1.5398381382 2.1579145079 3.4074658512 5.2422528496 5.7945086866 6.8331830394 8.6672295515 8.8941660997 10.1422181832
0.4242420113 1.5936517015 2.1990147919 3.4693848909 5.2492410011 5.8161236898 6.8147518272 8.6670616680 8.8968102651 10.1189723115
0.4343434171 1.6478708835 2.2393149311 3.5299818478 5.2562801173 5.8374598864 6.7964525235 8.6668158386 8.8996462974 10.0953397082
0.4444448230 1.7024546125 2.2788044327 3.5892387346 5.2633582064 5.8584902952 6.7783270992 8.6664800715 8.9026592070 10.0713413586
0.4545445254 1.7573609177 2.3174737034 3.6471255718 5.2704632768 5.8791849370 6.7604145272 8.6660423752 8.9058400002 10.0470042440
0.4646459312 1.8125475285 2.3553140492 3.7036153784 5.2775863347 5.8995168304 6.7427597763 8.6654847621 8.9091676914 10.0223553458
0.4747473371 1.8679724738 2.3923170760 3.7586901667 5.2847153885 5.9194529984 6.7254048174 8.6647952405 8.9126332869 9.9974156493
0.4848487429 1.9235940828 2.4284764881 3.8123199576 5.2918384464 5.9389634618 6.7083826277 8.6639648166 8.9162187992 9.9722151338
0.4949484454 1.9793697848 2.4637856901 3.8644807677 5.2989495126 5.9580272350 6.6917381758 8.6629755030 8.9199062408 9.9467897742
0.5050498512 2.0352579088 2.4982398852 3.9151486136 5.3060365955 5.9766083432 6.6755074370 8.6618243018 8.9236776242 9.9211635541
0.5151512571 2.0912167837 2.5318345768 3.9642995120 5.3130907013 5.9946887987 6.6597293840 8.6604962232 8.9275209576 9.8953724483
0.5252526629 2.1472041389 2.5645667667 4.0119124774 5.3200998382 6.0122356245 6.6444399920 8.6589852715 8.9314122578 9.8694494341
0.5353540688 2.2031789028 2.5964331573 4.0579605286 5.3270550126 6.0292248371 6.6296752360 8.6572884488 8.9353365350 9.8434274885
0.5454537712 2.2590991046 2.6274328493 4.1024226802 5.3339532266 6.0456324533 6.6154710910 8.6553997592 8.9392787998 9.8173425866
0.5555551770 2.3149233729 2.6575646434 4.1452839424 5.3407794904 6.0614374875 6.6018575363 8.6533162048 8.9432210646 9.7912307034
0.5656565829 2.3706100367 2.6868285397 4.1865203320 5.3475248104 6.0766159565 6.5888645510 8.6510347877 8.9471483398 9.7651248160
0.5757579887 2.4261180244 2.7152254376 4.2261168594 5.3541891866 6.0911438768 6.5765221144 8.6485585058 8.9510426379 9.7390668954
0.5858576911 2.4814053653 2.7427568359 4.2640615328 5.3607576293 6.1050062589 6.5648572077 8.6458873590 8.9548919672 9.7130899186
0.5959590970 2.5364309877 2.7694251330 4.3003423606 5.3672271406 6.1181851152 6.5538938142 8.6430273434 8.9586783402 9.6872328586
0.6060605028 2.5911526211 2.7952339265 4.3349503491 5.3735887269 6.1306594603 6.5436499216 8.6399814566 8.9623927630 9.6615286925
0.6161619087 2.6455282944 2.8201865140 4.3678795024 5.3798363922 6.1424143046 6.5341465152 8.6367586926 8.9660232442 9.6360193912
0.6262616111 2.6995160370 2.8442882919 4.3991298205 5.3859671386 6.1534436523 6.5253985846 8.6333650472 8.9695577918 9.6107409298
0.6363630169 2.7530729784 2.8675440567 4.4287043013 5.3919719723 6.1637295158 6.5174121258 8.6298095141 8.9729874123 9.5857262853
0.6464644228 2.8061559487 2.8899607037 4.4566119386 5.3978508934 6.1732629014 6.5101961323 8.6261070829 8.9763061098 9.5610114328
0.6565658286 2.8587208784 2.9115448283 4.4828617261 5.4035919102 6.1820408112 6.5037506043 8.6222637494 8.9794988946 9.5366353453
0.6666655310 2.9107236980 2.9323042252 4.5074716514 5.4091980206 6.1900572493 6.4980695459 8.6182945034 8.9825687646 9.5126280019
0.6767669369 2.9522472884 2.9621188394 4.5304686957 5.4146632288 6.1973122157 6.4931529571 8.6142143342 8.9855067262 9.4890253778
0.6868683427 2.9713827120 3.0128616333 4.5518768424 5.4199815389 6.2038027125 6.4889798525 8.6100382317 8.9883067835 9.4658604499
0.6969697486 2.9897203890 3.0628999160 4.5717320666 5.4251499530 6.2095377334 6.4855382403 8.6057811853 8.9909689365 9.4431631976
0.7070694510 3.0072705125 3.1121917166 4.5900703432 5.4301684710 6.2145202765 6.4828041373 8.6014611826 8.9934931851 9.4209636000
0.7171708568 3.0240438749 3.1606830726 4.6069396390 5.4350310973 6.2187623333 6.4807475642 8.5970902152 8.9958735336 9.3992946342
0.7272722627 3.0400527677 3.2083260173 4.6223879208 5.4397378317 6.2222758955 6.4793385418 8.5926862707 8.9981159778 9.3781832816
0.7373736685 3.0553091826 3.2550665880 4.6364691510 5.4442886742 6.2250819486 6.4785440930 8.5882673366 9.0002205176 9.3576535254
0.7474750744 3.0698251112 3.3008478243 4.6492372923 5.4486746312 6.2271984802 6.4783222469 8.5838543984 9.0021871531 9.3377323470
0.7575747768 3.0836155432 3.3456187616 4.6607582989 5.4529016984 6.2286494734 6.4786310326 8.5794564498 9.0040188822 9.3184407318
0.7676761827 3.0966894723 3.3893194414 4.6710981250 5.4569608821 6.2294649077 6.4794254814 8.5750974741 9.0057187029 9.2998086590
0.7777775885 3.1090648861 3.4318869075 4.6803227248 5.4608581781 6.2296717642 6.4806576266 8.5707924610 9.0072956088 9.2818481203
0.7878789944 3.1207537762 3.4732671973 4.6884980526 5.4645875906 6.2293150117 6.4822765034 8.5665534021 9.0087466021 9.2645830990
0.7979786968 3.1317711322 3.5133913586 4.6956990565 5.4681491195 6.2284246294 6.4842341451 8.5624042808 9.0100836744 9.2480315827
0.8080801026 3.1421319437 3.5521964350 4.7019946885 5.4715427650 6.2270515821 6.4864795872 8.5583540909 9.0113068258 9.2322115589
0.8181815085 3.1518482024 3.5896164725 4.7074598966 5.4747685269 6.2252378405 6.4889618650 8.5544178219 9.0124220520 9.2171320213
0.8282829143 3.1609378958 3.6255795208 4.7121636331 5.4778204094 6.2230343693 6.4916330117 8.5506164594 9.0134353490 9.2028139554
0.8383826167 3.1694160136 3.6600196258 4.7161748501 5.4807044085 6.2204951310 6.4944390648 8.5469559990 9.0143557104 9.1892633570
0.8484840226 3.1772945474 3.6928618394 4.7195624997 5.4834175261 6.2176800842 6.4973350555 8.5434514306 9.0151861342 9.1764922178
0.8585854284 3.1845854888 3.7240402074 4.7223955341 5.4859567643 6.2146431912 6.5002730171 8.5401207414 9.0159296184 9.1645125294
0.8686868343 3.1913098234 3.7534737859 4.7247339117 5.4883221232 6.2114474085 6.5032109787 8.5369669296 9.0165981546 9.1533332858
0.8787865367 3.1974735469 3.7810996187 4.7266375909 5.4905166006 6.2081526944 6.5061039715 8.5340049846 9.0171917427 9.1429574846
0.8888879425 3.2030916490 3.8068367619 4.7281695280 5.4925371987 6.2048250032 6.5089160205 8.5312439003 9.0177163787 9.1333941198
0.8989893484 3.2081761213 3.8306222592 4.7293776898 5.4943809195 6.2015242933 6.5116081526 8.5286956683 9.0181780584 9.1246491872
0.9090907542 3.2127419534 3.8523841605 4.7303160387 5.4960537589 6.1983165189 6.5141473909 8.5263632866 9.0185797797 9.1167256846
0.9191921601 3.2167951413 3.8720565115 4.7310295437 5.4975497210 6.1952556426 6.5165037560 8.5242587467 9.0189305363 9.1096296080
0.9292918625 3.2203476765 3.8895763560 4.7315601755 5.4988718037 6.1924016227 6.5186472688 8.5223850467 9.0192273304 9.1033609573
0.9393932683 3.2234085528 3.9048867334 4.7319409114 5.5000170091 6.1898084219 6.5205539459 8.5207511803 9.0194791557 9.0979257283
0.9494946742 3.2259837661 3.9179366792 4.7322107242 5.5009883352 6.1875270048 6.5222057998 8.5193601454 9.0196860122 9.0933209232
0.9595960800 3.2280823101 3.9286812245 4.7323935973 5.5017797861 6.1855963443 6.5235818451 8.5182149400 9.0198508978 9.0895525378
0.9696957825 3.2297101806 3.9370783984 4.7325105162 5.5023973576 6.1840554134 6.5246640942 8.5173215598 9.0199768104 9.0866205720
0.9797971883 3.2308673778 3.9431012197 4.7325824662 5.5028410498 6.1829311934 6.5254495493 8.5166800050 9.0200667480 9.0845250259
0.9898985942 3.2315598973 3.9467227070 4.7326184413 5.5031048667 6.1822506656 6.5259232206 8.5162962712 9.0201207106 9.0832688974
1.0000000000 3.2317937350 3.9479308688 4.7326304330 5.5031948043 6.1820198258 6.5260791125 8.5161673606 9.0201386981 9.0828491886
