0.0000000000 0.0000000000 0.0000000000 0.0000000000 5.0721178917 5.0893949046 7.3092587312 8.6913448200 8.8306551645 10.6870871453
0.0138887386 0.0512501019 0.1346972951 0.2262974816 5.0735508974 5.0932742131 7.3072591186 8.6909940634 8.8328376502 10.6837984270
0.0277774773 0.1038943866 0.2698175067 0.4511428906 5.0764768674 5.1058954563 7.3012872619 8.6899747706 8.8387705339 10.6742830290
0.0416662159 0.1592288248 0.4048897816 0.6737678302 5.0798165502 5.1273066010 7.2914061176 8.6883648875 8.8468978950 10.6594343312
0.0555559380 0.2183752981 0.5399691616 0.8933136062 5.0837857963 5.1559817058 7.2776876357 8.6862993206 8.8554029941 10.6403375808
0.0694446767 0.2822380991 0.6750263570 1.1091713410 5.0886634122 5.1903528586 7.2602127600 8.6839459534 8.8628018606 10.6179401205
0.0833334153 0.3514896314 0.8099906169 1.3208901474 5.0946202792 5.2291729246 7.2390444469 8.6815026486 8.8682250979 10.5928984947
0.0972221539 0.4265761353 0.9447549155 1.5281036797 5.1017733163 5.2714945613 7.2142636402 8.6791762627 8.8713998952 10.5655454726
0.1111108926 0.5077364252 1.0791783505 1.7304803678 5.1102214549 5.3165832781 7.1859812629 8.6771736522 8.8725031298 10.5359829835
0.1249996312 0.5950238639 1.2130912399 1.9276946377 5.1200366450 5.3638544806 7.1543412152 8.6756896818 8.8719724979 10.5041570648
0.1388883698 0.6883338241 1.3462978192 2.1194110222 5.1312908366 5.4128105142 7.1195503536 8.6748802434 8.8703686107 10.4699328101
0.1527780919 0.7874270718 1.4785849365 2.3052760663 5.1440319966 5.4630046888 7.0818784909 8.6748472662 8.8682670688 10.4331603234
0.1666668306 0.8919537497 1.6097286471 2.4849144306 5.1582961000 5.5140112997 7.0416524003 8.6756387171 8.8662074978 10.3937076962
0.1805555692 1.0014755619 1.7395032077 2.6579273918 5.1741071301 5.5654196318 6.9992648094 8.6772156230 8.8646545752 10.3514819930
0.1944443078 1.1154846607 1.8676882710 2.8238928425 5.1914650869 5.6168279640 6.9551564125 8.6794670610 8.8640040266 10.3064442408
0.2083330465 1.2334213345 1.9940787795 2.9823685898 5.2103579787 5.6678375728 6.9098068766 8.6822011640 8.8645556438 10.2586154251
0.2222217851 1.3546892971 2.1184888620 3.1328923542 5.2307558264 5.7180497349 6.8637198525 8.6851631090 8.8665372690 10.2080914794
0.2361105238 1.4786682787 2.2407590292 3.2749937622 5.2526196570 5.7670777186 6.8174169781 8.6880471080 8.8701017958 10.1550252974
0.2500002459 1.6047275170 2.3607573726 3.4081943458 5.2758895120 5.8145377901 6.7714258874 8.6905353816 8.8753091829 10.0996387254
0.2638889845 1.7322335515 2.4783807638 3.5320144376 5.3005114290 5.8600642032 6.7262622226 8.6923251398 8.8821384446 10.0422075720
0.2777777231 1.8605601166 2.5935533554 3.6459953560 5.3264134578 5.9033002054 6.6824296342 8.6931585616 8.8904876518 9.9830556125
0.2916664618 1.9890935383 2.7062223840 3.7497083984 5.3535236483 5.9439100298 6.6404017938 8.6928377842 8.9001769293 9.9225515910
0.3055552004 2.1172396287 2.8163524742 3.8427698310 5.3817730485 5.9815848904 6.6006133995 8.6912308990 8.9109814330 9.8610882352
0.3194439390 2.2444260849 2.9239169444 3.9248768640 5.4110867102 6.0160399850 6.5634481853 8.6882659562 8.9226403438 9.7990852538
0.3333336612 2.3701072855 3.0288885136 3.9958286366 5.4413896856 6.0470324819 6.5292089410 8.6839189722 8.9349108304 9.7369683514
0.3472223998 2.4937651899 3.1312195149 4.0555741843 5.4726070266 6.0743465310 6.4981115168 8.6782079346 8.9475650507 9.6751602347
0.3611111384 2.6149108373 3.2308314027 4.1042364218 5.5046637851 6.0978262405 6.4702488483 8.6711838080 8.9604171338 9.6140776147
0.3749998771 2.7330843468 3.3275862728 4.1421750994 5.5374760195 6.1173486955 6.4455909563 8.6629245384 8.9733231794 9.5541132189
0.3888886157 2.8478552171 3.4212472894 4.1700197803 5.5709567901 6.1328629315 6.4239609635 8.6535290571 8.9861902520 9.4956387893
0.4027773543 2.9588214272 3.5114127314 4.1887477866 5.6050041675 6.1443629526 6.4050500842 8.6431232768 8.9989583933 9.4389870950
0.4166660930 3.0656070378 3.5974110645 4.1997591467 5.6395072288 6.1519147131 6.3884326136 8.6318451018 9.0116036198 9.3844639240
0.4305558151 3.1678690869 3.6781000813 4.2050594693 5.6743250717 6.1556531194 6.3735929096 8.6198444280 9.0241199358 9.3323270973
0.4444445537 3.2652745056 3.7515431254 4.2075537387 5.7092988064 6.1557790320 6.3599673632 8.6072861411 9.0365163350 9.2828014589
0.4583332924 3.3575294978 3.8145234288 4.2114720202 5.7442275723 6.1525712576 6.3469833717 8.5943411226 9.0487958154 9.2360668840
0.4722220310 3.4443582547 3.8624122029 4.2224863782 5.7788805296 6.1463865486 6.3341013094 8.5811892475 9.0609493830 9.1922762666
0.4861107696 3.5254969595 3.8907485427 4.2460650190 5.8129668800 6.1376655994 6.3208564989 8.5680013974 9.0729530547 9.1515345338
0.4999995083 3.6007237661 3.8988519205 4.2838508027 5.8461298710 6.1269510333 6.3068712021 8.5549544496 9.0847618616 9.1139196315
0.5138882469 3.6698258221 3.8908055032 4.3326239632 5.8779078230 6.1149023928 6.2918995896 8.5422252813 9.0794885203 9.0963038536
0.5277779690 3.7326262502 3.8722273930 4.3875428597 5.9076771686 6.1023650914 6.2758247426 8.5299727822 9.0482651835 9.1074800994
0.5416667076 3.7889871462 3.8476864198 4.4446652274 5.9345025568 6.0904933282 6.2586856339 8.5183648360 9.0202496211 9.1181766779
0.5555554463 3.8203663749 3.8388035829 4.5012959362 5.9569150067 6.0809779301 6.2406681347 8.5075453427 8.9954298414 9.1282586829
0.5694441849 3.7924767251 3.8820305914 4.5555492944 5.9727380285 6.0762022435 6.2221259995 8.4976612005 8.9737668715 9.1375882099
0.5833329235 3.7656093661 3.9186861592 4.6059743088 5.9801219054 6.0781898645 6.2035688747 8.4888413198 8.9552127446 9.1460153630
0.5972216622 3.7409724595 3.9488632219 4.6513328384 5.9800199762 6.0861373504 6.1856563027 8.4812116134 8.9396925128 9.1533962421
0.6111104008 3.7194923627 3.9727356589 4.6904796778 5.9757899110 6.0967769685 6.1691707406 8.4748800064 8.9271192363 9.1595929427
0.6250001229 3.7018855786 3.9905762808 4.7223505653 5.9703816634 6.1072127280 6.1549845832 8.4699364363 8.9173909859 9.1644855482
0.6388888616 3.6886767430 4.0027538318 4.7459801707 5.9655040475 6.1157178270 6.1439792189 8.4664618470 8.9103818490 9.1679631354
0.6527776002 3.6802046211 4.0097329896 4.7605890349 5.9620414499 6.1213479208 6.1369580902 8.4645102011 8.9059509232 9.1699417626
0.6666663388 3.6766191088 4.0120593755 4.7656705093 5.9604075835 6.1235843691 6.1345507605 8.4641114778 8.9039363210 9.1703554755
0.6666663388 3.6766191088 4.0120593755 4.7656705093 5.9604075835 6.1235843691 6.1345507605 8.4641114778 8.9039363210 9.1703554755
0.6734690867 3.6766430922 4.0116876334 4.7646302310 5.9603206438 6.1233475334 6.1351743278 8.4644862178 8.9037804291 9.1699747397
0.6802718345 3.6778032872 4.0104225112 4.7612905482 5.9607043776 6.1222143197 6.1370090549 8.4652297019 8.9041401795 9.1692042742
0.6870745824 3.6800607210 4.0083509485 4.7557084211 5.9615407973 6.1201757341 6.1400489458 8.4663419302 8.9049975846 9.1680500750
0.6938773302 3.6833644288 4.0055508912 4.7479617958 5.9628119154 6.1172407704 6.1442700171 8.4678109110 8.9063226653 9.1665031483
0.7006800781 3.6876454586 4.0021062811 4.7381645933 5.9644757610 6.1134184224 6.1496332960 8.4696276506 8.9080974339 9.1645754858
0.7074828259 3.6928108747 3.9981010600 4.7264487219 5.9664873653 6.1087446651 6.1560818219 8.4717801571 8.9102979072 9.1622670874
0.7142855738 3.6987617459 3.9936191696 4.7129850632 5.9687837720 6.1032614694 6.1635436448 8.4742564390 8.9128971038 9.1595839490
0.7210883216 3.7053661637 3.9887415538 4.6979624861 5.9712720456 6.0970437834 6.1719408187 8.4770355109 8.9158680426 9.1565350643
0.7278910695 3.7124802278 3.9835521542 4.6816028366 5.9738322693 6.0901995320 6.1811864040 8.4800963872 8.9191927358 9.1531324251
0.7346938173 3.7199270611 3.9781319149 4.6641519443 5.9762965595 6.0828876051 6.1911844672 8.4834180826 8.9228412045 9.1493880230
0.7414965652 3.7275088008 3.9725557837 4.6458796219 5.9784100931 6.0753508342 6.2018450707 8.4869706178 8.9267894651 9.1453168477
0.7482993130 3.7349976050 3.9669017066 4.6270886594 5.9798041259 6.0679519677 6.2130722811 8.4907270115 8.9310135344 9.1409368866
0.7551020609 3.7421356525 3.9612386357 4.6081058299 5.9799450282 6.0612186394 6.2247701650 8.4946542867 8.9354894290 9.1362721230
0.7619048087 3.7486381410 3.9556325253 4.5892788923 5.9781702595 6.0558163875 6.2368487846 8.4987134704 8.9401931654 9.1313405446
0.7687075566 3.7541932867 3.9501523275 4.5709885824 5.9738562526 6.0523687795 6.2492241984 8.5028715854 8.9450947646 9.1261691326
0.7755103044 3.7584623248 3.9448580008 4.5536246298 5.9667182051 6.0511696115 6.2618154624 8.5070836630 8.9501762390 9.1207878662
0.7823130523 3.7611004944 3.9398005098 4.5375887557 5.9569329942 6.0520510000 6.2745446307 8.5113077323 8.9554136053 9.1152297226
0.7891148167 3.7617630347 3.9350308190 4.5232706898 5.9449503080 6.0545782466 6.2873427512 8.5154958266 8.9607798821 9.1095306766
0.7959175645 3.7601351642 3.9305968954 4.5110391762 5.9312438178 6.0582956674 6.3001438696 8.5196059749 8.9662540840 9.1037237056
0.8027203124 3.7559410741 3.9265377117 4.5012059986 5.9161972573 6.0628435120 6.3128910254 8.5235842147 8.9718122277 9.0978507803
0.8095230602 3.7489888976 3.9228862451 4.4940109906 5.9000924310 6.0679639594 6.3255302562 8.5273855773 8.9774363256 9.0919568696
0.8163258081 3.7391677117 3.9196754728 4.4895950544 5.8831391934 6.0734741363 6.3380135950 8.5309590979 8.9830993965 9.0860839443
0.8231285559 3.7264835122 3.9169203843 4.4880001610 5.8655024301 6.0792481302 6.3502960733 8.5342598078 8.9887804549 9.0802769733
0.8299313038 3.7110352304 3.9146449630 4.4891543602 5.8473170474 6.0851900077 6.3623417158 8.5372427382 8.9944615133 9.0745809253
0.8367340516 3.6930177312 3.9128552048 4.4929077560 5.8286939683 6.0912248206 6.3741145477 8.5398659182 9.0001185883 9.0690407691
0.8435367995 3.6726948315 3.9115601034 4.4990295086 5.8097441160 6.0972956086 6.3855845896 8.5420903749 9.0057306946 9.0636984757
0.8503395473 3.6503813130 3.9107536629 4.5072408115 5.7905634238 6.1033514070 6.3967248603 8.5438861290 9.0112798445 9.0585990138
0.8571422952 3.6264219363 3.9104298875 4.5172418726 5.7712478253 6.1093562408 6.4075083786 8.5452321950 9.0167480506 9.0537783584
0.8639450430 3.6011614624 3.9105737877 4.5287239062 5.7518932538 6.1152681390 6.4179171568 8.5461075877 9.0221113294 9.0492634909
0.8707477909 3.5749506478 3.9111673758 4.5413781266 5.7325956427 6.1210631184 6.4279302096 8.5465093090 9.0273516936 9.0450873883
0.8775505387 3.5481222618 3.9121776749 4.5549197312 5.7134479277 6.1267052038 6.4375295494 8.5464373589 9.0324511555 9.0412650403
0.8843532866 3.5209940837 3.9135807014 4.5690759094 5.6945490400 6.1321764078 6.4467031846 8.5459127229 9.0373947256 9.0378114365
0.8911560344 3.4938569118 3.9153314867 4.5835948360 5.6759919152 6.1374497491 6.4554301298 8.5449533885 9.0347265768 9.0421584205
0.8979587823 3.4669955486 3.9173910578 4.5982516669 5.6578814805 6.1425012443 6.4637043890 8.5436013266 9.0320134592 9.0467302485
0.9047615301 3.4406648173 3.9197114478 4.6128365477 5.6403106714 6.1473159038 6.4715079747 8.5418955101 9.0296570941 9.0510952200
0.9115642780 3.4151015534 3.9222386944 4.6271636074 5.6233844150 6.1518727422 6.4788318933 8.5398928995 9.0276424918 9.0552323496
0.9183670258 3.3905306011 3.9249158370 4.6410649624 5.6072016429 6.1561567699 6.4856641530 8.5376534533 9.0259516650 9.0591266477
0.9251697737 3.3671558189 3.9276859150 4.6543817230 5.5918582883 6.1601529973 6.4919957600 8.5352401277 9.0245516363 9.0627691205
0.9319725215 3.3451630778 3.9304889702 4.6669819808 5.5774562806 6.1638464347 6.4978147227 8.5327278707 9.0234154246 9.0661417805
0.9387752694 3.3247292550 3.9332650442 4.6787398230 5.5640855574 6.1672250906 6.5031120474 8.5301826366 9.0225130507 9.0692326360
0.9455780172 3.3060102426 3.9359481826 4.6895443267 5.5518420522 6.1702769731 6.5078817381 8.5276793734 9.0218115374 9.0720296954
0.9523807651 3.2891499405 3.9384814250 4.6993025563 5.5408097066 6.1729930886 6.5121118032 8.5252840354 9.0212779077 9.0745269627
0.9591835129 3.2742742614 3.9408078109 4.7079305701 5.5310724624 6.1753674413 6.5157932490 8.5230625766 9.0208851802 9.0767094485
0.9659862608 3.2614971264 3.9428763757 4.7153504221 5.5226962739 6.1773880394 6.5189230774 8.5210719578 9.0206003778 9.0785711568
0.9727890086 3.2509084730 3.9446391526 4.7215051518 5.5157530912 6.1790488870 6.5214922949 8.5193691392 9.0204055130 9.0801030939
0.9795917565 3.2425922429 3.9460541709 4.7263437947 5.5102908810 6.1803469864 6.5234949054 8.5179960918 9.0202766024 9.0813022619
0.9863945043 3.2366083946 3.9470884533 4.7298273778 5.5063576099 6.1812763416 6.5249309091 8.5169887907 9.0201956586 9.0821596670
0.9931972522 3.2329988989 3.9477180165 4.7319289197 5.5039862552 6.1818339547 6.5257913122 8.5163742171 9.0201506898 9.0826783072
1.0000000000 3.2317937350 3.9479308688 4.7326304330 5.5031948043 6.1820198258 6.5260791125 8.5161673606 9.0201386981 9.0828491886
