Dynamical matrix file
--                                                                         
  2    2   2  13.2421598   0.0000000   0.0000000   0.0000000   0.0000000   0.0000000
           1  'Rb  '    77899.3165700106     
           2  'Br  '    72827.1293571110     
    1    1      0.0000000000      0.0000000000      0.0000000000
    2    2     -0.5000000000      0.5000000000      0.5000000000

     Dynamical  Matrix in cartesian axes

     q = (    0.000000000   0.000000000   0.000000000 ) 

    1    1
  0.01843732   0.00000000    -0.00000000   0.00000000    -0.00000000   0.00000000
 -0.00000000   0.00000000     0.01843732   0.00000000     0.00000000   0.00000000
 -0.00000000   0.00000000     0.00000000   0.00000000     0.01843732   0.00000000
    1    2
 -0.01811919   0.00000000    -0.00000000   0.00000000     0.00000000   0.00000000
 -0.00000000   0.00000000    -0.01811919   0.00000000     0.00000000   0.00000000
  0.00000000   0.00000000    -0.00000000   0.00000000    -0.01811919   0.00000000
    2    1
 -0.01811919   0.00000000    -0.00000000   0.00000000     0.00000000   0.00000000
 -0.00000000   0.00000000    -0.01811919   0.00000000     0.00000000   0.00000000
  0.00000000   0.00000000    -0.00000000   0.00000000    -0.01811919   0.00000000
    2    2
  0.01818682   0.00000000    -0.00000000   0.00000000    -0.00000000   0.00000000
 -0.00000000   0.00000000     0.01818682   0.00000000     0.00000000   0.00000000
 -0.00000000   0.00000000     0.00000000   0.00000000     0.01818682   0.00000000

     Dielectric Tensor:

          2.466715937202          0.000000000000         -0.000000000000
          0.000000000000          2.466715937202         -0.000000000000
         -0.000000000000         -0.000000000000          2.466715937202

     Effective Charges E-U: Z_{alpha}{s,beta}

     atom #    1
          1.164275164721         -0.000000000000         -0.000000000000
         -0.000000000000          1.164275164721          0.000000000000
         -0.000000000000          0.000000000000          1.164275164721
     atom #    2
         -1.164661828654          0.000000000000         -0.000000000000
          0.000000000000         -1.164661828654         -0.000000000000
          0.000000000000         -0.000000000000         -1.164661828654

     Diagonalizing the dynamical matrix

     q = (    0.000000000   0.000000000   0.000000000 ) 

 **************************************************************************
     freq (    1) =       0.166265 [THz] =       5.546008 [cm-1]
 (  0.081795  0.000000  0.700023  0.000000  0.000000  0.000000 ) 
 (  0.082333  0.000000  0.704627  0.000000  0.000000  0.000000 ) 
     freq (    2) =       0.166265 [THz] =       5.546008 [cm-1]
 (  0.000000  0.000000  0.000000  0.000000 -0.704785  0.000000 ) 
 (  0.000000  0.000000  0.000000  0.000000 -0.709420  0.000000 ) 
     freq (    3) =       0.166265 [THz] =       5.546008 [cm-1]
 ( -0.700023  0.000000  0.081795  0.000000 -0.000000  0.000000 ) 
 ( -0.704627  0.000000  0.082333  0.000000  0.000000  0.000000 ) 
     freq (    4) =       2.288399 [THz] =      76.332781 [cm-1]
 ( -0.137834  0.000000 -0.671306  0.000000  0.000000  0.000000 ) 
 (  0.146471  0.000000  0.713369  0.000000  0.000000  0.000000 ) 
     freq (    5) =       2.288399 [THz] =      76.332781 [cm-1]
 (  0.000000  0.000000  0.000000  0.000000 -0.685311  0.000000 ) 
 (  0.000000  0.000000  0.000000  0.000000  0.728251  0.000000 ) 
     freq (    6) =       2.288399 [THz] =      76.332781 [cm-1]
 (  0.671306  0.000000 -0.137834  0.000000 -0.000000  0.000000 ) 
 ( -0.713369  0.000000  0.146471  0.000000  0.000000  0.000000 ) 
 **************************************************************************
