0.00000000 0.00000000 0.00000000 0.00000000 2.27928800 2.27928800 3.46839858
0.01530570 0.03502380 0.05654245 0.07821609 2.27856910 2.27937374 3.46747821
0.03061288 0.07006430 0.11305747 0.15633799 2.27641839 2.27963066 3.46472612
0.04591858 0.10513792 0.16951766 0.23427156 2.27285416 2.28005846 3.46014830
0.06122428 0.14026039 0.22589558 0.31192308 2.26790699 2.28065595 3.45376873
0.07652997 0.17544640 0.28216372 0.38919927 2.26161826 2.28142162 3.44560539
0.09183716 0.21070944 0.33829459 0.46600778 2.25403922 2.28235427 3.43569127
0.10714286 0.24606133 0.39426036 0.54225627 2.24523103 2.28345151 3.42406533
0.12244855 0.28151203 0.45003336 0.61785422 2.23526234 2.28471123 3.41076656
0.13775574 0.31706931 0.50558512 0.69271169 2.22420781 2.28613045 3.39583392
0.15306144 0.35273886 0.56088775 0.76673992 2.21214718 2.28770616 3.37931838
0.16836713 0.38852324 0.61591187 0.83985170 2.19916319 2.28943536 3.36126491
0.18367283 0.42442303 0.67062811 0.91196127 2.18533948 2.29131385 3.34172446
0.19898002 0.46043494 0.72500618 0.98298469 2.17075880 2.29333835 3.32073902
0.21428571 0.49655328 0.77901491 1.05283923 2.15550238 2.29550435 3.29835355
0.22959141 0.53276936 0.83262191 1.12144423 2.13964608 2.29780765 3.27461003
0.24489860 0.56907087 0.88579392 1.18872145 2.12326155 2.30024346 3.24954742
0.26020429 0.60544284 0.93849556 1.25459444 2.10641234 2.30280728 3.22319570
0.27550999 0.64186696 0.99068995 1.31898887 2.08915451 2.30549342 3.19558486
0.29081569 0.67832167 1.04233781 1.38183336 2.07153604 2.30829677 3.16673288
0.30612288 0.71478267 1.09339808 1.44305839 2.05359559 2.31121225 3.13665474
0.32142857 0.75122269 1.14382550 1.50259828 2.03536284 2.31423355 3.10536245
0.33673427 0.78761234 1.19357148 1.56038888 2.01685967 2.31735529 3.07285301
0.35204146 0.82391925 1.24258238 1.61637024 1.99810229 2.32057085 3.03912341
0.36734715 0.86010864 1.29079793 1.67048539 1.97910207 2.32387396 3.00416767
0.38265285 0.89614454 1.33814737 1.72268098 1.95987101 2.32725861 2.96796478
0.39795854 0.93198857 1.38454618 1.77290693 1.94042650 2.33071731 2.93050068
0.41326573 0.96760146 1.42988523 1.82111798 1.92080362 2.33424347 2.89175196
0.42857143 1.00294214 1.47401731 1.86727216 1.90107101 2.33782988 2.85169405
0.44387712 1.03796924 1.51672328 1.88136598 1.91133319 2.34146906 2.81030177
0.45918431 1.07264049 1.55764608 1.86196194 1.95326869 2.34515320 2.76755053
0.47449001 1.10691361 1.59614207 1.84342101 1.99305139 2.34887482 2.72341755
0.48979571 1.14074603 1.63092814 1.82694744 2.03066030 2.35262581 2.67788215
0.50510140 1.17409580 1.65932294 1.81514882 2.06607952 2.35639810 2.63092932
0.52040859 1.20692062 1.67651691 1.81276877 2.09929858 2.36018267 2.58254979
0.53571429 1.23918004 1.67848055 1.82377924 2.13031296 2.36397144 2.53274145
0.55101998 1.27083298 1.66757381 1.84577378 2.15912387 2.36775572 2.48151329
0.56632717 1.30184076 1.64910243 1.87341310 2.18573311 2.37152650 2.42888870
0.58163287 1.33216443 1.62649182 1.90325050 2.21013288 2.37491925 2.37527450
0.59693856 1.36176769 1.60139653 1.93362572 2.23222425 2.31976741 2.37899132
0.61224426 1.39061397 1.57462420 1.96374073 2.24923715 2.26628752 2.38266737
0.62755145 1.41866881 1.54661464 1.99318120 2.20370983 2.27204772 2.38629366
0.64285714 1.44589861 1.51764304 2.02171451 2.14494371 2.28787554 2.38986118
0.65816284 1.47227102 1.48790847 2.04920004 2.08482042 2.30204371 2.39336035
0.67347003 1.45757521 1.49775484 2.02365686 2.07554935 2.31441493 2.39678248
0.68877572 1.42679377 1.52231919 1.96161550 2.10070490 2.32503236 2.40011856
0.70408142 1.39571134 1.54593531 1.89885165 2.12462890 2.33397455 2.40335991
0.71938712 1.36447661 1.56857440 1.83553378 2.14729767 2.34133655 2.40649754
0.73469430 1.33324488 1.59020859 1.77185046 2.16869653 2.34722356 2.40952304
0.75000000 1.30217833 1.61081060 1.70801396 2.18881887 2.35174982 2.41242832
0.75000000 1.30217833 1.61081060 1.70801396 2.18881887 2.35174982 2.41242832
0.75510140 1.29188917 1.61744409 1.68674131 2.19524221 2.35297717 2.41336877
0.76020429 1.28164348 1.62395887 1.66548786 2.20152375 2.35407141 2.41429453
0.76530570 1.27144845 1.63035404 1.64426289 2.20766349 2.35503704 2.41520560
0.77040859 1.26131068 1.62307749 1.63662898 2.21366173 2.35587946 2.41610137
0.77550999 1.25123707 1.60194185 1.64278251 2.21951847 2.35660315 2.41698216
0.78061288 1.24123451 1.58086767 1.64881343 2.22523400 2.35721323 2.41784706
0.78571429 1.23131020 1.55986664 1.65472113 2.23080893 2.35771448 2.41869607
0.79081569 1.22147103 1.53895075 1.66050472 2.23624326 2.35811201 2.41952890
0.79591858 1.21172449 1.51813290 1.66616299 2.24153729 2.35841090 2.42034523
0.80101998 1.20207808 1.49742626 1.67169535 2.24669161 2.35861626 2.42114477
0.80612288 1.19253870 1.47684464 1.67710090 2.25170683 2.35873318 2.42192753
0.81122428 1.18311444 1.45640243 1.68237844 2.25658295 2.35876645 2.42269320
0.81632717 1.17381279 1.43611460 1.68752767 2.26132086 2.35872178 2.42344148
0.82142857 1.16464126 1.41599676 1.69254709 2.26592057 2.35860397 2.42417207
0.82652997 1.15560762 1.39606509 1.69743609 2.27038268 2.35841810 2.42488468
0.83163287 1.14671969 1.37633608 1.70219379 2.27470807 2.35816957 2.42557930
0.83673427 1.13798495 1.35682771 1.70681958 2.27889677 2.35786288 2.42625533
0.84183716 1.12941210 1.33755828 1.71131257 2.28294966 2.35750403 2.42691307
0.84693856 1.12100803 1.31854637 1.71567184 2.28686734 2.35709721 2.42755223
0.85204146 1.11278144 1.29981147 1.71989651 2.29064981 2.35664782 2.42817220
0.85714286 1.10473982 1.28137456 1.72398597 2.29429798 2.35616036 2.42877298
0.86224575 1.09689126 1.26325603 1.72793963 2.29781244 2.35564052 2.42935458
0.86734715 1.08924357 1.24547837 1.73175628 2.30119350 2.35509220 2.42991669
0.87244855 1.08180483 1.22806345 1.73543563 2.30444175 2.35452050 2.43045901
0.87755145 1.07458224 1.21103467 1.73897677 2.30755778 2.35393021 2.43098155
0.88265285 1.06758389 1.19441600 1.74237911 2.31054221 2.35332553 2.43148400
0.88775574 1.06081759 1.17823203 1.74564175 2.31339533 2.35271126 2.43196637
0.89285714 1.05429052 1.16250794 1.74876438 2.31611774 2.35209129 2.43242835
0.89796004 1.04801018 1.14726921 1.75174611 2.31871005 2.35147012 2.43286964
0.90306144 1.04198406 1.13254223 1.75458634 2.32117254 2.35085165 2.43329055
0.90816284 1.03621876 1.11835307 1.75728477 2.32350552 2.35023977 2.43369077
0.91326573 1.03072147 1.10472872 1.75984050 2.32570989 2.34963839 2.43406971
0.91836713 1.02549909 1.09169647 1.76225322 2.32778595 2.34905109 2.43442796
0.92347003 1.02055762 1.07928268 1.76452235 2.32973400 2.34848119 2.43476493
0.92857143 1.01590365 1.06751464 1.76664757 2.33155433 2.34793197 2.43508091
0.93367432 1.01154288 1.05641874 1.76862800 2.33324726 2.34740674 2.43537530
0.93877572 1.00748100 1.04602106 1.77046363 2.33481367 2.34690848 2.43564841
0.94387712 1.00372370 1.03634707 1.77215385 2.33625327 2.34643961 2.43589994
0.94898002 1.00027519 1.02742106 1.77369838 2.33756666 2.34600251 2.43612988
0.95408142 0.99714087 1.01926672 1.77509661 2.33875414 2.34560019 2.43633793
0.95918431 0.99432462 1.01190593 1.77634884 2.33981600 2.34523444 2.43652440
0.96428571 0.99183035 1.00535877 1.77745418 2.34075255 2.34490707 2.43668929
0.96938861 0.98966166 0.99964473 1.77841261 2.34156349 2.34461987 2.43683199
0.97449001 0.98782124 0.99478001 1.77922415 2.34224941 2.34437404 2.43695311
0.97959141 0.98631208 0.99077928 1.77988849 2.34281032 2.34417138 2.43705204
0.98469430 0.98513570 0.98765485 1.78040503 2.34324682 2.34401279 2.43712908
0.98979571 0.98429448 0.98541600 1.78077437 2.34355831 2.34389887 2.43718425
0.99489860 0.98378933 0.98406994 1.78099562 2.34374508 2.34383022 2.43721722
1.00000000 0.98362085 0.98362085 1.78106967 2.34380743 2.34380743 2.43722832
