0.00000000 0.00000000 0.00000000 0.00000000 2.27928800 2.27928800 3.46839858
0.01010195 0.01634143 0.01634143 0.04197274 2.27930658 2.27930658 3.46808080
0.02020179 0.03267763 0.03267763 0.08393007 2.27936265 2.27936265 3.46713645
0.03030373 0.04900334 0.04900334 0.12585655 2.27945588 2.27945588 3.46555954
0.04040357 0.06531337 0.06531337 0.16773674 2.27958629 2.27958629 3.46335308
0.05050552 0.08160248 0.08160248 0.20955539 2.27975327 2.27975327 3.46052004
0.06060536 0.09786551 0.09786551 0.25129711 2.27995743 2.27995743 3.45705744
0.07070731 0.11409727 0.11409727 0.29294670 2.28019757 2.28019757 3.45296828
0.08080714 0.13029260 0.13029260 0.33448903 2.28047397 2.28047397 3.44825555
0.09090909 0.14644635 0.14644635 0.37590919 2.28078606 2.28078606 3.44292225
0.10101104 0.16255346 0.16255346 0.41719175 2.28113322 2.28113322 3.43696538
0.11111088 0.17860885 0.17860885 0.45832261 2.28151545 2.28151545 3.43039394
0.12121282 0.19460749 0.19460749 0.49928649 2.28193156 2.28193156 3.42320493
0.13131266 0.21054440 0.21054440 0.54006899 2.28238155 2.28238155 3.41540434
0.14141461 0.22641467 0.22641467 0.58065573 2.28286452 2.28286452 3.40699818
0.15151445 0.24221338 0.24221338 0.62103292 2.28337986 2.28337986 3.39798343
0.16161640 0.25793570 0.25793570 0.66118586 2.28392668 2.28392668 3.38836910
0.17171623 0.27357687 0.27357687 0.70110137 2.28450438 2.28450438 3.37815819
0.18181818 0.28913212 0.28913212 0.74076535 2.28511236 2.28511236 3.36735368
0.19192013 0.30459677 0.30459677 0.78016461 2.28574971 2.28574971 3.35596159
0.20201997 0.31996620 0.31996620 0.81928567 2.28641555 2.28641555 3.34398789
0.21212192 0.33523611 0.33523611 0.85811593 2.28710867 2.28710867 3.33143560
0.22222175 0.35040199 0.35040199 0.89664280 2.28782847 2.28782847 3.31831371
0.23232370 0.36545904 0.36545904 0.93485339 2.28857405 2.28857405 3.30462520
0.24242354 0.38040307 0.38040307 0.97273600 2.28934422 2.28934422 3.29037609
0.25252549 0.39523048 0.39523048 1.01027835 2.29013837 2.29013837 3.27557536
0.26262532 0.40993618 0.40993618 1.04746905 2.29095500 2.29095500 3.26022901
0.27272727 0.42451656 0.42451656 1.08429640 2.29179292 2.29179292 3.24434303
0.28282922 0.43896774 0.43896774 1.12075021 2.29265183 2.29265183 3.22792942
0.29292906 0.45328550 0.45328550 1.15681878 2.29352992 2.29352992 3.21098817
0.30303101 0.46746627 0.46746627 1.19249253 2.29442629 2.29442629 3.19353728
0.31313084 0.48150612 0.48150612 1.22776066 2.29534006 2.29534006 3.17557674
0.32323279 0.49540148 0.49540148 1.26261388 2.29626972 2.29626972 3.15712154
0.33333263 0.50914875 0.50914875 1.29704259 2.29721436 2.29721436 3.13818069
0.34343458 0.52274461 0.52274461 1.33103751 2.29817279 2.29817279 3.11876316
0.35353442 0.53618519 0.53618519 1.36458993 2.29914382 2.29914382 3.09887795
0.36363636 0.54946777 0.54946777 1.39769146 2.30012624 2.30012624 3.07853407
0.37373831 0.56258907 0.56258907 1.43033371 2.30111885 2.30111885 3.05774949
0.38383815 0.57554548 0.57554548 1.46250919 2.30212076 2.30212076 3.03653021
0.39394010 0.58833460 0.58833460 1.49421010 2.30313075 2.30313075 3.01489123
0.40403993 0.60095315 0.60095315 1.52542983 2.30414735 2.30414735 2.99284392
0.41414188 0.61339842 0.61339842 1.55616091 2.30516964 2.30516964 2.97040209
0.42424172 0.62566770 0.62566770 1.58639703 2.30619643 2.30619643 2.94757893
0.43434367 0.63775831 0.63775831 1.61613190 2.30722651 2.30722651 2.92438942
0.44444351 0.64966785 0.64966785 1.64535983 2.30825870 2.30825870 2.90084795
0.45454545 0.66139362 0.66139362 1.67407510 2.30929238 2.30929238 2.87696982
0.46464740 0.67293321 0.67293321 1.70227234 2.31032576 2.31032576 2.85277181
0.47474724 0.68428483 0.68428483 1.72994644 2.31135795 2.31135795 2.82827041
0.48484919 0.69544579 0.69544579 1.75709260 2.31238833 2.31238833 2.80348270
0.49494903 0.70641428 0.70641428 1.78370604 2.31341512 2.31341512 2.77842759
0.50505097 0.71718820 0.71718820 1.80978225 2.31443771 2.31443771 2.75312394
0.51515081 0.72776547 0.72776547 1.83531703 2.31545520 2.31545520 2.72759156
0.52525276 0.73814486 0.73814486 1.86030589 2.31646640 2.31646640 2.70185142
0.53535260 0.74832370 0.74832370 1.88474464 2.31747011 2.31747011 2.67592570
0.54545455 0.75830108 0.75830108 1.90862877 2.31846572 2.31846572 2.64983720
0.55555649 0.76807520 0.76807520 1.93195348 2.31945203 2.31945203 2.62361020
0.56565633 0.77764456 0.77764456 1.95471339 2.32042815 2.32042815 2.59727138
0.57575828 0.78700736 0.78700736 1.97690250 2.32139348 2.32139348 2.57084801
0.58585812 0.79616271 0.79616271 1.99851330 2.32234682 2.32234682 2.54437098
0.59596007 0.80510940 0.80510940 2.01953712 2.32328757 2.32328757 2.51787326
0.60605990 0.81384564 0.81384564 2.03996105 2.32421453 2.32421453 2.49139234
0.61616185 0.82237083 0.82237083 2.05976860 2.32512739 2.32512739 2.46497137
0.62626169 0.83068376 0.83068376 2.07893520 2.32602497 2.32602497 2.43866222
0.63636364 0.83878324 0.83878324 2.09742428 2.32690696 2.32690696 2.41253055
0.64646558 0.84666867 0.84666867 2.11517676 2.32777216 2.32777216 2.38666510
0.65656542 0.85433855 0.85433855 2.13209252 2.32862027 2.32862027 2.36119687
0.66666737 0.86179288 0.86179288 2.14798959 2.32945039 2.32945039 2.33634021
0.67676721 0.86903015 0.86903015 2.16250672 2.31248966 2.33026193 2.33026193
0.68686916 0.87604978 0.87604978 2.17485785 2.29046574 2.33105428 2.33105428
0.69696899 0.88285146 0.88285146 2.18323524 2.27211218 2.33182714 2.33182714
0.70707094 0.88943460 0.88943460 2.18414301 2.26096141 2.33257932 2.33257932
0.71717289 0.89579798 0.89579798 2.17498347 2.25964922 2.33331082 2.33331082
0.72727273 0.90194162 0.90194162 2.15838758 2.26558361 2.33402072 2.33402072
0.73737468 0.90786491 0.90786491 2.13829312 2.27486666 2.33470875 2.33470875
0.74747451 0.91356725 0.91356725 2.11681512 2.28542504 2.33537458 2.33537458
0.75757646 0.91904835 0.91904835 2.09488864 2.29636475 2.33601764 2.33601764
0.76767630 0.92430790 0.92430790 2.07295915 2.30728317 2.33663731 2.33663731
0.77777825 0.92934561 0.92934561 2.05127010 2.31798095 2.33723329 2.33723329
0.78787808 0.93416087 0.93416087 2.02997228 2.32835076 2.33780560 2.33780560
0.79798003 0.93875368 0.93875368 2.00917241 2.33833053 2.33835332 2.33835332
0.80808198 0.94312345 0.94312345 1.98895294 2.33887615 2.33887615 2.34788310
0.81818182 0.94727047 0.94727047 1.96938281 2.33937411 2.33937411 2.35698449
0.82828377 0.95119415 0.95119415 1.95052260 2.33984688 2.33984688 2.36561910
0.83838360 0.95489418 0.95489418 1.93242745 2.34029387 2.34029387 2.37377674
0.84848555 0.95837087 0.95837087 1.91514864 2.34071508 2.34071508 2.38145022
0.85858539 0.96162361 0.96162361 1.89873503 2.34111020 2.34111020 2.38863503
0.86868734 0.96465271 0.96465271 1.88323249 2.34147895 2.34147895 2.39532819
0.87878718 0.96745756 0.96745756 1.86868478 2.34182131 2.34182131 2.40152759
0.88888912 0.97003847 0.97003847 1.85513358 2.34213699 2.34213699 2.40723173
0.89899107 0.97239514 0.97239514 1.84261787 2.34242569 2.34242569 2.41244001
0.90909091 0.97452786 0.97452786 1.83117450 2.34268711 2.34268711 2.41715155
0.91919286 0.97643603 0.97643603 1.82083828 2.34292185 2.34292185 2.42136692
0.92929269 0.97811967 0.97811967 1.81163976 2.34312900 2.34312900 2.42508584
0.93939464 0.97957905 0.97957905 1.80360803 2.34330858 2.34330858 2.42830800
0.94949448 0.98081390 0.98081390 1.79676798 2.34346087 2.34346087 2.43103431
0.95959643 0.98182450 0.98182450 1.79114118 2.34358559 2.34358559 2.43326447
0.96969627 0.98261025 0.98261025 1.78674563 2.34368272 2.34368272 2.43499876
0.97979821 0.98317176 0.98317176 1.78359572 2.34375197 2.34375197 2.43623720
0.98990016 0.98350843 0.98350843 1.78170163 2.34379364 2.34379364 2.43698039
1.00000000 0.98362085 0.98362085 1.78106967 2.34380743 2.34380743 2.43722832
