0.00000000 0.00000000 0.00000000 0.00000000 2.27928800 2.27928800 3.46839858
0.01010000 0.02036907 0.02036907 0.02986982 2.27921425 2.27921425 3.46827566
0.02020244 0.04073637 0.04073637 0.05973733 2.27899360 2.27899360 3.46791291
0.03030244 0.06110004 0.06110004 0.08960027 2.27862576 2.27862576 3.46730733
0.04040488 0.08145831 0.08145831 0.11945629 2.27811161 2.27811161 3.46645892
0.05050488 0.10180942 0.10180942 0.14930310 2.27745207 2.27745207 3.46537068
0.06060488 0.12215154 0.12215154 0.17913837 2.27664833 2.27664833 3.46404260
0.07070732 0.14248283 0.14248283 0.20895979 2.27570099 2.27570099 3.46247469
0.08080732 0.16280157 0.16280157 0.23876505 2.27461184 2.27461184 3.46066994
0.09090976 0.18310588 0.18310588 0.26855175 2.27338239 2.27338239 3.45863135
0.10100976 0.20339400 0.20339400 0.29831762 2.27201444 2.27201444 3.45635593
0.11111219 0.22366411 0.22366411 0.32806029 2.27051009 2.27051009 3.45384967
0.12121220 0.24391443 0.24391443 0.35777717 2.26887172 2.26887172 3.45111557
0.13131220 0.26414310 0.26414310 0.38746617 2.26710115 2.26710115 3.44815362
0.14141463 0.28434837 0.28434837 0.41712459 2.26520107 2.26520107 3.44496683
0.15151463 0.30452841 0.30452841 0.44675034 2.26317418 2.26317418 3.44155520
0.16161707 0.32468133 0.32468133 0.47634041 2.26102317 2.26102317 3.43792772
0.17171707 0.34480547 0.34480547 0.50589300 2.25875075 2.25875075 3.43408138
0.18181707 0.36489873 0.36489873 0.53540513 2.25635961 2.25635961 3.43002220
0.19191951 0.38495991 0.38495991 0.56487468 2.25385334 2.25385334 3.42575017
0.20201951 0.40498631 0.40498631 0.59429867 2.25123436 2.25123436 3.42127427
0.21212195 0.42497704 0.42497704 0.62367499 2.24850595 2.24850595 3.41659152
0.22222195 0.44492940 0.44492940 0.65300064 2.24567112 2.24567112 3.41171091
0.23232439 0.46484249 0.46484249 0.68227353 2.24273316 2.24273316 3.40662943
0.24242439 0.48471390 0.48471390 0.71149036 2.23969477 2.23969477 3.40135609
0.25252439 0.50454184 0.50454184 0.74064933 2.23655954 2.23655954 3.39589388
0.26262683 0.52432482 0.52432482 0.76974714 2.23333018 2.23333018 3.39024280
0.27272683 0.54406072 0.54406072 0.79878109 2.23000939 2.23000939 3.38440885
0.28282927 0.56374776 0.56374776 0.82774910 2.22660045 2.22660045 3.37839202
0.29292927 0.58338444 0.58338444 0.85664785 2.22310608 2.22310608 3.37220132
0.30302927 0.60296895 0.60296895 0.88547494 2.21952836 2.21952836 3.36583673
0.31313171 0.62249920 0.62249920 0.91422740 2.21587060 2.21587060 3.35929827
0.32323171 0.64197369 0.64197369 0.94290250 2.21213489 2.21213489 3.35259792
0.33333415 0.66139062 0.66139062 0.97149786 2.20832303 2.20832303 3.34572968
0.34343415 0.68074789 0.68074789 1.00000988 2.20443773 2.20443773 3.33869956
0.35353415 0.70004430 0.70004430 1.02843646 2.20048077 2.20048077 3.33151355
0.36363659 0.71927775 0.71927775 1.05677459 2.19645337 2.19645337 3.32417164
0.37373659 0.73844616 0.73844616 1.08502130 2.19235761 2.19235761 3.31667684
0.38383902 0.75754860 0.75754860 1.11317386 2.18819470 2.18819470 3.30902915
0.39393902 0.77658270 0.77658270 1.14122900 2.18396553 2.18396553 3.30123456
0.40404146 0.79554694 0.79554694 1.16918460 2.17967131 2.17967131 3.29329606
0.41414146 0.81443953 0.81443953 1.19703738 2.17531234 2.17531234 3.28521067
0.42424146 0.83325867 0.83325867 1.22478433 2.17088921 2.17088921 3.27698438
0.43434390 0.85200257 0.85200257 1.25242275 2.16640222 2.16640222 3.26861719
0.44444390 0.87067002 0.87067002 1.27994995 2.16185138 2.16185138 3.26011209
0.45454634 0.88925832 0.88925832 1.30736263 2.15723608 2.15723608 3.25146908
0.46464634 0.90776658 0.90776658 1.33465839 2.15255663 2.15255663 3.24268818
0.47474634 0.92619269 0.92619269 1.36183394 2.14781152 2.14781152 3.23377536
0.48484878 0.94453487 0.94453487 1.38888657 2.14300046 2.14300046 3.22472464
0.49494878 0.96279130 0.96279130 1.41581329 2.13812194 2.13812194 3.21553901
0.50505122 0.98096050 0.98096050 1.44261170 2.13317477 2.13317477 3.20622148
0.51515122 0.99904005 0.99904005 1.46927819 2.12815775 2.12815775 3.19676904
0.52525122 1.01702877 1.01702877 1.49581069 2.12306878 2.12306878 3.18718469
0.53535366 1.03492455 1.03492455 1.52220587 2.11790637 2.11790637 3.17746543
0.54545366 1.05272530 1.05272530 1.54846106 2.11266810 2.11266810 3.16761426
0.55555610 1.07042952 1.07042952 1.57457354 2.10735219 2.10735219 3.15762819
0.56565610 1.08803511 1.08803511 1.60054032 2.10195623 2.10195623 3.14750422
0.57575854 1.10553966 1.10553966 1.62635901 2.09647753 2.09647753 3.13724833
0.58585854 1.12294199 1.12294199 1.65202630 2.09091399 2.09091399 3.12685454
0.59595854 1.14023909 1.14023909 1.67753980 2.08526261 2.08526261 3.11632285
0.60606098 1.15742946 1.15742946 1.70289651 2.07952100 2.07952100 3.10565325
0.61616098 1.17451101 1.17451101 1.72809372 2.07368615 2.07368615 3.09484275
0.62626341 1.19148103 1.19148103 1.75312905 2.06775566 2.06775566 3.08389135
0.63636341 1.20833744 1.20833744 1.77799950 2.06172654 2.06172654 3.07279905
0.64646342 1.22507752 1.22507752 1.80270266 2.05559610 2.05559610 3.06155985
0.65656585 1.24169949 1.24169949 1.82723524 2.04936162 2.04936162 3.05017674
0.66666585 1.25820004 1.25820004 1.85159514 2.04302042 2.04302042 3.03864674
0.67676829 1.27457678 1.27457678 1.87577936 2.03656980 2.03656980 3.02696685
0.68686829 1.29082671 1.29082671 1.89978520 2.03000765 2.03000765 3.01513705
0.69697073 1.30694682 1.30694682 1.92361027 2.02333128 2.02333128 3.00315437
0.70707073 1.32293443 1.32293443 1.94725157 2.01653890 2.01653890 2.99101939
0.71717073 1.33878533 1.33878533 1.97070610 2.00962839 2.00962839 2.97872822
0.72727317 1.35449683 1.35449683 1.99397145 2.00259827 2.00259827 2.96627995
0.73737317 1.37006443 1.37006443 1.99544703 1.99544703 2.01704465 2.95367340
0.74747561 1.38548453 1.38548453 1.98817378 1.98817378 2.03992267 2.94090766
0.75757561 1.40075234 1.40075234 1.98077821 1.98077821 2.06260224 2.92798092
0.76767561 1.41586305 1.41586305 1.97325972 1.97325972 2.08508064 2.91489291
0.77777805 1.43081128 1.43081128 1.96561952 1.96561952 2.10735399 2.90164270
0.78787805 1.44559103 1.44559103 1.95785851 1.95785851 2.12941928 2.88823030
0.79798049 1.46019570 1.46019570 1.94997878 1.94997878 2.15127172 2.87465542
0.80808049 1.47461809 1.47461809 1.94198362 1.94198362 2.17290771 2.86091865
0.81818049 1.48884892 1.48884892 1.93387755 1.93387755 2.19432215 2.84702180
0.82828293 1.50287858 1.50287858 1.92566595 1.92566595 2.21550905 2.83296665
0.83838293 1.51669539 1.51669539 1.91735721 1.91735721 2.23646241 2.81875621
0.84848537 1.53028497 1.53028497 1.90896124 1.90896124 2.25717444 2.80439557
0.85858537 1.54363111 1.54363111 1.90049091 1.90049091 2.27763554 2.78989043
0.86868780 1.55671313 1.55671313 1.89196393 1.89196393 2.29783433 2.77525009
0.87878780 1.56950555 1.56950555 1.88340187 1.88340187 2.31775551 2.76048683
0.88888781 1.58197660 1.58197660 1.87483411 1.87483411 2.33737959 2.74561715
0.89899024 1.59408580 1.59408580 1.86629814 1.86629814 2.35668080 2.73066533
0.90909024 1.60578099 1.60578099 1.85784370 1.85784370 2.37562286 2.71566493
0.91919268 1.61699381 1.61699381 1.84953706 1.84953706 2.39415480 2.70066514
0.92929268 1.62763402 1.62763402 1.84146576 1.84146576 2.41220138 2.68573940
0.93939268 1.63758232 1.63758232 1.83374762 1.83374762 2.42964897 2.67099952
0.94949512 1.64668131 1.64668131 1.82653822 1.82653822 2.44631771 2.65662450
0.95959512 1.65472653 1.65472653 1.82004113 1.82004113 2.46191379 2.64290691
0.96969756 1.66146315 1.66146315 1.81450997 1.81450997 2.47594375 2.63033873
0.97979756 1.66659649 1.66659649 1.81023793 1.81023793 2.48758318 2.61974378
0.98990000 1.66983125 1.66983125 1.80752032 1.80752032 2.49557383 2.61238029
1.00000000 1.67093868 1.67093868 1.80658556 1.80658556 2.49847222 2.60969086
