0.00	0.00000000	0.00000000	0.00000000	2.32923540	2.32923540	3.51301800
0.01	0.02139626	0.02139626	0.03053409	2.32916280	2.32916280	3.51289800
0.02	0.04278921	0.04278921	0.06106485	2.32894530	2.32894530	3.51253800
0.03	0.06417555	0.06417555	0.09158898	2.32858320	2.32858320	3.51193800
0.04	0.08555196	0.08555196	0.12210315	2.32807680	2.32807680	3.51109800
0.05	0.10691514	0.10691514	0.15260406	2.32742700	2.32742700	3.51002100
0.06	0.12826185	0.12826185	0.18308841	2.32663470	2.32663470	3.50870400
0.07	0.14958885	0.14958885	0.21355287	2.32570140	2.32570140	3.50715300
0.08	0.17089287	0.17089287	0.24399417	2.32462800	2.32462800	3.50536500
0.09	0.19217076	0.19217076	0.27440907	2.32341660	2.32341660	3.50334300
0.10	0.21341934	0.21341934	0.30479430	2.32206840	2.32206840	3.50109000
0.11	0.23463549	0.23463549	0.33514650	2.32058580	2.32058580	3.49860900
0.12	0.25581612	0.25581612	0.36546270	2.31897060	2.31897060	3.49589700
0.13	0.27695823	0.27695823	0.39573930	2.31722490	2.31722490	3.49296000
0.14	0.29805876	0.29805876	0.42597330	2.31535140	2.31535140	3.48979800
0.15	0.31911480	0.31911480	0.45616170	2.31335280	2.31335280	3.48641700
0.16	0.34012350	0.34012350	0.48630120	2.31123090	2.31123090	3.48282000
0.17	0.36108210	0.36108210	0.51638850	2.30898930	2.30898930	3.47900400
0.18	0.38198760	0.38198760	0.54642090	2.30663040	2.30663040	3.47497500
0.19	0.40283760	0.40283760	0.57639480	2.30415690	2.30415690	3.47073900
0.20	0.42362940	0.42362940	0.60630750	2.30157210	2.30157210	3.46629300
0.21	0.44436000	0.44436000	0.63615570	2.29887870	2.29887870	3.46164600
0.22	0.46502760	0.46502760	0.66593670	2.29608000	2.29608000	3.45679800
0.23	0.48562920	0.48562920	0.69564750	2.29317840	2.29317840	3.45175500
0.24	0.50616270	0.50616270	0.72528480	2.29017780	2.29017780	3.44651400
0.25	0.52662600	0.52662600	0.75484620	2.28708030	2.28708030	3.44108400
0.26	0.54701640	0.54701640	0.78432810	2.28388950	2.28388950	3.43546800
0.27	0.56733210	0.56733210	0.81372840	2.28060750	2.28060750	3.42966600
0.28	0.58757100	0.58757100	0.84304380	2.27723790	2.27723790	3.42368400
0.29	0.60773130	0.60773130	0.87227160	2.27378310	2.27378310	3.41752500
0.30	0.62781090	0.62781090	0.90140910	2.27024550	2.27024550	3.41119200
0.31	0.64780770	0.64780770	0.93045330	2.26662780	2.26662780	3.40468800
0.32	0.66772050	0.66772050	0.95940210	2.26293210	2.26293210	3.39801300
0.33	0.68754720	0.68754720	0.98825220	2.25916110	2.25916110	3.39117600
0.34	0.70728630	0.70728630	1.01700120	2.25531630	2.25531630	3.38417400
0.35	0.72693630	0.72693630	1.04564670	2.25140010	2.25140010	3.37701600
0.36	0.74649570	0.74649570	1.07418600	2.24741400	2.24741400	3.36969900
0.37	0.76596300	0.76596300	1.10261610	2.24335950	2.24335950	3.36222600
0.38	0.78533700	0.78533700	1.13093520	2.23923810	2.23923810	3.35460300
0.39	0.80461650	0.80461650	1.15914060	2.23505070	2.23505070	3.34683000
0.40	0.82379970	0.82379970	1.18722960	2.23079850	2.23079850	3.33891000
0.41	0.84288630	0.84288630	1.21519980	2.22648180	2.22648180	3.33084600
0.42	0.86187420	0.86187420	1.24304910	2.22210180	2.22210180	3.32263500
0.43	0.88076310	0.88076310	1.27077510	2.21765850	2.21765850	3.31428600
0.44	0.89955150	0.89955150	1.29837510	2.21315190	2.21315190	3.30579300
0.45	0.91823820	0.91823820	1.32584730	2.20858200	2.20858200	3.29716500
0.46	0.93682290	0.93682290	1.35318900	2.20394850	2.20394850	3.28839600
0.47	0.95530380	0.95530380	1.38039810	2.19925080	2.19925080	3.27949200
0.48	0.97368030	0.97368030	1.40747280	2.19448830	2.19448830	3.27045000
0.49	0.99195180	0.99195180	1.43441010	2.18966010	2.18966010	3.26127600
0.50	1.01011650	1.01011650	1.46120850	2.18476500	2.18476500	3.25196400
0.51	1.02817440	1.02817440	1.48786560	2.17980180	2.17980180	3.24252000
0.52	1.04612370	1.04612370	1.51437930	2.17476870	2.17476870	3.23294100
0.53	1.06396380	1.06396380	1.54074750	2.16966450	2.16966450	3.22323000
0.54	1.08169380	1.08169380	1.56696840	2.16448740	2.16448740	3.21338400
0.55	1.09931250	1.09931250	1.59303930	2.15923560	2.15923560	3.20340000
0.56	1.11681900	1.11681900	1.61895900	2.15390670	2.15390670	3.19328400
0.57	1.13421180	1.13421180	1.64472480	2.14849890	2.14849890	3.18303300
0.58	1.15149000	1.15149000	1.67033490	2.14300980	2.14300980	3.17264400
0.59	1.16865210	1.16865210	1.69578750	2.13743730	2.13743730	3.16212000
0.60	1.18569720	1.18569720	1.72108080	2.13177900	2.13177900	3.15145500
0.61	1.20262350	1.20262350	1.74621240	2.12603250	2.12603250	3.14065200
0.62	1.21942980	1.21942980	1.77118050	2.12019570	2.12019570	3.12970800
0.63	1.23611400	1.23611400	1.79598360	2.11426590	2.11426590	3.11862300
0.64	1.25267490	1.25267490	1.82061930	2.10824070	2.10824070	3.10739700
0.65	1.26911010	1.26911010	1.84508580	2.10211830	2.10211830	3.09602400
0.66	1.28541810	1.28541810	1.86938130	2.09589630	2.09589630	3.08450400
0.67	1.30159620	1.30159620	1.89350430	2.08957260	2.08957260	3.07284000
0.68	1.31764260	1.31764260	1.91745210	2.08314540	2.08314540	3.06102300
0.69	1.33355430	1.33355430	1.94122380	2.07661290	2.07661290	3.04905900
0.70	1.34932830	1.34932830	1.96481670	2.06997360	2.06997360	3.03693900
0.71	1.36496190	1.36496190	1.98822930	2.06322630	2.06322630	3.02466900
0.72	1.38045150	1.38045150	2.01145950	2.05637010	2.05637010	3.01224000
0.73	1.39579350	1.39579350	2.03450550	2.04940440	2.04940440	2.99965470
0.74	1.41098340	1.41098340	2.04232920	2.04232920	2.05736520	2.98691070
0.75	1.42601700	1.42601700	2.03514480	2.03514480	2.08003680	2.97400680
0.76	1.44088890	1.44088890	2.02785210	2.02785210	2.10251820	2.96094120
0.77	1.45559370	1.45559370	2.02045260	2.02045260	2.12480700	2.94771300
0.78	1.47012480	1.47012480	2.01294870	2.01294870	2.14690110	2.93432130
0.79	1.48447440	1.48447440	2.00534430	2.00534430	2.16879780	2.92076490
0.80	1.49863500	1.49863500	1.99764360	1.99764360	2.19049500	2.90704350
0.81	1.51259610	1.51259610	1.98985230	1.98985230	2.21198940	2.89315680
0.82	1.52634750	1.52634750	1.98197790	1.98197790	2.23327830	2.87910510
0.83	1.53987540	1.53987540	1.97403030	1.97403030	2.25435750	2.86488870
0.84	1.55316510	1.55316510	1.96602120	1.96602120	2.27522340	2.85050970
0.85	1.56619830	1.56619830	1.95796500	1.95796500	2.29587060	2.83596990
0.86	1.57895310	1.57895310	1.94988120	1.94988120	2.31629370	2.82127260
0.87	1.59140400	1.59140400	1.94179230	1.94179230	2.33648490	2.80642320
0.88	1.60351890	1.60351890	1.93372740	1.93372740	2.35643490	2.79142860
0.89	1.61525850	1.61525850	1.92572340	1.92572340	2.37613140	2.77629930
0.90	1.62657510	1.62657510	1.91782590	1.91782590	2.39555790	2.76104940
0.91	1.63740840	1.63740840	1.91009280	1.91009280	2.41469100	2.74570050
0.92	1.64768430	1.64768430	1.90259610	1.90259610	2.43349740	2.73028470
0.93	1.65730950	1.65730950	1.89542730	1.89542730	2.45192700	2.71485030
0.94	1.66617030	1.66617030	1.88869890	1.88869890	2.46990120	2.69947500
0.95	1.67412810	1.67412810	1.88254770	1.88254770	2.48728950	2.68428720
0.96	1.68102000	1.68102000	1.87713540	1.87713540	2.50386450	2.66951400
0.97	1.68666390	1.68666390	1.87264350	1.87264350	2.51920260	2.65557840
0.98	1.69087290	1.69087290	1.86925800	1.86925800	2.53247610	2.64330720
0.99	1.69347840	1.69347840	1.86714630	1.86714630	2.54210910	2.63427570
1.00	1.69436160	1.69436160	1.86642810	1.86642810	2.54577270	2.63081250