0.000	3.2921190E-12	3.2921190E-12	3.2921190E-12	8.8299540E+0	8.8299540E+0	8.8299540E+0
0.015	9.2987190E-2	1.1879061E-1	1.9253490E-1	8.8275300E+0	8.8280910E+0	8.8292610E+0
0.030	1.8578871E-1	2.3768808E-1	3.8455830E-1	8.8203570E+0	8.8224990E+0	8.8271790E+0
0.045	2.7821964E-1	3.5677230E-1	5.7556530E-1	8.8087260E+0	8.8131750E+0	8.8236810E+0
0.060	3.7009650E-1	4.7607210E-1	7.6506630E-1	8.7930930E+0	8.8001070E+0	8.8187340E+0
0.075	4.6123830E-1	5.9554500E-1	9.5259150E-1	8.7740700E+0	8.7832890E+0	8.8122870E+0
0.090	5.5146660E-1	7.1506380E-1	1.1377011E+0	8.7523950E+0	8.7627120E+0	8.8042860E+0
0.105	6.4060680E-1	8.3441070E-1	1.3199901E+0	8.7288780E+0	8.7383670E+0	8.7946710E+0
0.120	7.2848790E-1	9.5327940E-1	1.4990958E+0	8.7043710E+0	8.7102630E+0	8.7833910E+0
0.135	8.1494430E-1	1.0712838E+0	1.6747041E+0	8.6784030E+0	8.6797230E+0	8.7703950E+0
0.150	8.9981520E-1	1.1879739E+0	1.8465540E+0	8.6428140E+0	8.6557230E+0	8.7556500E+0
0.165	9.8294520E-1	1.3028568E+0	2.0144409E+0	8.6035320E+0	8.6330820E+0	8.7391380E+0
0.180	1.0641855E+0	1.4154225E+0	2.1782184E+0	8.5606110E+0	8.6123730E+0	8.7208590E+0
0.195	1.1433930E+0	1.5251709E+0	2.3377968E+0	8.5141320E+0	8.5940250E+0	8.7008520E+0
0.210	1.2204327E+0	1.6316391E+0	2.4931401E+0	8.4641880E+0	8.5782900E+0	8.6791680E+0
0.225	1.2951759E+0	1.7344284E+0	2.6442606E+0	8.4108990E+0	8.5652610E+0	8.6559000E+0
0.240	1.3675026E+0	1.8332277E+0	2.7912105E+0	8.3544150E+0	8.5548570E+0	8.6311680E+0
0.255	1.4373015E+0	1.9278318E+0	2.9340738E+0	8.2949010E+0	8.5468590E+0	8.6051220E+0
0.270	1.5044706E+0	2.0181537E+0	3.0729570E+0	8.2325610E+0	8.5409250E+0	8.5779420E+0
0.285	1.5689172E+0	2.1042303E+0	3.2079780E+0	8.1676050E+0	8.5366320E+0	8.5498290E+0
0.300	1.6305600E+0	2.1862191E+0	3.3392640E+0	8.1002850E+0	8.5210110E+0	8.5335150E+0
0.315	1.6893291E+0	2.2643844E+0	3.4669410E+0	8.0308650E+0	8.4917280E+0	8.5310970E+0
0.330	1.7451672E+0	2.3390781E+0	3.5911320E+0	7.9596330E+0	8.4622320E+0	8.5289310E+0
0.345	1.7980296E+0	2.4107100E+0	3.7119540E+0	7.8868950E+0	8.4327780E+0	8.5266210E+0
0.360	1.8478854E+0	2.4797139E+0	3.8295330E+0	7.8129750E+0	8.4036180E+0	8.5238550E+0
0.375	1.8947187E+0	2.5465074E+0	3.9439830E+0	7.7382000E+0	8.3750010E+0	8.5204110E+0
0.390	1.9385271E+0	2.6114556E+0	4.0554330E+0	7.6629180E+0	8.3471550E+0	8.5161630E+0
0.405	1.9793247E+0	2.6748339E+0	4.1640180E+0	7.5874680E+0	8.3202870E+0	8.5110810E+0
0.420	2.0171388E+0	2.7368013E+0	4.2698940E+0	7.5121920E+0	8.2945800E+0	8.5052160E+0
0.435	2.0520120E+0	2.7973815E+0	4.3732350E+0	7.4374200E+0	8.2701900E+0	8.4986880E+0
0.450	2.0840007E+0	2.8564575E+0	4.4742330E+0	7.3634580E+0	8.2472370E+0	8.4916590E+0
0.465	2.1131736E+0	2.9137803E+0	4.5731010E+0	7.2905910E+0	8.2258110E+0	8.4843120E+0
0.480	2.1396120E+0	2.9689884E+0	4.6700670E+0	7.2190650E+0	8.2059630E+0	8.4768210E+0
0.495	2.1634056E+0	3.0216390E+0	4.7653710E+0	7.1490840E+0	8.1877140E+0	8.4693480E+0
0.510	2.1846534E+0	3.0712440E+0	4.8592470E+0	7.0808070E+0	8.1710520E+0	8.4620040E+0
0.525	2.2034598E+0	3.1173210E+0	4.9519230E+0	7.0143420E+0	8.1559380E+0	8.4548490E+0
0.540	2.2199337E+0	3.1594140E+0	5.0436000E+0	6.9497550E+0	8.1423060E+0	8.4478800E+0
0.555	2.2341852E+0	3.1971390E+0	5.1344520E+0	6.8870760E+0	8.1300690E+0	8.4410430E+0
0.570	2.2463250E+0	3.2302110E+0	5.2246080E+0	6.8263290E+0	8.1191280E+0	8.4342240E+0
0.585	2.2564611E+0	3.2584260E+0	5.3141460E+0	6.7675410E+0	8.1093720E+0	8.4272640E+0
0.600	2.2646982E+0	3.2816820E+0	5.4030990E+0	6.7107870E+0	8.1006780E+0	8.4199740E+0
0.615	2.2711365E+0	3.2999370E+0	5.4914430E+0	6.6562200E+0	8.0929290E+0	8.4121560E+0
0.630	2.2758705E+0	3.3131760E+0	5.5791150E+0	6.6041190E+0	8.0860080E+0	8.4036030E+0
0.645	2.2789896E+0	3.3213720E+0	5.6660130E+0	6.5549250E+0	8.0797980E+0	8.3941290E+0
0.660	2.2805784E+0	3.3244260E+0	5.7519960E+0	6.5092530E+0	8.0741970E+0	8.3835810E+0
0.675	2.2807173E+0	3.3221310E+0	5.8369140E+0	6.4679220E+0	8.0691150E+0	8.3718330E+0
0.690	2.2794843E+0	3.3141390E+0	5.9206020E+0	6.4319370E+0	8.0644650E+0	8.3588100E+0
0.705	2.2769577E+0	3.2999640E+0	6.0028830E+0	6.4024350E+0	8.0601810E+0	8.3444910E+0
0.720	2.2732176E+0	3.2789970E+0	6.0835980E+0	6.3806340E+0	8.0562090E+0	8.3288940E+0
0.735	2.2683486E+0	3.2505840E+0	6.1625820E+0	6.3677100E+0	8.0525010E+0	8.3120880E+0
0.750	2.2624431E+0	3.2141100E+0	6.2396880E+0	6.3646740E+0	8.0490240E+0	8.2941720E+0
0.755	2.2602615E+0	3.2000730E+0	6.2649510E+0	6.3659910E+0	8.0479140E+0	8.2879770E+0
0.760	2.2579800E+0	3.1850790E+0	6.2899800E+0	6.3685080E+0	8.0468250E+0	8.2816800E+0
0.765	2.2556028E+0	3.1691130E+0	6.3147780E+0	6.3722340E+0	8.0457600E+0	8.2752840E+0
0.770	2.2531341E+0	3.1521780E+0	6.3393330E+0	6.3771690E+0	8.0447160E+0	8.2687980E+0
0.775	2.2505787E+0	3.1342740E+0	6.3636450E+0	6.3833190E+0	8.0436930E+0	8.2622310E+0
0.780	2.2479414E+0	3.1154040E+0	6.3877080E+0	6.3906750E+0	8.0426910E+0	8.2555830E+0
0.785	2.2452270E+0	3.0955770E+0	6.3992190E+0	6.4115130E+0	8.0417100E+0	8.2488660E+0
0.790	2.2424403E+0	3.0748140E+0	6.4089330E+0	6.4350570E+0	8.0407500E+0	8.2420830E+0
0.795	2.2395870E+0	3.0531330E+0	6.4197900E+0	6.4583370E+0	8.0398110E+0	8.2352430E+0
0.800	2.2366725E+0	3.0305610E+0	6.4317510E+0	6.4813410E+0	8.0388900E+0	8.2283520E+0
0.805	2.2337019E+0	3.0071250E+0	6.4447830E+0	6.5040690E+0	8.0379930E+0	8.2214160E+0
0.810	2.2306818E+0	2.9828673E+0	6.4588350E+0	6.5265120E+0	8.0371140E+0	8.2144440E+0
0.815	2.2276176E+0	2.9578245E+0	6.4738560E+0	6.5486610E+0	8.0362590E+0	8.2074420E+0
0.820	2.2245159E+0	2.9320440E+0	6.4897860E+0	6.5705130E+0	8.0354220E+0	8.2004190E+0
0.825	2.2213827E+0	2.9055759E+0	6.5065680E+0	6.5920560E+0	8.0346060E+0	8.1933810E+0
0.830	2.2182249E+0	2.8784757E+0	6.5241330E+0	6.6132840E+0	8.0338140E+0	8.1863340E+0
0.835	2.2150488E+0	2.8508025E+0	6.5424090E+0	6.6341850E+0	8.0330400E+0	8.1792900E+0
0.840	2.2118613E+0	2.8226190E+0	6.5613270E+0	6.6547530E+0	8.0322900E+0	8.1722520E+0
0.845	2.2086693E+0	2.7939927E+0	6.5808000E+0	6.6749790E+0	8.0315610E+0	8.1652320E+0
0.850	2.2054800E+0	2.7649941E+0	6.6007590E+0	6.6948450E+0	8.0308530E+0	8.1582360E+0
0.855	2.2023003E+0	2.7356967E+0	6.6211140E+0	6.7143450E+0	8.0301690E+0	8.1512730E+0
0.860	2.1991377E+0	2.7061773E+0	6.6417870E+0	6.7334640E+0	8.0295060E+0	8.1443520E+0
0.865	2.1959997E+0	2.6765160E+0	6.6626910E+0	6.7521900E+0	8.0288640E+0	8.1374820E+0
0.870	2.1928932E+0	2.6467950E+0	6.6837420E+0	6.7705080E+0	8.0282460E+0	8.1306750E+0
0.875	2.1898257E+0	2.6170992E+0	6.7048500E+0	6.7884000E+0	8.0276520E+0	8.1239400E+0
0.880	2.1868047E+0	2.5875153E+0	6.7259370E+0	6.8058510E+0	8.0270790E+0	8.1172860E+0
0.885	2.1838374E+0	2.5581327E+0	6.7469160E+0	6.8228430E+0	8.0265300E+0	8.1107250E+0
0.890	2.1809316E+0	2.5290417E+0	6.7677000E+0	6.8393610E+0	8.0260020E+0	8.1042720E+0
0.895	2.1780939E+0	2.5003344E+0	6.7882080E+0	6.8553810E+0	8.0254980E+0	8.0979390E+0
0.900	2.1753321E+0	2.4721047E+0	6.8083620E+0	6.8708850E+0	8.0250180E+0	8.0917380E+0
0.905	2.1726531E+0	2.4444465E+0	6.8280810E+0	6.8858520E+0	8.0245620E+0	8.0856840E+0
0.910	2.1700638E+0	2.4174552E+0	6.8472870E+0	6.9002580E+0	8.0241270E+0	8.0797890E+0
0.915	2.1675711E+0	2.3912256E+0	6.8659080E+0	6.9140820E+0	8.0237190E+0	8.0740740E+0
0.920	2.1651816E+0	2.3658528E+0	6.8838690E+0	6.9272970E+0	8.0233320E+0	8.0685510E+0
0.925	2.1629016E+0	2.3414316E+0	6.9011070E+0	6.9398820E+0	8.0229690E+0	8.0632380E+0
0.930	2.1607374E+0	2.3180553E+0	6.9175530E+0	6.9518130E+0	8.0226270E+0	8.0581530E+0
0.935	2.1586947E+0	2.2958163E+0	6.9331440E+0	6.9630630E+0	8.0223120E+0	8.0533140E+0
0.940	2.1567795E+0	2.2748037E+0	6.9478260E+0	6.9736050E+0	8.0220180E+0	8.0487360E+0
0.945	2.1549966E+0	2.2551051E+0	6.9615390E+0	6.9834180E+0	8.0217510E+0	8.0444400E+0
0.950	2.1533514E+0	2.2368042E+0	6.9742380E+0	6.9924780E+0	8.0215050E+0	8.0404440E+0
0.955	2.1518484E+0	2.2199802E+0	6.9858690E+0	7.0007550E+0	8.0212830E+0	8.0367630E+0
0.960	2.1504918E+0	2.2047087E+0	6.9963930E+0	7.0082340E+0	8.0210850E+0	8.0334180E+0
0.965	2.1492855E+0	2.1910581E+0	7.0057710E+0	7.0148880E+0	8.0209080E+0	8.0304240E+0
0.970	2.1482328E+0	2.1790926E+0	7.0139700E+0	7.0206990E+0	8.0207580E+0	8.0277930E+0
0.975	2.1473370E+0	2.1688680E+0	7.0209570E+0	7.0256490E+0	8.0206290E+0	8.0255430E+0
0.980	2.1466005E+0	2.1604335E+0	7.0267080E+0	7.0297200E+0	8.0205240E+0	8.0236830E+0
0.985	2.1460254E+0	2.1538299E+0	7.0312050E+0	7.0329030E+0	8.0204430E+0	8.0222250E+0
0.990	2.1456135E+0	2.1490896E+0	7.0344270E+0	7.0351830E+0	8.0203830E+0	8.0211780E+0
0.995	2.1453657E+0	2.1462360E+0	7.0363650E+0	7.0365570E+0	8.0203470E+0	8.0205480E+0
1.000	2.1452832E+0	2.1452832E+0	7.0370130E+0	7.0370130E+0	8.0203380E+0	8.0203380E+0