0.00	3.2921190E-12	3.2921190E-12	3.2921190E-12	8.8299540E+0	8.8299540E+0	8.8299540E+0
0.01	5.5983480E-2	5.5983480E-2	8.3861400E-2	8.8294140E+0	8.8294140E+0	8.8299270E+0
0.02	1.1193030E-1	1.1193030E-1	1.6771548E-1	8.8277940E+0	8.8277940E+0	8.8298430E+0
0.03	1.6780368E-1	1.6780368E-1	2.5155486E-1	8.8251030E+0	8.8251030E+0	8.8297050E+0
0.04	2.2356684E-1	2.2356684E-1	3.3537210E-1	8.8213470E+0	8.8213470E+0	8.8295040E+0
0.05	2.7918285E-1	2.7918285E-1	4.1916030E-1	8.8165380E+0	8.8165380E+0	8.8292400E+0
0.06	3.3461460E-1	3.3461460E-1	5.0291130E-1	8.8106940E+0	8.8106940E+0	8.8289070E+0
0.07	3.8982480E-1	3.8982480E-1	5.8661850E-1	8.8038330E+0	8.8038330E+0	8.8284990E+0
0.08	4.4477610E-1	4.4477610E-1	6.7027440E-1	8.7959760E+0	8.7959760E+0	8.8280070E+0
0.09	4.9943040E-1	4.9943040E-1	7.5387150E-1	8.7871500E+0	8.7871500E+0	8.8274220E+0
0.10	5.5374990E-1	5.5374990E-1	8.3740230E-1	8.7773850E+0	8.7773850E+0	8.8267350E+0
0.11	6.0769620E-1	6.0769620E-1	9.2085960E-1	8.7667080E+0	8.7667080E+0	8.8259370E+0
0.12	6.6123090E-1	6.6123090E-1	1.0042362E+0	8.7551610E+0	8.7551610E+0	8.8250160E+0
0.13	7.1431500E-1	7.1431500E-1	1.0875246E+0	8.7427770E+0	8.7427770E+0	8.8239570E+0
0.14	7.6690950E-1	7.6690950E-1	1.1707176E+0	8.7295950E+0	8.7295950E+0	8.8227510E+0
0.15	8.1897510E-1	8.1897510E-1	1.2538074E+0	8.7156600E+0	8.7156600E+0	8.8213830E+0
0.16	8.7047220E-1	8.7047220E-1	1.3367868E+0	8.7010170E+0	8.7010170E+0	8.8198380E+0
0.17	9.2136120E-1	9.2136120E-1	1.4196483E+0	8.6857140E+0	8.6857140E+0	8.8180980E+0
0.18	9.7160250E-1	9.7160250E-1	1.5023844E+0	8.6697990E+0	8.6697990E+0	8.8161540E+0
0.19	1.0211559E+0	1.0211559E+0	1.5849879E+0	8.6533230E+0	8.6533230E+0	8.8139850E+0
0.20	1.0699821E+0	1.0699821E+0	1.6674510E+0	8.6363400E+0	8.6363400E+0	8.8115760E+0
0.21	1.1180415E+0	1.1180415E+0	1.7497662E+0	8.6189040E+0	8.6189040E+0	8.8089120E+0
0.22	1.1652948E+0	1.1652948E+0	1.8319257E+0	8.6010660E+0	8.6010660E+0	8.8059720E+0
0.23	1.2117033E+0	1.2117033E+0	1.9139220E+0	8.5828890E+0	8.5828890E+0	8.8027470E+0
0.24	1.2572283E+0	1.2572283E+0	1.9957473E+0	8.5644240E+0	8.5644240E+0	8.7992100E+0
0.25	1.3018323E+0	1.3018323E+0	2.0773938E+0	8.5457280E+0	8.5457280E+0	8.7953550E+0
0.26	1.3454787E+0	1.3454787E+0	2.1588534E+0	8.5268640E+0	8.5268640E+0	8.7911550E+0
0.27	1.3881315E+0	1.3881315E+0	2.2401183E+0	8.5078830E+0	8.5078830E+0	8.7866010E+0
0.28	1.4297559E+0	1.4297559E+0	2.3211807E+0	8.4888450E+0	8.4888450E+0	8.7816750E+0
0.29	1.4703183E+0	1.4703183E+0	2.4020322E+0	8.4698040E+0	8.4698040E+0	8.7763560E+0
0.30	1.5097875E+0	1.5097875E+0	2.4826641E+0	8.4508170E+0	8.4508170E+0	8.7706350E+0
0.31	1.5481329E+0	1.5481329E+0	2.5630689E+0	8.4319350E+0	8.4319350E+0	8.7644940E+0
0.32	1.5853263E+0	1.5853263E+0	2.6432376E+0	8.4132120E+0	8.4132120E+0	8.7579180E+0
0.33	1.6213419E+0	1.6213419E+0	2.7231615E+0	8.3946990E+0	8.3946990E+0	8.7508950E+0
0.34	1.6561557E+0	1.6561557E+0	2.8028322E+0	8.3764410E+0	8.3764410E+0	8.7434070E+0
0.35	1.6897464E+0	1.6897464E+0	2.8822407E+0	8.3584890E+0	8.3584890E+0	8.7354450E+0
0.36	1.7220957E+0	1.7220957E+0	2.9613780E+0	8.3408820E+0	8.3408820E+0	8.7269940E+0
0.37	1.7531874E+0	1.7531874E+0	3.0402360E+0	8.3236620E+0	8.3236620E+0	8.7180450E+0
0.38	1.7830089E+0	1.7830089E+0	3.1188030E+0	8.3068680E+0	8.3068680E+0	8.7085860E+0
0.39	1.8115509E+0	1.8115509E+0	3.1970700E+0	8.2905330E+0	8.2905330E+0	8.6986080E+0
0.40	1.8388065E+0	1.8388065E+0	3.2750310E+0	8.2746870E+0	8.2746870E+0	8.6880990E+0
0.41	1.8647733E+0	1.8647733E+0	3.3526740E+0	8.2593630E+0	8.2593630E+0	8.6770500E+0
0.42	1.8894516E+0	1.8894516E+0	3.4299870E+0	8.2445790E+0	8.2445790E+0	8.6654580E+0
0.43	1.9128453E+0	1.9128453E+0	3.5069640E+0	8.2303590E+0	8.2303590E+0	8.6533110E+0
0.44	1.9349622E+0	1.9349622E+0	3.5835930E+0	8.2167180E+0	8.2167180E+0	8.6406030E+0
0.45	1.9558137E+0	1.9558137E+0	3.6598650E+0	8.2036710E+0	8.2036710E+0	8.6273340E+0
0.46	1.9754142E+0	1.9754142E+0	3.7357650E+0	8.1912270E+0	8.1912270E+0	8.6134920E+0
0.47	1.9937823E+0	1.9937823E+0	3.8112900E+0	8.1793890E+0	8.1793890E+0	8.5990800E+0
0.48	2.0109393E+0	2.0109393E+0	3.8864250E+0	8.1681630E+0	8.1681630E+0	8.5840890E+0
0.49	2.0269107E+0	2.0269107E+0	3.9611610E+0	8.1575430E+0	8.1575430E+0	8.5685190E+0
0.50	2.0417244E+0	2.0417244E+0	4.0354860E+0	8.1475320E+0	8.1475320E+0	8.5523700E+0
0.51	2.0554116E+0	2.0554116E+0	4.1093910E+0	8.1381150E+0	8.1381150E+0	8.5356360E+0
0.52	2.0680068E+0	2.0680068E+0	4.1828640E+0	8.1292830E+0	8.1292830E+0	8.5183230E+0
0.53	2.0795460E+0	2.0795460E+0	4.2558930E+0	8.1210240E+0	8.1210240E+0	8.5004250E+0
0.54	2.0900688E+0	2.0900688E+0	4.3284720E+0	8.1133200E+0	8.1133200E+0	8.4819450E+0
0.55	2.0996163E+0	2.0996163E+0	4.4005860E+0	8.1061560E+0	8.1061560E+0	8.4628860E+0
0.56	2.1082314E+0	2.1082314E+0	4.4722260E+0	8.0995080E+0	8.0995080E+0	8.4432480E+0
0.57	2.1159591E+0	2.1159591E+0	4.5433830E+0	8.0933580E+0	8.0933580E+0	8.4230310E+0
0.58	2.1228453E+0	2.1228453E+0	4.6140420E+0	8.0876790E+0	8.0876790E+0	8.4022410E+0
0.59	2.1289371E+0	2.1289371E+0	4.6841970E+0	8.0824500E+0	8.0824500E+0	8.3808780E+0
0.60	2.1342819E+0	2.1342819E+0	4.7538330E+0	8.0776410E+0	8.0776410E+0	8.3589450E+0
0.61	2.1389286E+0	2.1389286E+0	4.8229440E+0	8.0732280E+0	8.0732280E+0	8.3364450E+0
0.62	2.1429249E+0	2.1429249E+0	4.8915210E+0	8.0691840E+0	8.0691840E+0	8.3133840E+0
0.63	2.1463194E+0	2.1463194E+0	4.9595490E+0	8.0654820E+0	8.0654820E+0	8.2897650E+0
0.64	2.1491595E+0	2.1491595E+0	5.0270250E+0	8.0620980E+0	8.0620980E+0	8.2655880E+0
0.65	2.1514926E+0	2.1514926E+0	5.0939310E+0	8.0590050E+0	8.0590050E+0	8.2408590E+0
0.66	2.1533646E+0	2.1533646E+0	5.1602670E+0	8.0561760E+0	8.0561760E+0	8.2155810E+0
0.67	2.1548205E+0	2.1548205E+0	5.2260180E+0	8.0535870E+0	8.0535870E+0	8.1897570E+0
0.68	2.1559038E+0	2.1559038E+0	5.2911810E+0	8.0512170E+0	8.0512170E+0	8.1633930E+0
0.69	2.1566562E+0	2.1566562E+0	5.3557440E+0	8.0490390E+0	8.0490390E+0	8.1364890E+0
0.70	2.1571176E+0	2.1571176E+0	5.4196980E+0	8.0470350E+0	8.0470350E+0	8.1090480E+0
0.71	2.1573267E+0	2.1573267E+0	5.4830400E+0	8.0451840E+0	8.0451840E+0	8.0810760E+0
0.72	2.1573186E+0	2.1573186E+0	5.5457580E+0	8.0434680E+0	8.0434680E+0	8.0525700E+0
0.73	2.1571275E+0	2.1571275E+0	5.6078520E+0	8.0235390E+0	8.0418690E+0	8.0418690E+0
0.74	2.1567849E+0	2.1567849E+0	5.6693100E+0	7.9939770E+0	8.0403720E+0	8.0403720E+0
0.75	2.1563190E+0	2.1563190E+0	5.7301290E+0	7.9638930E+0	8.0389650E+0	8.0389650E+0
0.76	2.1557571E+0	2.1557571E+0	5.7903030E+0	7.9332810E+0	8.0376360E+0	8.0376360E+0
0.77	2.1551229E+0	2.1551229E+0	5.8498290E+0	7.9021470E+0	8.0363730E+0	8.0363730E+0
0.78	2.1544377E+0	2.1544377E+0	5.9087040E+0	7.8704910E+0	8.0351700E+0	8.0351700E+0
0.79	2.1537210E+0	2.1537210E+0	5.9669190E+0	7.8383100E+0	8.0340150E+0	8.0340150E+0
0.80	2.1529896E+0	2.1529896E+0	6.0244770E+0	7.8056040E+0	8.0329080E+0	8.0329080E+0
0.81	2.1522576E+0	2.1522576E+0	6.0813720E+0	7.7723730E+0	8.0318400E+0	8.0318400E+0
0.82	2.1515376E+0	2.1515376E+0	6.1376040E+0	7.7386170E+0	8.0308110E+0	8.0308110E+0
0.83	2.1508395E+0	2.1508395E+0	6.1931700E+0	7.7043300E+0	8.0298210E+0	8.0298210E+0
0.84	2.1501717E+0	2.1501717E+0	6.2480700E+0	7.6695150E+0	8.0288640E+0	8.0288640E+0
0.85	2.1495402E+0	2.1495402E+0	6.3023040E+0	7.6341630E+0	8.0279430E+0	8.0279430E+0
0.86	2.1489501E+0	2.1489501E+0	6.3558690E+0	7.5982770E+0	8.0270610E+0	8.0270610E+0
0.87	2.1484047E+0	2.1484047E+0	6.4087710E+0	7.5618480E+0	8.0262180E+0	8.0262180E+0
0.88	2.1479058E+0	2.1479058E+0	6.4610040E+0	7.5248790E+0	8.0254170E+0	8.0254170E+0
0.89	2.1474543E+0	2.1474543E+0	6.5125770E+0	7.4873580E+0	8.0246610E+0	8.0246610E+0
0.90	2.1470502E+0	2.1470502E+0	6.5634900E+0	7.4492850E+0	8.0239560E+0	8.0239560E+0
0.91	2.1466926E+0	2.1466926E+0	6.6137430E+0	7.4106570E+0	8.0233020E+0	8.0233020E+0
0.92	2.1463800E+0	2.1463800E+0	6.6633420E+0	7.3714650E+0	8.0227050E+0	8.0227050E+0
0.93	2.1461109E+0	2.1461109E+0	6.7122870E+0	7.3317030E+0	8.0221650E+0	8.0221650E+0
0.94	2.1458832E+0	2.1458832E+0	6.7605840E+0	7.2913710E+0	8.0216910E+0	8.0216910E+0
0.95	2.1456948E+0	2.1456948E+0	6.8082390E+0	7.2504570E+0	8.0212860E+0	8.0212860E+0
0.96	2.1455439E+0	2.1455439E+0	6.8552520E+0	7.2089610E+0	8.0209470E+0	8.0209470E+0
0.97	2.1454287E+0	2.1454287E+0	6.9016320E+0	7.1668740E+0	8.0206830E+0	8.0206830E+0
0.98	2.1453474E+0	2.1453474E+0	6.9473820E+0	7.1241900E+0	8.0204910E+0	8.0204910E+0
0.99	2.1452991E+0	2.1452991E+0	6.9925080E+0	7.0809060E+0	8.0203740E+0	8.0203740E+0
1.00	2.1452832E+0	2.1452832E+0	7.0370130E+0	7.0370130E+0	8.0203380E+0	8.0203380E+0