&general
 PREFIX = cubic_15nn_ndata200_ols
 MODE = opt
 NAT = 192
 NKD = 2; KD = Al N
 TOLERANCE = 1.0e-3
/

&optimize
 DFSET = DFSET_random
 FC2XML = supercell_0.01.xml

 LMODEL = ols
 NDATA = 200
/

&interaction
 NORDER = 2
/

&cutoff
 *-* None 10.7314
/

&cell
    1.88972612545783
    12.4541643706420     0.0000000000000     0.0000000000000
    -6.2270821853210    10.7856227278830     0.0000000000000
     0.0000000000000     0.0000000000000    14.9493478707229
/

&position
1     0.08333333333333     0.16666666666667     0.33300092202126
1     0.08333333333333     0.16666666666667     0.66633425535459
1     0.08333333333333     0.16666666666667     0.99966758868793
1     0.08333333333333     0.41666666666667     0.33300092202126
1     0.08333333333333     0.41666666666667     0.66633425535459
1     0.08333333333333     0.41666666666667     0.99966758868793
1     0.08333333333333     0.66666666666667     0.33300092202126
1     0.08333333333333     0.66666666666667     0.66633425535459
1     0.08333333333333     0.66666666666667     0.99966758868793
1     0.08333333333333     0.91666666666667     0.33300092202126
1     0.08333333333333     0.91666666666667     0.66633425535459
1     0.08333333333333     0.91666666666667     0.99966758868793
1     0.33333333333333     0.16666666666667     0.33300092202126
1     0.33333333333333     0.16666666666667     0.66633425535459
1     0.33333333333333     0.16666666666667     0.99966758868793
1     0.33333333333333     0.41666666666667     0.33300092202126
1     0.33333333333333     0.41666666666667     0.66633425535459
1     0.33333333333333     0.41666666666667     0.99966758868793
1     0.33333333333333     0.66666666666667     0.33300092202126
1     0.33333333333333     0.66666666666667     0.66633425535459
1     0.33333333333333     0.66666666666667     0.99966758868793
1     0.33333333333333     0.91666666666667     0.33300092202126
1     0.33333333333333     0.91666666666667     0.66633425535459
1     0.33333333333333     0.91666666666667     0.99966758868793
1     0.58333333333333     0.16666666666667     0.33300092202126
1     0.58333333333333     0.16666666666667     0.66633425535459
1     0.58333333333333     0.16666666666667     0.99966758868793
1     0.58333333333333     0.41666666666667     0.33300092202126
1     0.58333333333333     0.41666666666667     0.66633425535459
1     0.58333333333333     0.41666666666667     0.99966758868793
1     0.58333333333333     0.66666666666667     0.33300092202126
1     0.58333333333333     0.66666666666667     0.66633425535459
1     0.58333333333333     0.66666666666667     0.99966758868793
1     0.58333333333333     0.91666666666667     0.33300092202126
1     0.58333333333333     0.91666666666667     0.66633425535459
1     0.58333333333333     0.91666666666667     0.99966758868793
1     0.83333333333333     0.16666666666667     0.33300092202126
1     0.83333333333333     0.16666666666667     0.66633425535459
1     0.83333333333333     0.16666666666667     0.99966758868793
1     0.83333333333333     0.41666666666667     0.33300092202126
1     0.83333333333333     0.41666666666667     0.66633425535459
1     0.83333333333333     0.41666666666667     0.99966758868793
1     0.83333333333333     0.66666666666667     0.33300092202126
1     0.83333333333333     0.66666666666667     0.66633425535459
1     0.83333333333333     0.66666666666667     0.99966758868793
1     0.83333333333333     0.91666666666667     0.33300092202126
1     0.83333333333333     0.91666666666667     0.66633425535459
1     0.83333333333333     0.91666666666667     0.99966758868793
1     0.16666666666667     0.08333333333333     0.16633425535459
1     0.16666666666667     0.08333333333333     0.49966758868793
1     0.16666666666667     0.08333333333333     0.83300092202126
1     0.16666666666667     0.33333333333333     0.16633425535459
1     0.16666666666667     0.33333333333333     0.49966758868793
1     0.16666666666667     0.33333333333333     0.83300092202126
1     0.16666666666667     0.58333333333333     0.16633425535459
1     0.16666666666667     0.58333333333333     0.49966758868793
1     0.16666666666667     0.58333333333333     0.83300092202126
1     0.16666666666667     0.83333333333333     0.16633425535459
1     0.16666666666667     0.83333333333333     0.49966758868793
1     0.16666666666667     0.83333333333333     0.83300092202126
1     0.41666666666667     0.08333333333333     0.16633425535459
1     0.41666666666667     0.08333333333333     0.49966758868793
1     0.41666666666667     0.08333333333333     0.83300092202126
1     0.41666666666667     0.33333333333333     0.16633425535459
1     0.41666666666667     0.33333333333333     0.49966758868793
1     0.41666666666667     0.33333333333333     0.83300092202126
1     0.41666666666667     0.58333333333333     0.16633425535459
1     0.41666666666667     0.58333333333333     0.49966758868793
1     0.41666666666667     0.58333333333333     0.83300092202126
1     0.41666666666667     0.83333333333333     0.16633425535459
1     0.41666666666667     0.83333333333333     0.49966758868793
1     0.41666666666667     0.83333333333333     0.83300092202126
1     0.66666666666667     0.08333333333333     0.16633425535459
1     0.66666666666667     0.08333333333333     0.49966758868793
1     0.66666666666667     0.08333333333333     0.83300092202126
1     0.66666666666667     0.33333333333333     0.16633425535459
1     0.66666666666667     0.33333333333333     0.49966758868793
1     0.66666666666667     0.33333333333333     0.83300092202126
1     0.66666666666667     0.58333333333333     0.16633425535459
1     0.66666666666667     0.58333333333333     0.49966758868793
1     0.66666666666667     0.58333333333333     0.83300092202126
1     0.66666666666667     0.83333333333333     0.16633425535459
1     0.66666666666667     0.83333333333333     0.49966758868793
1     0.66666666666667     0.83333333333333     0.83300092202126
1     0.91666666666667     0.08333333333333     0.16633425535459
1     0.91666666666667     0.08333333333333     0.49966758868793
1     0.91666666666667     0.08333333333333     0.83300092202126
1     0.91666666666667     0.33333333333333     0.16633425535459
1     0.91666666666667     0.33333333333333     0.49966758868793
1     0.91666666666667     0.33333333333333     0.83300092202126
1     0.91666666666667     0.58333333333333     0.16633425535459
1     0.91666666666667     0.58333333333333     0.49966758868793
1     0.91666666666667     0.58333333333333     0.83300092202126
1     0.91666666666667     0.83333333333333     0.16633425535459
1     0.91666666666667     0.83333333333333     0.49966758868793
1     0.91666666666667     0.83333333333333     0.83300092202126
2     0.08333333333333     0.16666666666667     0.12699907797874
2     0.08333333333333     0.16666666666667     0.46033241131207
2     0.08333333333333     0.16666666666667     0.79366574464541
2     0.08333333333333     0.41666666666667     0.12699907797874
2     0.08333333333333     0.41666666666667     0.46033241131207
2     0.08333333333333     0.41666666666667     0.79366574464541
2     0.08333333333333     0.66666666666667     0.12699907797874
2     0.08333333333333     0.66666666666667     0.46033241131207
2     0.08333333333333     0.66666666666667     0.79366574464541
2     0.08333333333333     0.91666666666667     0.12699907797874
2     0.08333333333333     0.91666666666667     0.46033241131207
2     0.08333333333333     0.91666666666667     0.79366574464541
2     0.33333333333333     0.16666666666667     0.12699907797874
2     0.33333333333333     0.16666666666667     0.46033241131207
2     0.33333333333333     0.16666666666667     0.79366574464541
2     0.33333333333333     0.41666666666667     0.12699907797874
2     0.33333333333333     0.41666666666667     0.46033241131207
2     0.33333333333333     0.41666666666667     0.79366574464541
2     0.33333333333333     0.66666666666667     0.12699907797874
2     0.33333333333333     0.66666666666667     0.46033241131207
2     0.33333333333333     0.66666666666667     0.79366574464541
2     0.33333333333333     0.91666666666667     0.12699907797874
2     0.33333333333333     0.91666666666667     0.46033241131207
2     0.33333333333333     0.91666666666667     0.79366574464541
2     0.58333333333333     0.16666666666667     0.12699907797874
2     0.58333333333333     0.16666666666667     0.46033241131207
2     0.58333333333333     0.16666666666667     0.79366574464541
2     0.58333333333333     0.41666666666667     0.12699907797874
2     0.58333333333333     0.41666666666667     0.46033241131207
2     0.58333333333333     0.41666666666667     0.79366574464541
2     0.58333333333333     0.66666666666667     0.12699907797874
2     0.58333333333333     0.66666666666667     0.46033241131207
2     0.58333333333333     0.66666666666667     0.79366574464541
2     0.58333333333333     0.91666666666667     0.12699907797874
2     0.58333333333333     0.91666666666667     0.46033241131207
2     0.58333333333333     0.91666666666667     0.79366574464541
2     0.83333333333333     0.16666666666667     0.12699907797874
2     0.83333333333333     0.16666666666667     0.46033241131207
2     0.83333333333333     0.16666666666667     0.79366574464541
2     0.83333333333333     0.41666666666667     0.12699907797874
2     0.83333333333333     0.41666666666667     0.46033241131207
2     0.83333333333333     0.41666666666667     0.79366574464541
2     0.83333333333333     0.66666666666667     0.12699907797874
2     0.83333333333333     0.66666666666667     0.46033241131207
2     0.83333333333333     0.66666666666667     0.79366574464541
2     0.83333333333333     0.91666666666667     0.12699907797874
2     0.83333333333333     0.91666666666667     0.46033241131207
2     0.83333333333333     0.91666666666667     0.79366574464541
2     0.16666666666667     0.08333333333333     0.29366574464541
2     0.16666666666667     0.08333333333333     0.62699907797874
2     0.16666666666667     0.08333333333333     0.96033241131207
2     0.16666666666667     0.33333333333333     0.29366574464541
2     0.16666666666667     0.33333333333333     0.62699907797874
2     0.16666666666667     0.33333333333333     0.96033241131207
2     0.16666666666667     0.58333333333333     0.29366574464541
2     0.16666666666667     0.58333333333333     0.62699907797874
2     0.16666666666667     0.58333333333333     0.96033241131207
2     0.16666666666667     0.83333333333333     0.29366574464541
2     0.16666666666667     0.83333333333333     0.62699907797874
2     0.16666666666667     0.83333333333333     0.96033241131207
2     0.41666666666667     0.08333333333333     0.29366574464541
2     0.41666666666667     0.08333333333333     0.62699907797874
2     0.41666666666667     0.08333333333333     0.96033241131207
2     0.41666666666667     0.33333333333333     0.29366574464541
2     0.41666666666667     0.33333333333333     0.62699907797874
2     0.41666666666667     0.33333333333333     0.96033241131207
2     0.41666666666667     0.58333333333333     0.29366574464541
2     0.41666666666667     0.58333333333333     0.62699907797874
2     0.41666666666667     0.58333333333333     0.96033241131207
2     0.41666666666667     0.83333333333333     0.29366574464541
2     0.41666666666667     0.83333333333333     0.62699907797874
2     0.41666666666667     0.83333333333333     0.96033241131207
2     0.66666666666667     0.08333333333333     0.29366574464541
2     0.66666666666667     0.08333333333333     0.62699907797874
2     0.66666666666667     0.08333333333333     0.96033241131207
2     0.66666666666667     0.33333333333333     0.29366574464541
2     0.66666666666667     0.33333333333333     0.62699907797874
2     0.66666666666667     0.33333333333333     0.96033241131207
2     0.66666666666667     0.58333333333333     0.29366574464541
2     0.66666666666667     0.58333333333333     0.62699907797874
2     0.66666666666667     0.58333333333333     0.96033241131207
2     0.66666666666667     0.83333333333333     0.29366574464541
2     0.66666666666667     0.83333333333333     0.62699907797874
2     0.66666666666667     0.83333333333333     0.96033241131207
2     0.91666666666667     0.08333333333333     0.29366574464541
2     0.91666666666667     0.08333333333333     0.62699907797874
2     0.91666666666667     0.08333333333333     0.96033241131207
2     0.91666666666667     0.33333333333333     0.29366574464541
2     0.91666666666667     0.33333333333333     0.62699907797874
2     0.91666666666667     0.33333333333333     0.96033241131207
2     0.91666666666667     0.58333333333333     0.29366574464541
2     0.91666666666667     0.58333333333333     0.62699907797874
2     0.91666666666667     0.58333333333333     0.96033241131207
2     0.91666666666667     0.83333333333333     0.29366574464541
2     0.91666666666667     0.83333333333333     0.62699907797874
2     0.91666666666667     0.83333333333333     0.96033241131207
/

