&general
 PREFIX = harmonic881
 MODE = opt
 NAT = 192
 NKD = 2; KD = Mo Se 
 TOLERANCE = 1.0e-3
 FCSYM_BASIS = C
/

&optimize
 DFSET = DFSET_harm450
/

&interaction
 NORDER = 1
/

&cutoff
 *-* None
/

&cell
    1.88972612545783
    26.1606189603827     0.0000000000000     0.0000000000000
   -13.0803094801914    22.6557605984162     0.0000000000000
     0.0000000000000     0.0000000000000    18.3452318200640
/

&position
   1     0.00000000000000     0.00000000000000     0.50000000000000
   1     0.00000000000000     0.12500000000000     0.50000000000000
   1     0.00000000000000     0.25000000000000     0.50000000000000
   1     0.00000000000000     0.37500000000000     0.50000000000000
   1     0.00000000000000     0.50000000000000     0.50000000000000
   1     0.00000000000000     0.62500000000000     0.50000000000000
   1     0.00000000000000     0.75000000000000     0.50000000000000
   1     0.00000000000000     0.87500000000000     0.50000000000000
   1     0.12500000000000     0.00000000000000     0.50000000000000
   1     0.12500000000000     0.12500000000000     0.50000000000000
   1     0.12500000000000     0.25000000000000     0.50000000000000
   1     0.12500000000000     0.37500000000000     0.50000000000000
   1     0.12500000000000     0.50000000000000     0.50000000000000
   1     0.12500000000000     0.62500000000000     0.50000000000000
   1     0.12500000000000     0.75000000000000     0.50000000000000
   1     0.12500000000000     0.87500000000000     0.50000000000000
   1     0.25000000000000     0.00000000000000     0.50000000000000
   1     0.25000000000000     0.12500000000000     0.50000000000000
   1     0.25000000000000     0.25000000000000     0.50000000000000
   1     0.25000000000000     0.37500000000000     0.50000000000000
   1     0.25000000000000     0.50000000000000     0.50000000000000
   1     0.25000000000000     0.62500000000000     0.50000000000000
   1     0.25000000000000     0.75000000000000     0.50000000000000
   1     0.25000000000000     0.87500000000000     0.50000000000000
   1     0.37500000000000     0.00000000000000     0.50000000000000
   1     0.37500000000000     0.12500000000000     0.50000000000000
   1     0.37500000000000     0.25000000000000     0.50000000000000
   1     0.37500000000000     0.37500000000000     0.50000000000000
   1     0.37500000000000     0.50000000000000     0.50000000000000
   1     0.37500000000000     0.62500000000000     0.50000000000000
   1     0.37500000000000     0.75000000000000     0.50000000000000
   1     0.37500000000000     0.87500000000000     0.50000000000000
   1     0.50000000000000     0.00000000000000     0.50000000000000
   1     0.50000000000000     0.12500000000000     0.50000000000000
   1     0.50000000000000     0.25000000000000     0.50000000000000
   1     0.50000000000000     0.37500000000000     0.50000000000000
   1     0.50000000000000     0.50000000000000     0.50000000000000
   1     0.50000000000000     0.62500000000000     0.50000000000000
   1     0.50000000000000     0.75000000000000     0.50000000000000
   1     0.50000000000000     0.87500000000000     0.50000000000000
   1     0.62500000000000     0.00000000000000     0.50000000000000
   1     0.62500000000000     0.12500000000000     0.50000000000000
   1     0.62500000000000     0.25000000000000     0.50000000000000
   1     0.62500000000000     0.37500000000000     0.50000000000000
   1     0.62500000000000     0.50000000000000     0.50000000000000
   1     0.62500000000000     0.62500000000000     0.50000000000000
   1     0.62500000000000     0.75000000000000     0.50000000000000
   1     0.62500000000000     0.87500000000000     0.50000000000000
   1     0.75000000000000     0.00000000000000     0.50000000000000
   1     0.75000000000000     0.12500000000000     0.50000000000000
   1     0.75000000000000     0.25000000000000     0.50000000000000
   1     0.75000000000000     0.37500000000000     0.50000000000000
   1     0.75000000000000     0.50000000000000     0.50000000000000
   1     0.75000000000000     0.62500000000000     0.50000000000000
   1     0.75000000000000     0.75000000000000     0.50000000000000
   1     0.75000000000000     0.87500000000000     0.50000000000000
   1     0.87500000000000     0.00000000000000     0.50000000000000
   1     0.87500000000000     0.12500000000000     0.50000000000000
   1     0.87500000000000     0.25000000000000     0.50000000000000
   1     0.87500000000000     0.37500000000000     0.50000000000000
   1     0.87500000000000     0.50000000000000     0.50000000000000
   1     0.87500000000000     0.62500000000000     0.50000000000000
   1     0.87500000000000     0.75000000000000     0.50000000000000
   1     0.87500000000000     0.87500000000000     0.50000000000000
   2     0.04166666666667     0.08333333333333     0.59076650096830
   2     0.04166666666667     0.20833333333333     0.59076650096830
   2     0.04166666666667     0.33333333333333     0.59076650096830
   2     0.04166666666667     0.45833333333333     0.59076650096830
   2     0.04166666666667     0.58333333333333     0.59076650096830
   2     0.04166666666667     0.70833333333333     0.59076650096830
   2     0.04166666666667     0.83333333333333     0.59076650096830
   2     0.04166666666667     0.95833333333333     0.59076650096830
   2     0.16666666666667     0.08333333333333     0.59076650096830
   2     0.16666666666667     0.20833333333333     0.59076650096830
   2     0.16666666666667     0.33333333333333     0.59076650096830
   2     0.16666666666667     0.45833333333333     0.59076650096830
   2     0.16666666666667     0.58333333333333     0.59076650096830
   2     0.16666666666667     0.70833333333333     0.59076650096830
   2     0.16666666666667     0.83333333333333     0.59076650096830
   2     0.16666666666667     0.95833333333333     0.59076650096830
   2     0.29166666666667     0.08333333333333     0.59076650096830
   2     0.29166666666667     0.20833333333333     0.59076650096830
   2     0.29166666666667     0.33333333333333     0.59076650096830
   2     0.29166666666667     0.45833333333333     0.59076650096830
   2     0.29166666666667     0.58333333333333     0.59076650096830
   2     0.29166666666667     0.70833333333333     0.59076650096830
   2     0.29166666666667     0.83333333333333     0.59076650096830
   2     0.29166666666667     0.95833333333333     0.59076650096830
   2     0.41666666666667     0.08333333333333     0.59076650096830
   2     0.41666666666667     0.20833333333333     0.59076650096830
   2     0.41666666666667     0.33333333333333     0.59076650096830
   2     0.41666666666667     0.45833333333333     0.59076650096830
   2     0.41666666666667     0.58333333333333     0.59076650096830
   2     0.41666666666667     0.70833333333333     0.59076650096830
   2     0.41666666666667     0.83333333333333     0.59076650096830
   2     0.41666666666667     0.95833333333333     0.59076650096830
   2     0.54166666666667     0.08333333333333     0.59076650096830
   2     0.54166666666667     0.20833333333333     0.59076650096830
   2     0.54166666666667     0.33333333333333     0.59076650096830
   2     0.54166666666667     0.45833333333333     0.59076650096830
   2     0.54166666666667     0.58333333333333     0.59076650096830
   2     0.54166666666667     0.70833333333333     0.59076650096830
   2     0.54166666666667     0.83333333333333     0.59076650096830
   2     0.54166666666667     0.95833333333333     0.59076650096830
   2     0.66666666666667     0.08333333333333     0.59076650096830
   2     0.66666666666667     0.20833333333333     0.59076650096830
   2     0.66666666666667     0.33333333333333     0.59076650096830
   2     0.66666666666667     0.45833333333333     0.59076650096830
   2     0.66666666666667     0.58333333333333     0.59076650096830
   2     0.66666666666667     0.70833333333333     0.59076650096830
   2     0.66666666666667     0.83333333333333     0.59076650096830
   2     0.66666666666667     0.95833333333333     0.59076650096830
   2     0.79166666666667     0.08333333333333     0.59076650096830
   2     0.79166666666667     0.20833333333333     0.59076650096830
   2     0.79166666666667     0.33333333333333     0.59076650096830
   2     0.79166666666667     0.45833333333333     0.59076650096830
   2     0.79166666666667     0.58333333333333     0.59076650096830
   2     0.79166666666667     0.70833333333333     0.59076650096830
   2     0.79166666666667     0.83333333333333     0.59076650096830
   2     0.79166666666667     0.95833333333333     0.59076650096830
   2     0.91666666666667     0.08333333333333     0.59076650096830
   2     0.91666666666667     0.20833333333333     0.59076650096830
   2     0.91666666666667     0.33333333333333     0.59076650096830
   2     0.91666666666667     0.45833333333333     0.59076650096830
   2     0.91666666666667     0.58333333333333     0.59076650096830
   2     0.91666666666667     0.70833333333333     0.59076650096830
   2     0.91666666666667     0.83333333333333     0.59076650096830
   2     0.91666666666667     0.95833333333333     0.59076650096830
   2     0.04166666666667     0.08333333333333     0.40923349903170
   2     0.04166666666667     0.20833333333333     0.40923349903170
   2     0.04166666666667     0.33333333333333     0.40923349903170
   2     0.04166666666667     0.45833333333333     0.40923349903170
   2     0.04166666666667     0.58333333333333     0.40923349903170
   2     0.04166666666667     0.70833333333333     0.40923349903170
   2     0.04166666666667     0.83333333333333     0.40923349903170
   2     0.04166666666667     0.95833333333333     0.40923349903170
   2     0.16666666666667     0.08333333333333     0.40923349903170
   2     0.16666666666667     0.20833333333333     0.40923349903170
   2     0.16666666666667     0.33333333333333     0.40923349903170
   2     0.16666666666667     0.45833333333333     0.40923349903170
   2     0.16666666666667     0.58333333333333     0.40923349903170
   2     0.16666666666667     0.70833333333333     0.40923349903170
   2     0.16666666666667     0.83333333333333     0.40923349903170
   2     0.16666666666667     0.95833333333333     0.40923349903170
   2     0.29166666666667     0.08333333333333     0.40923349903170
   2     0.29166666666667     0.20833333333333     0.40923349903170
   2     0.29166666666667     0.33333333333333     0.40923349903170
   2     0.29166666666667     0.45833333333333     0.40923349903170
   2     0.29166666666667     0.58333333333333     0.40923349903170
   2     0.29166666666667     0.70833333333333     0.40923349903170
   2     0.29166666666667     0.83333333333333     0.40923349903170
   2     0.29166666666667     0.95833333333333     0.40923349903170
   2     0.41666666666667     0.08333333333333     0.40923349903170
   2     0.41666666666667     0.20833333333333     0.40923349903170
   2     0.41666666666667     0.33333333333333     0.40923349903170
   2     0.41666666666667     0.45833333333333     0.40923349903170
   2     0.41666666666667     0.58333333333333     0.40923349903170
   2     0.41666666666667     0.70833333333333     0.40923349903170
   2     0.41666666666667     0.83333333333333     0.40923349903170
   2     0.41666666666667     0.95833333333333     0.40923349903170
   2     0.54166666666667     0.08333333333333     0.40923349903170
   2     0.54166666666667     0.20833333333333     0.40923349903170
   2     0.54166666666667     0.33333333333333     0.40923349903170
   2     0.54166666666667     0.45833333333333     0.40923349903170
   2     0.54166666666667     0.58333333333333     0.40923349903170
   2     0.54166666666667     0.70833333333333     0.40923349903170
   2     0.54166666666667     0.83333333333333     0.40923349903170
   2     0.54166666666667     0.95833333333333     0.40923349903170
   2     0.66666666666667     0.08333333333333     0.40923349903170
   2     0.66666666666667     0.20833333333333     0.40923349903170
   2     0.66666666666667     0.33333333333333     0.40923349903170
   2     0.66666666666667     0.45833333333333     0.40923349903170
   2     0.66666666666667     0.58333333333333     0.40923349903170
   2     0.66666666666667     0.70833333333333     0.40923349903170
   2     0.66666666666667     0.83333333333333     0.40923349903170
   2     0.66666666666667     0.95833333333333     0.40923349903170
   2     0.79166666666667     0.08333333333333     0.40923349903170
   2     0.79166666666667     0.20833333333333     0.40923349903170
   2     0.79166666666667     0.33333333333333     0.40923349903170
   2     0.79166666666667     0.45833333333333     0.40923349903170
   2     0.79166666666667     0.58333333333333     0.40923349903170
   2     0.79166666666667     0.70833333333333     0.40923349903170
   2     0.79166666666667     0.83333333333333     0.40923349903170
   2     0.79166666666667     0.95833333333333     0.40923349903170
   2     0.91666666666667     0.08333333333333     0.40923349903170
   2     0.91666666666667     0.20833333333333     0.40923349903170
   2     0.91666666666667     0.33333333333333     0.40923349903170
   2     0.91666666666667     0.45833333333333     0.40923349903170
   2     0.91666666666667     0.58333333333333     0.40923349903170
   2     0.91666666666667     0.70833333333333     0.40923349903170
   2     0.91666666666667     0.83333333333333     0.40923349903170
   2     0.91666666666667     0.95833333333333     0.40923349903170
/

